Date,Open,High,Low,Close,Adj Close,Volume
2001-12-18,3.299999952316284,3.299999952316284,3.299999952316284,3.299999952316284,3.2477848529815674,200
2002-02-14,3.1500000953674316,3.1500000953674316,3.1500000953674316,3.1500000953674316,3.100158452987671,100
2002-04-04,3.75,3.75,3.0,3.0,2.9525318145751953,50
2002-04-09,3.5999999046325684,3.5999999046325684,3.049999952316284,3.049999952316284,3.0017404556274414,100
2002-04-10,3.6500000953674316,3.6500000953674316,3.6500000953674316,3.6500000953674316,3.5922470092773438,2
2002-04-11,3.950000047683716,4.349999904632568,3.950000047683716,4.349999904632568,4.281170845031738,502
2002-04-12,5.199999809265137,5.199999809265137,3.5999999046325684,5.199999809265137,5.1177215576171875,1102
2002-04-15,6.199999809265137,6.199999809265137,4.5,4.5,4.428797721862793,1000
2002-04-16,5.349999904632568,5.400000095367432,5.349999904632568,5.400000095367432,5.314557075500488,6
2002-04-17,5.349999904632568,5.349999904632568,5.349999904632568,5.349999904632568,5.265347957611084,200
2002-04-18,6.199999809265137,6.400000095367432,6.0,6.400000095367432,6.298734188079834,1696
2002-04-19,5.349999904632568,6.400000095367432,5.349999904632568,6.400000095367432,6.298734188079834,3104
2002-04-22,7.150000095367432,7.150000095367432,7.150000095367432,7.150000095367432,7.036867141723633,4
2002-04-23,8.5,8.5,6.150000095367432,6.199999809265137,6.101898670196533,97
2002-04-24,6.400000095367432,6.400000095367432,6.400000095367432,6.400000095367432,6.298734188079834,100
2002-04-25,5.199999809265137,5.199999809265137,5.150000095367432,5.150000095367432,5.068512916564941,200
2002-04-26,6.0,6.0,5.0,5.0,4.920886039733887,200
2002-04-29,5.0,5.0,5.0,5.0,4.920886039733887,96
2002-05-02,5.300000190734863,5.300000190734863,5.300000190734863,5.300000190734863,5.216139316558838,500
2002-05-08,5.25,5.5,5.25,5.5,5.412974834442139,396
2002-05-10,6.199999809265137,6.199999809265137,4.449999809265137,4.449999809265137,4.379588603973389,100
2002-05-14,5.25,5.25,5.25,5.25,5.166930675506592,100
2002-05-17,4.25,4.25,4.25,4.25,4.182753086090088,300
2002-05-20,4.0,4.900000095367432,4.0,4.900000095367432,4.8224687576293945,101
2002-05-22,5.849999904632568,5.849999904632568,5.849999904632568,5.849999904632568,5.757436752319336,1
2002-05-23,4.699999809265137,4.699999809265137,4.699999809265137,4.699999809265137,4.6256327629089355,500
2002-05-29,3.799999952316284,3.799999952316284,3.799999952316284,3.799999952316284,3.7398734092712402,100
2002-05-31,4.550000190734863,4.550000190734863,4.550000190734863,4.550000190734863,4.478006362915039,1
2002-06-03,5.150000095367432,5.150000095367432,5.150000095367432,5.150000095367432,5.068512916564941,1
2002-06-04,6.099999904632568,6.099999904632568,6.099999904632568,6.099999904632568,6.003480911254883,1
2002-06-05,7.150000095367432,7.150000095367432,6.800000190734863,6.800000190734863,6.6924052238464355,11
2002-06-12,6.0,6.0,5.449999809265137,5.5,5.412974834442139,401
2002-06-13,5.400000095367432,5.5,5.400000095367432,5.5,5.412974834442139,300
2002-06-18,6.349999904632568,6.349999904632568,6.349999904632568,6.349999904632568,6.249525547027588,2
2002-06-19,7.599999904632568,7.599999904632568,6.5,6.5,6.397151947021484,501
2002-06-20,7.449999809265137,7.449999809265137,5.25,5.25,5.166930675506592,601
2002-06-21,5.300000190734863,6.0,5.300000190734863,6.0,5.905063629150391,1500
2002-06-24,6.0,6.0,5.199999809265137,5.199999809265137,5.1177215576171875,650
2002-06-25,4.349999904632568,5.0,4.349999904632568,5.0,4.920886039733887,500
2002-06-26,4.5,5.5,4.25,5.5,5.412974834442139,304
2002-07-01,4.349999904632568,4.349999904632568,4.349999904632568,4.349999904632568,4.281170845031738,100
2002-07-02,4.5,5.199999809265137,4.5,4.5,4.428797721862793,1300
2002-07-03,4.5,5.0,4.5,5.0,4.920886039733887,2210
2002-07-04,5.0,5.349999904632568,5.0,5.349999904632568,5.265347957611084,2096
2002-07-05,5.0,5.5,4.599999904632568,5.199999809265137,5.1177215576171875,2500
2002-07-08,5.199999809265137,6.099999904632568,4.849999904632568,5.599999904632568,5.511392593383789,4200
2002-07-09,5.099999904632568,5.300000190734863,5.099999904632568,5.25,5.166930675506592,400
2002-07-10,4.400000095367432,4.400000095367432,4.349999904632568,4.349999904632568,4.281170845031738,2000
2002-07-12,4.5,4.5,4.099999904632568,4.25,4.182753086090088,400
2002-07-15,3.8499999046325684,3.8499999046325684,3.8499999046325684,3.8499999046325684,3.7890822887420654,100
2002-07-17,4.599999904632568,4.599999904632568,4.599999904632568,4.599999904632568,4.527215003967285,1000
2002-07-18,4.050000190734863,4.050000190734863,4.050000190734863,4.050000190734863,3.9859180450439453,100
2002-07-19,4.400000095367432,4.400000095367432,4.400000095367432,4.400000095367432,4.330379962921143,100
2002-07-23,3.6500000953674316,3.6500000953674316,3.5999999046325684,3.5999999046325684,3.5430378913879395,300
2002-07-24,3.950000047683716,3.950000047683716,3.950000047683716,3.950000047683716,3.887500047683716,100
2002-07-26,3.299999952316284,3.299999952316284,3.299999952316284,3.299999952316284,3.2477848529815674,400
2002-07-30,3.799999952316284,3.799999952316284,3.799999952316284,3.799999952316284,3.7398734092712402,500
2002-08-02,3.950000047683716,3.950000047683716,3.950000047683716,3.950000047683716,3.887500047683716,400
2002-08-05,3.950000047683716,4.349999904632568,3.4000000953674316,4.349999904632568,4.281170845031738,702
2002-08-06,3.5,3.5,3.5,3.5,3.444620370864868,200
2002-08-07,3.950000047683716,4.0,3.950000047683716,4.0,3.936708927154541,200
2002-08-09,4.449999809265137,4.5,4.449999809265137,4.5,4.428797721862793,300
2002-08-12,4.5,4.800000190734863,4.0,4.0,3.936708927154541,1100
2002-08-13,3.75,3.75,3.75,3.75,3.690664529800415,100
2002-08-16,3.75,4.5,3.75,4.5,4.428797721862793,600
2002-08-19,4.0,4.0,4.0,4.0,3.936708927154541,100
2002-08-21,4.599999904632568,4.599999904632568,4.599999904632568,4.599999904632568,4.527215003967285,400
2002-08-23,4.800000190734863,4.800000190734863,4.800000190734863,4.800000190734863,4.724050998687744,200
2002-08-26,3.950000047683716,3.950000047683716,3.9000000953674316,3.950000047683716,3.887500047683716,700
2002-08-27,3.950000047683716,3.950000047683716,3.799999952316284,3.799999952316284,3.7398734092712402,700
2002-08-28,3.9000000953674316,3.9000000953674316,3.700000047683716,3.700000047683716,3.641455888748169,400
2002-09-04,3.75,3.75,3.75,3.75,3.690664529800415,500
2002-09-06,3.5,3.5,3.049999952316284,3.049999952316284,3.0017404556274414,600
2002-09-09,3.6500000953674316,3.6500000953674316,3.6500000953674316,3.6500000953674316,3.5922470092773438,100
2002-09-12,3.75,3.75,3.0,3.0,2.9525318145751953,500
2002-09-13,2.5,2.5,2.5,2.5,2.4604430198669434,500
2002-09-16,3.0,3.0,3.0,3.0,2.9525318145751953,1805
2002-09-17,2.5,3.0,2.5,2.5,2.4604430198669434,102
2002-09-18,3.0,3.0,2.549999952316284,2.549999952316284,2.5096518993377686,800
2002-09-19,2.9000000953674316,3.0,2.299999952316284,2.4000000953674316,2.362025499343872,12
2002-09-20,2.8499999046325684,2.8499999046325684,2.0999999046325684,2.0999999046325684,2.066771984100342,51
2002-09-24,2.0999999046325684,2.0999999046325684,2.0999999046325684,2.0999999046325684,2.066771984100342,700
2002-09-25,2.0,2.0,2.0,2.0,1.9683544635772705,100
2002-10-01,2.4000000953674316,2.4000000953674316,2.4000000953674316,2.4000000953674316,2.362025499343872,200
2002-10-04,2.799999952316284,2.8499999046325684,2.799999952316284,2.8499999046325684,2.8049049377441406,150
2002-10-18,3.3499999046325684,3.3499999046325684,3.3499999046325684,3.3499999046325684,3.2969937324523926,1
2002-10-24,2.700000047683716,3.0,2.700000047683716,3.0,2.9525318145751953,600
2002-10-25,3.549999952316284,3.549999952316284,2.450000047683716,2.450000047683716,2.4112343788146973,51
2002-10-28,2.0,2.0,2.0,2.0,1.9683544635772705,1000
2002-10-30,2.200000047683716,2.4000000953674316,2.200000047683716,2.4000000953674316,2.362025499343872,101
2002-11-01,1.9500000476837158,1.9500000476837158,1.9500000476837158,1.9500000476837158,1.9191457033157349,100
2002-11-11,1.9500000476837158,2.299999952316284,1.600000023841858,2.299999952316284,2.2636075019836426,200
2002-11-14,1.850000023841858,2.5999999046325684,1.850000023841858,2.549999952316284,2.5096518993377686,202
2002-11-15,2.9000000953674316,2.950000047683716,2.049999952316284,2.049999952316284,2.0175633430480957,800
2002-11-22,1.649999976158142,2.450000047683716,1.649999976158142,2.450000047683716,2.4112343788146973,200
2002-11-26,2.5,2.9000000953674316,2.5,2.8499999046325684,2.8049049377441406,203
2002-11-28,2.5,2.5,2.5,2.5,2.4604430198669434,100
2002-11-29,2.049999952316284,2.799999952316284,2.049999952316284,2.799999952316284,2.7556962966918945,1100
2002-12-02,2.25,2.25,2.25,2.25,2.2143988609313965,200
2002-12-04,2.700000047683716,2.700000047683716,2.700000047683716,2.700000047683716,2.657278537750244,200
2002-12-05,3.1500000953674316,3.1500000953674316,3.0999999046325684,3.0999999046325684,3.0509493350982666,2
2002-12-06,3.700000047683716,3.700000047683716,3.0,3.549999952316284,3.4938290119171143,193
2002-12-23,2.9000000953674316,2.9000000953674316,2.9000000953674316,2.9000000953674316,2.854114055633545,110
2002-12-27,2.4000000953674316,2.4000000953674316,2.4000000953674316,2.4000000953674316,2.362025499343872,100
2002-12-31,2.0,2.0,2.0,2.0,1.9683544635772705,200
2003-01-01,2.4000000953674316,2.4000000953674316,2.4000000953674316,2.4000000953674316,2.362025499343872,100
2003-01-03,2.3499999046325684,2.3499999046325684,2.3499999046325684,2.3499999046325684,2.3128163814544678,200
2003-01-06,2.799999952316284,2.799999952316284,2.799999952316284,2.799999952316284,2.7556962966918945,200
2003-01-07,3.299999952316284,3.299999952316284,3.299999952316284,3.299999952316284,3.2477848529815674,1
2003-01-10,2.700000047683716,2.700000047683716,2.700000047683716,2.700000047683716,2.657278537750244,300
2003-01-13,2.25,2.25,2.25,2.25,2.2143988609313965,100
2003-01-15,2.25,2.25,2.25,2.25,2.2143988609313965,200
2003-01-16,2.25,2.25,2.25,2.25,2.2143988609313965,900
2003-01-17,2.4000000953674316,2.700000047683716,2.25,2.25,2.2143988609313965,1800
2003-01-21,2.450000047683716,2.450000047683716,2.0,2.0,1.9683544635772705,500
2003-01-23,2.0,2.0,2.0,2.0,1.9683544635772705,100
2003-01-24,1.75,1.75,1.7000000476837158,1.7000000476837158,1.6731013059616089,500
2003-01-27,1.5,1.5,1.5,1.5,1.4762659072875977,100
2003-01-28,1.399999976158142,1.7999999523162842,1.399999976158142,1.7999999523162842,1.7715189456939697,1100
2003-01-30,2.1500000953674316,2.1500000953674316,2.1500000953674316,2.1500000953674316,2.115981101989746,500
2003-01-31,2.200000047683716,2.200000047683716,2.200000047683716,2.200000047683716,2.1651899814605713,400
2003-03-03,1.850000023841858,1.850000023841858,1.850000023841858,1.850000023841858,1.8207279443740845,200
2003-03-04,1.7000000476837158,1.7000000476837158,1.7000000476837158,1.7000000476837158,1.6731013059616089,300
2003-03-05,1.399999976158142,1.399999976158142,1.399999976158142,1.399999976158142,1.3778481483459473,2
2003-03-06,1.25,1.25,1.25,1.25,1.2302215099334717,100
2003-03-11,1.2000000476837158,1.2000000476837158,1.2000000476837158,1.2000000476837158,1.181012749671936,100
2003-03-12,1.0,1.2999999523162842,1.0,1.2999999523162842,1.2794303894042969,205
2003-03-20,1.100000023841858,1.100000023841858,1.100000023841858,1.100000023841858,1.0825949907302856,300
2003-03-27,0.8999999761581421,0.8999999761581421,0.8999999761581421,0.8999999761581421,0.8857594728469849,100
2003-04-15,0.8999999761581421,0.8999999761581421,0.8999999761581421,0.8999999761581421,0.8857594728469849,200
2003-04-23,1.0,1.0499999523162842,1.0,1.0499999523162842,1.033385992050171,300
2003-04-25,1.0499999523162842,1.0499999523162842,1.0499999523162842,1.0499999523162842,1.033385992050171,200
2003-04-28,1.0499999523162842,1.0499999523162842,1.0499999523162842,1.0499999523162842,1.033385992050171,200
2003-04-29,1.100000023841858,1.100000023841858,1.100000023841858,1.100000023841858,1.0825949907302856,100
2003-04-30,1.0499999523162842,1.0499999523162842,1.0499999523162842,1.0499999523162842,1.033385992050171,200
2003-05-06,1.149999976158142,1.149999976158142,1.149999976158142,1.149999976158142,1.1318037509918213,100
2003-05-07,1.350000023841858,1.350000023841858,1.350000023841858,1.350000023841858,1.328639268875122,200
2003-05-09,1.600000023841858,1.600000023841858,1.600000023841858,1.600000023841858,1.5746835470199585,200
2003-05-12,1.899999976158142,1.899999976158142,1.899999976158142,1.899999976158142,1.8699367046356201,300
2003-05-13,1.899999976158142,2.25,1.899999976158142,2.25,2.2143988609313965,1500
2003-05-14,2.700000047683716,2.700000047683716,2.700000047683716,2.700000047683716,2.657278537750244,1700
2003-05-15,3.200000047683716,3.200000047683716,3.200000047683716,3.200000047683716,3.149367094039917,1200
2003-05-16,2.75,3.450000047683716,2.75,3.450000047683716,3.395411491394043,500
2003-05-19,3.8499999046325684,4.099999904632568,3.8499999046325684,4.099999904632568,4.035126686096191,4049
2003-05-20,4.699999809265137,4.900000095367432,4.0,4.0,3.936708927154541,1300
2003-05-21,3.700000047683716,3.700000047683716,3.6500000953674316,3.6500000953674316,3.5922470092773438,1700
2003-05-22,3.950000047683716,4.0,3.5,3.5,3.444620370864868,800
2003-05-23,4.0,4.199999809265137,3.5999999046325684,4.0,3.936708927154541,4499
2003-05-26,4.0,4.0,4.0,4.0,3.936708927154541,1
2003-05-27,3.799999952316284,4.0,3.700000047683716,4.0,3.936708927154541,1600
2003-05-28,3.700000047683716,3.700000047683716,3.5,3.5,3.444620370864868,1100
2003-05-29,3.700000047683716,3.9000000953674316,3.700000047683716,3.75,3.690664529800415,3800
2003-05-30,3.799999952316284,3.8499999046325684,3.75,3.75,3.690664529800415,1799
2003-06-03,3.25,4.25,3.25,4.25,4.182753086090088,4050
2003-06-05,3.950000047683716,3.950000047683716,3.680000066757202,3.700000047683716,3.641455888748169,1300
2003-06-06,3.700000047683716,4.440000057220459,3.700000047683716,4.420000076293945,4.350063323974609,7200
2003-06-09,4.25,5.300000190734863,4.25,4.929999828338623,4.851993560791016,4105
2003-06-10,5.0,5.0,4.599999904632568,4.599999904632568,4.527215003967285,2600
2003-06-11,4.510000228881836,4.949999809265137,4.510000228881836,4.550000190734863,4.478006362915039,700
2003-06-12,5.449999809265137,5.449999809265137,4.309999942779541,4.400000095367432,4.330379962921143,4620
2003-06-13,4.460000038146973,4.460000038146973,4.25,4.25,4.182753086090088,700
2003-06-16,5.0,5.099999904632568,4.900000095367432,5.050000190734863,4.970095157623291,9300
2003-06-17,5.5,6.059999942779541,5.5,5.659999847412109,5.570443153381348,6048
2003-06-18,6.199999809265137,6.789999961853027,6.0,6.019999980926514,5.924746990203857,64449
2003-06-19,6.949999809265137,6.989999771118164,5.800000190734863,6.71999979019165,6.613670825958252,63011
2003-06-20,6.699999809265137,7.0,6.130000114440918,6.130000114440918,6.03300666809082,68400
2003-06-23,5.760000228881836,6.5,5.760000228881836,6.260000228881836,6.16094970703125,51993
2003-06-24,6.0,6.5,6.0,6.5,6.397151947021484,55100
2003-06-25,6.5,6.5,6.010000228881836,6.349999904632568,6.249525547027588,52900
2003-06-26,6.110000133514404,6.210000038146973,6.110000133514404,6.210000038146973,6.111740589141846,1200
2003-06-27,5.989999771118164,6.0,5.099999904632568,6.0,5.905063629150391,2600
2003-06-30,5.599999904632568,6.0,5.599999904632568,5.989999771118164,5.89522123336792,460
2003-07-01,5.599999904632568,6.0,5.550000190734863,5.550000190734863,5.462183952331543,2300
2003-07-02,5.510000228881836,5.510000228881836,5.5,5.5,5.412974834442139,1400
2003-07-03,5.5,5.5,5.25,5.25,5.166930675506592,5700
2003-07-04,5.449999809265137,5.449999809265137,5.449999809265137,5.449999809265137,5.363765716552734,500
2003-07-07,5.5,5.5,5.5,5.5,5.412974834442139,300
2003-07-08,5.599999904632568,5.949999809265137,5.5,5.5,5.412974834442139,900
2003-07-09,5.5,5.5,4.409999847412109,4.409999847412109,4.340221405029297,1400
2003-07-10,5.289999961853027,5.289999961853027,5.289999961853027,5.289999961853027,5.206297397613525,1130
2003-07-11,5.5,5.5,5.5,5.5,5.412974834442139,100
2003-07-14,5.260000228881836,5.260000228881836,5.199999809265137,5.230000019073486,5.147246837615967,2700
2003-07-16,5.25,5.25,5.25,5.25,5.166930675506592,300
2003-07-17,5.25,5.25,5.25,5.25,5.166930675506592,300
2003-07-18,5.25,5.25,5.25,5.25,5.166930675506592,1600
2003-07-21,5.25,5.25,5.25,5.25,5.166930675506592,2600
2003-07-22,5.25,5.25,5.25,5.25,5.166930675506592,100
2003-07-23,5.25,5.25,5.25,5.25,5.166930675506592,1000
2003-07-24,5.25,5.25,5.25,5.25,5.166930675506592,100
2003-07-25,4.519999980926514,5.25,4.519999980926514,5.25,5.166930675506592,300
2003-07-28,5.5,5.5,5.25,5.25,5.166930675506592,900
2003-07-29,5.25,5.75,5.25,5.75,5.6590189933776855,2000
2003-07-30,5.260000228881836,5.260000228881836,5.260000228881836,5.260000228881836,5.176772594451904,400
2003-07-31,5.260000228881836,5.849999904632568,5.260000228881836,5.849999904632568,5.757436752319336,600
2003-08-01,5.25,5.25,5.25,5.25,5.166930675506592,100
2003-08-04,5.25,5.5,5.25,5.25,5.166930675506592,4795
2003-08-05,5.300000190734863,5.650000095367432,5.25,5.650000095367432,5.560601234436035,3500
2003-08-06,6.5,6.5,5.5,5.5,5.412974834442139,75900
2003-08-07,5.5,5.900000095367432,5.5,5.599999904632568,5.511392593383789,4601
2003-08-08,5.5,5.5,4.489999771118164,5.25,5.166930675506592,1800
2003-08-11,5.25,5.25,5.25,5.25,5.166930675506592,700
2003-08-12,5.25,5.75,5.25,5.679999828338623,5.5901265144348145,3000
2003-08-13,5.300000190734863,5.5,5.25,5.25,5.166930675506592,7801
2003-08-14,5.25,5.699999809265137,5.0,5.0,4.920886039733887,6600
2003-08-18,5.699999809265137,5.900000095367432,5.699999809265137,5.900000095367432,5.80664587020874,4000
2003-08-19,6.25,6.25,5.260000228881836,5.260000228881836,5.176772594451904,5600
2003-08-20,5.5,6.099999904632568,5.260000228881836,5.5,5.412974834442139,2850
2003-08-21,5.400000095367432,5.75,5.380000114440918,5.75,5.6590189933776855,1500
2003-08-22,5.400000095367432,5.400000095367432,5.300000190734863,5.300000190734863,5.216139316558838,1450
2003-08-25,4.550000190734863,5.309999942779541,4.550000190734863,5.309999942779541,5.22598123550415,800
2003-08-26,5.460000038146973,5.5,5.460000038146973,5.5,5.412974834442139,1300
2003-08-27,6.0,6.0,5.309999942779541,5.400000095367432,5.314557075500488,1500
2003-08-28,5.5,5.5,5.300000190734863,5.300000190734863,5.216139316558838,3750
2003-08-29,5.300000190734863,5.349999904632568,5.25,5.349999904632568,5.265347957611084,1700
2003-09-01,5.400000095367432,6.0,5.400000095367432,5.949999809265137,5.855854511260986,3900
2003-09-02,5.25,5.75,5.25,5.5,5.412974834442139,2500
2003-09-03,5.300000190734863,5.5,5.260000228881836,5.5,5.412974834442139,3300
2003-09-04,5.260000228881836,5.349999904632568,5.260000228881836,5.260000228881836,5.176772594451904,700
2003-09-05,5.0,5.28000020980835,5.0,5.269999980926514,5.186614036560059,650
2003-09-08,5.25,6.0,5.25,5.400000095367432,5.314557075500488,7720
2003-09-09,5.25,5.5,5.25,5.5,5.412974834442139,3600
2003-09-10,5.25,5.5,5.25,5.5,5.412974834442139,2500
2003-09-11,5.25,5.25,5.25,5.25,5.166930675506592,400
2003-09-12,5.400000095367432,5.400000095367432,5.400000095367432,5.400000095367432,5.314557075500488,2000
2003-09-15,5.300000190734863,5.300000190734863,5.300000190734863,5.300000190734863,5.216139316558838,200
2003-09-16,5.25,5.269999980926514,5.25,5.269999980926514,5.186614036560059,4200
2003-09-17,5.309999942779541,5.309999942779541,5.309999942779541,5.309999942779541,5.22598123550415,1120
2003-09-18,5.25,5.25,5.25,5.25,5.166930675506592,1200
2003-09-19,5.25,5.25,5.25,5.25,5.166930675506592,500
2003-09-22,5.25,5.25,5.25,5.25,5.166930675506592,700
2003-09-23,5.25,5.25,5.25,5.25,5.166930675506592,600
2003-09-24,5.25,5.300000190734863,5.25,5.25,5.166930675506592,700
2003-09-25,5.25,5.25,5.25,5.25,5.166930675506592,2200
2003-09-26,5.25,5.25,5.25,5.25,5.166930675506592,600
2003-09-29,5.25,5.25,5.25,5.25,5.166930675506592,600
2003-09-30,5.25,5.25,5.25,5.25,5.166930675506592,700
2003-10-01,5.25,5.25,5.25,5.25,5.166930675506592,1900
2003-10-03,5.300000190734863,5.300000190734863,5.25,5.25,5.166930675506592,3600
2003-10-06,5.25,5.300000190734863,5.25,5.28000020980835,5.196455955505371,4000
2003-10-07,5.25,5.300000190734863,5.25,5.300000190734863,5.216139316558838,500
2003-10-09,5.260000228881836,6.0,5.25,5.25,5.166930675506592,1900
2003-10-10,5.25,5.25,5.25,5.25,5.166930675506592,300
2003-10-13,5.349999904632568,5.400000095367432,5.25,5.25,5.166930675506592,1900
2003-10-14,5.0,5.010000228881836,4.800000190734863,4.800000190734863,4.724050998687744,2400
2003-10-15,4.050000190734863,5.0,4.050000190734863,5.0,4.920886039733887,1300
2003-10-16,5.099999904632568,5.099999904632568,5.099999904632568,5.099999904632568,5.019303798675537,200
2003-10-17,5.0,5.0,5.0,5.0,4.920886039733887,400
2003-10-20,5.099999904632568,5.099999904632568,5.099999904632568,5.099999904632568,5.019303798675537,648
2003-10-21,5.050000190734863,5.050000190734863,5.0,5.050000190734863,4.970095157623291,900
2003-10-22,5.0,5.5,5.0,5.5,5.412974834442139,500
2003-10-23,5.0,5.099999904632568,5.0,5.099999904632568,5.019303798675537,2100
2003-10-27,4.809999942779541,4.809999942779541,4.809999942779541,4.809999942779541,4.733892440795898,300
2003-10-28,4.800000190734863,4.800000190734863,4.800000190734863,4.800000190734863,4.724050998687744,100
2003-10-29,5.449999809265137,5.659999847412109,5.449999809265137,5.659999847412109,5.570443153381348,800
2003-10-30,4.53000020980835,4.53000020980835,4.53000020980835,4.53000020980835,4.458323001861572,100
2003-11-03,3.7100000381469727,4.5,3.700000047683716,4.5,4.428797721862793,600
2003-11-04,4.5,4.510000228881836,4.5,4.510000228881836,4.4386396408081055,300
2003-11-05,4.5,4.510000228881836,4.5,4.510000228881836,4.4386396408081055,200
2003-11-06,4.5,4.5,4.5,4.5,4.428797721862793,500
2003-11-07,4.5,4.510000228881836,4.5,4.5,4.428797721862793,300
2003-11-10,4.5,4.5,4.5,4.5,4.428797721862793,100
2003-11-11,5.400000095367432,5.400000095367432,4.599999904632568,5.400000095367432,5.314557075500488,400
2003-11-12,4.5,5.0,4.5,5.0,4.920886039733887,700
2003-11-13,4.349999904632568,5.0,4.349999904632568,5.0,4.920886039733887,300
2003-11-18,5.0,5.0,5.0,5.0,4.920886039733887,400
2003-11-20,4.349999904632568,4.699999809265137,4.349999904632568,4.699999809265137,4.6256327629089355,600
2003-11-24,4.420000076293945,4.420000076293945,4.420000076293945,4.420000076293945,4.350063323974609,100
2003-11-25,4.650000095367432,5.079999923706055,4.599999904632568,5.079999923706055,4.99962043762207,1001
2003-11-27,5.0,5.0,4.460000038146973,4.989999771118164,4.911044120788574,2100
2003-11-28,4.599999904632568,4.599999904632568,4.460000038146973,4.460000038146973,4.389430522918701,800
2003-12-01,4.409999847412109,5.25,4.409999847412109,5.199999809265137,5.1177215576171875,2860
2003-12-02,4.5,5.0,4.449999809265137,4.550000190734863,4.478006362915039,1900
2003-12-03,4.550000190734863,5.400000095367432,4.550000190734863,5.400000095367432,5.314557075500488,1100
2003-12-04,4.559999942779541,4.559999942779541,4.559999942779541,4.559999942779541,4.487848281860352,100
2003-12-05,4.670000076293945,4.670000076293945,4.670000076293945,4.670000076293945,4.5961079597473145,100
2003-12-08,5.449999809265137,5.599999904632568,4.679999828338623,5.599999904632568,5.511392593383789,2200
2003-12-09,4.659999847412109,5.5,4.659999847412109,5.150000095367432,5.068512916564941,500
2003-12-10,5.199999809265137,5.5,5.199999809265137,5.5,5.412974834442139,400
2003-12-11,5.25,5.25,5.25,5.25,5.166930675506592,100
2003-12-12,5.5,5.75,5.050000190734863,5.699999809265137,5.609809875488281,2700
2003-12-15,5.75,6.019999980926514,5.75,6.019999980926514,5.924746990203857,1800
2003-12-16,5.260000228881836,6.300000190734863,5.260000228881836,6.300000190734863,6.200316905975342,500
2003-12-17,6.949999809265137,7.0,6.25,6.920000076293945,6.810506343841553,3502
2003-12-18,6.5,7.0,6.079999923706055,7.0,6.889240741729736,1400
2003-12-19,7.0,7.0,6.5,7.0,6.889240741729736,3300
2003-12-22,7.0,7.5,7.0,7.059999942779541,6.948291301727295,1400
2003-12-23,6.550000190734863,7.050000190734863,6.5,7.0,6.889240741729736,1400
2003-12-24,7.099999904632568,8.390000343322754,7.099999904632568,7.949999809265137,7.824208736419678,2250
2003-12-26,9.5,9.5,7.5,8.25,8.119462013244629,4448
2003-12-29,7.550000190734863,9.100000381469727,7.5,8.119999885559082,7.991518974304199,2400
2003-12-30,7.5,7.5,7.199999809265137,7.199999809265137,7.086075782775879,1100
2003-12-31,6.400000095367432,7.769999980926514,6.400000095367432,7.5,7.38132905960083,2400
2004-01-01,6.599999904632568,7.0,6.5,7.0,6.889240741729736,1600
2004-01-02,5.800000190734863,7.139999866485596,5.800000190734863,6.590000152587891,6.4857282638549805,2200
2004-01-05,6.039999961853027,6.349999904632568,6.019999980926514,6.179999828338623,6.082215309143066,600
2004-01-06,5.809999942779541,7.0,5.809999942779541,7.0,6.889240741729736,2200
2004-01-07,5.900000095367432,7.0,5.900000095367432,6.059999942779541,5.964114189147949,2802
2004-01-08,6.329999923706055,7.269999980926514,6.099999904632568,7.230000019073486,7.115601539611816,4200
2004-01-09,6.179999828338623,7.5,6.179999828338623,6.800000190734863,6.6924052238464355,2500
2004-01-12,7.449999809265137,7.880000114440918,6.550000190734863,7.300000190734863,7.1844940185546875,10655
2004-01-13,7.949999809265137,7.949999809265137,6.849999904632568,7.440000057220459,7.3222784996032715,1850
2004-01-14,7.0,7.010000228881836,6.510000228881836,6.909999847412109,6.80066442489624,3600
2004-01-15,6.519999980926514,6.519999980926514,6.519999980926514,6.519999980926514,6.416835308074951,500
2004-01-16,6.099999904632568,6.75,6.010000228881836,6.75,6.643196105957031,2000
2004-01-19,6.0,6.75,6.0,6.75,6.643196105957031,2700
2004-01-20,6.019999980926514,6.849999904632568,5.559999942779541,5.619999885559082,5.531075954437256,3000
2004-01-21,5.559999942779541,5.559999942779541,5.550000190734863,5.550000190734863,5.462183952331543,800
2004-01-22,5.130000114440918,5.599999904632568,5.110000133514404,5.599999904632568,5.511392593383789,1500
2004-01-23,6.179999828338623,6.199999809265137,6.179999828338623,6.190000057220459,6.092057228088379,1000
2004-01-27,5.449999809265137,5.800000190734863,5.380000114440918,5.380000114440918,5.2948737144470215,2900
2004-01-28,5.199999809265137,5.239999771118164,5.199999809265137,5.239999771118164,5.157088279724121,500
2004-01-29,5.110000133514404,5.110000133514404,5.0,5.0,4.920886039733887,2700
2004-01-30,4.349999904632568,4.559999942779541,4.349999904632568,4.510000228881836,4.4386396408081055,600
2004-02-03,4.099999904632568,4.190000057220459,4.099999904632568,4.190000057220459,4.123702526092529,500
2004-02-04,4.5,4.599999904632568,4.5,4.599999904632568,4.527215003967285,800
2004-02-05,4.900000095367432,4.900000095367432,4.800000190734863,4.800000190734863,4.724050998687744,2000
2004-02-06,4.659999847412109,5.0,4.659999847412109,5.0,4.920886039733887,700
2004-02-09,4.800000190734863,5.699999809265137,4.800000190734863,5.099999904632568,5.019303798675537,1000
2004-02-10,5.099999904632568,5.099999904632568,5.099999904632568,5.099999904632568,5.019303798675537,1000
2004-02-11,5.0,5.0,5.0,5.0,4.920886039733887,600
2004-02-12,5.010000228881836,5.010000228881836,5.0,5.0,4.920886039733887,300
2004-02-13,4.900000095367432,5.0,4.900000095367432,5.0,4.920886039733887,600
2004-02-16,5.0,5.0,5.0,5.0,4.920886039733887,500
2004-02-17,4.699999809265137,4.800000190734863,4.699999809265137,4.800000190734863,4.724050998687744,200
2004-02-18,4.599999904632568,4.699999809265137,4.599999904632568,4.699999809265137,4.6256327629089355,300
2004-02-19,4.699999809265137,4.849999904632568,4.699999809265137,4.849999904632568,4.77325963973999,200
2004-02-20,4.599999904632568,4.650000095367432,4.599999904632568,4.650000095367432,4.5764241218566895,200
2004-02-24,5.570000171661377,5.570000171661377,5.0,5.0,4.920886039733887,1210
2004-02-25,4.650000095367432,4.699999809265137,4.650000095367432,4.699999809265137,4.6256327629089355,500
2004-02-26,4.599999904632568,4.599999904632568,4.5,4.5,4.428797721862793,200
2004-02-27,4.599999904632568,4.599999904632568,4.599999904632568,4.599999904632568,4.527215003967285,600
2004-03-01,5.440000057220459,5.440000057220459,5.440000057220459,5.440000057220459,5.35392427444458,50
2004-03-03,4.760000228881836,4.760000228881836,4.75,4.75,4.67484188079834,1400
2004-03-04,4.75,5.400000095367432,4.630000114440918,4.630000114440918,4.556740760803223,4244
2004-03-05,4.699999809265137,4.699999809265137,4.699999809265137,4.699999809265137,4.6256327629089355,100
2004-03-08,4.599999904632568,4.599999904632568,4.599999904632568,4.599999904632568,4.527215003967285,1200
2004-03-10,4.75,4.75,4.75,4.75,4.67484188079834,100
2004-03-11,5.0,5.0,4.75,4.75,4.67484188079834,1000
2004-03-12,4.400000095367432,4.5,4.400000095367432,4.5,4.428797721862793,200
2004-03-15,5.0,5.0,4.409999847412109,4.440000057220459,4.369747161865234,3195
2004-03-16,4.5,5.260000228881836,4.5,4.880000114440918,4.8027849197387695,500
2004-03-18,4.5,4.5,4.5,4.5,4.428797721862793,200
2004-03-19,4.449999809265137,4.480000019073486,4.449999809265137,4.480000019073486,4.409113883972168,600
2004-03-22,4.449999809265137,4.5,4.449999809265137,4.5,4.428797721862793,1450
2004-03-23,4.400000095367432,4.400000095367432,4.400000095367432,4.400000095367432,4.330379962921143,300
2004-03-24,4.300000190734863,4.300000190734863,4.300000190734863,4.300000190734863,4.231962203979492,700
2004-03-25,4.300000190734863,4.300000190734863,4.300000190734863,4.300000190734863,4.231962203979492,800
2004-03-26,4.400000095367432,4.550000190734863,4.400000095367432,4.550000190734863,4.478006362915039,2600
2004-03-29,4.5,4.599999904632568,4.5,4.599999904632568,4.527215003967285,400
2004-04-01,4.53000020980835,4.53000020980835,4.53000020980835,4.53000020980835,4.458323001861572,100
2004-04-08,4.599999904632568,4.599999904632568,4.599999904632568,4.599999904632568,4.527215003967285,2000
2004-04-12,4.550000190734863,4.75,4.550000190734863,4.75,4.67484188079834,600
2004-04-13,4.550000190734863,5.0,4.550000190734863,4.599999904632568,4.527215003967285,2100
2004-04-15,4.599999904632568,4.599999904632568,4.599999904632568,4.599999904632568,4.527215003967285,100
2004-04-16,4.550000190734863,4.550000190734863,4.550000190734863,4.550000190734863,4.478006362915039,100
2004-04-19,4.75,4.75,4.75,4.75,4.67484188079834,200
2004-04-20,4.75,4.75,4.75,4.75,4.67484188079834,1200
2004-04-22,4.75,4.75,4.75,4.75,4.67484188079834,1300
2004-04-23,4.75,4.900000095367432,4.75,4.900000095367432,4.8224687576293945,400
2004-04-28,4.510000228881836,4.510000228881836,4.510000228881836,4.510000228881836,4.4386396408081055,100
2004-04-29,4.699999809265137,5.0,4.699999809265137,5.0,4.920886039733887,1700
2004-04-30,4.25,4.25,4.25,4.25,4.182753086090088,100
2004-05-03,5.099999904632568,5.099999904632568,4.449999809265137,4.449999809265137,4.379588603973389,700
2004-05-06,4.900000095367432,5.0,4.900000095367432,5.0,4.920886039733887,1100
2004-05-07,4.699999809265137,4.699999809265137,4.699999809265137,4.699999809265137,4.6256327629089355,125
2004-05-10,5.0,5.630000114440918,5.0,5.309999942779541,5.22598123550415,200
2004-05-12,5.0,5.639999866485596,4.650000095367432,4.78000020980835,4.704367160797119,1700
2004-05-14,4.599999904632568,4.599999904632568,4.599999904632568,4.599999904632568,4.527215003967285,200
2004-05-21,4.5,4.5,4.5,4.5,4.428797721862793,500
2004-05-24,4.300000190734863,4.300000190734863,4.300000190734863,4.300000190734863,4.231962203979492,500
2004-05-25,4.070000171661377,4.070000171661377,4.070000171661377,4.070000171661377,4.005601406097412,100
2004-05-26,4.150000095367432,4.25,4.150000095367432,4.25,4.182753086090088,200
2004-05-27,4.110000133514404,4.110000133514404,4.099999904632568,4.099999904632568,4.035126686096191,1100
2004-05-28,4.099999904632568,4.099999904632568,4.099999904632568,4.099999904632568,4.035126686096191,100
2004-06-02,3.799999952316284,3.799999952316284,3.799999952316284,3.799999952316284,3.7398734092712402,100
2004-06-03,4.550000190734863,4.550000190734863,4.550000190734863,4.550000190734863,4.478006362915039,500
2004-06-04,4.25,4.25,4.25,4.25,4.182753086090088,100
2004-06-07,3.759999990463257,4.25,3.759999990463257,4.25,4.182753086090088,750
2004-06-08,4.25,4.25,4.25,4.25,4.182753086090088,4500
2004-06-10,3.4600000381469727,3.4600000381469727,3.4600000381469727,3.4600000381469727,3.4052531719207764,100
2004-06-11,3.5,3.5,3.5,3.5,3.444620370864868,100
2004-06-15,3.25,3.25,3.25,3.25,3.198575973510742,100
2004-06-16,2.6600000858306885,2.6600000858306885,2.6600000858306885,2.6600000858306885,2.6179115772247314,100
2004-06-21,3.190000057220459,3.190000057220459,3.190000057220459,3.190000057220459,3.1395254135131836,200
2004-06-23,3.819999933242798,3.819999933242798,3.3499999046325684,3.380000114440918,3.326519250869751,400
2004-06-28,3.450000047683716,3.5999999046325684,3.450000047683716,3.5999999046325684,3.5430378913879395,200
2004-06-29,3.609999895095825,3.609999895095825,3.609999895095825,3.609999895095825,3.552879810333252,200
2004-06-30,3.640000104904175,4.0,3.640000104904175,3.7100000381469727,3.6512975692749023,1250
2004-07-01,4.0,4.349999904632568,4.0,4.349999904632568,4.281170845031738,200
2004-07-02,3.880000114440918,3.880000114440918,3.880000114440918,3.880000114440918,3.818607807159424,100
2004-07-06,3.869999885559082,3.869999885559082,3.869999885559082,3.869999885559082,3.8087658882141113,300
2004-07-07,3.869999885559082,3.869999885559082,3.869999885559082,3.869999885559082,3.8087658882141113,100
2004-07-08,3.9600000381469727,3.9600000381469727,3.9600000381469727,3.9600000381469727,3.8973419666290283,100
2004-07-13,4.110000133514404,4.110000133514404,4.110000133514404,4.110000133514404,4.044968605041504,100
2004-07-14,4.849999904632568,4.849999904632568,4.849999904632568,4.849999904632568,4.77325963973999,50
2004-07-15,4.210000038146973,5.190000057220459,4.210000038146973,5.190000057220459,5.107880115509033,255
2004-07-16,4.269999980926514,5.239999771118164,4.25,4.340000152587891,4.271329402923584,8650
2004-07-19,4.059999942779541,4.059999942779541,4.059999942779541,4.059999942779541,3.9957594871520996,100
2004-07-21,4.25,4.5,4.0,4.5,4.428797721862793,951
2004-07-23,3.609999895095825,4.099999904632568,3.609999895095825,4.099999904632568,4.035126686096191,600
2004-07-26,3.5199999809265137,4.699999809265137,3.5199999809265137,4.699999809265137,4.6256327629089355,3100
2004-07-27,3.8499999046325684,5.0,3.8499999046325684,5.0,4.920886039733887,2400
2004-07-28,5.0,5.550000190734863,5.0,5.0,4.920886039733887,1249
2004-07-29,5.5,5.900000095367432,5.199999809265137,5.840000152587891,5.747595310211182,5600
2004-07-30,6.630000114440918,6.630000114440918,5.949999809265137,6.050000190734863,5.954272270202637,4150
2004-08-02,6.5,6.5,6.0,6.0,5.905063629150391,2200
2004-08-03,5.5,5.880000114440918,5.5,5.880000114440918,5.786962032318115,3700
2004-08-04,5.449999809265137,5.599999904632568,5.420000076293945,5.599999904632568,5.511392593383789,1700
2004-08-05,5.5,5.5,5.5,5.5,5.412974834442139,200
2004-08-06,5.5,6.0,5.0,5.260000228881836,5.176772594451904,2100
2004-08-09,5.900000095367432,6.25,5.800000190734863,6.25,6.1511077880859375,5350
2004-08-10,6.25,6.739999771118164,5.619999885559082,6.420000076293945,6.318418025970459,5450
2004-08-11,5.849999904632568,6.5,5.849999904632568,6.5,6.397151947021484,950
2004-08-12,6.019999980926514,6.119999885559082,6.019999980926514,6.119999885559082,6.023164749145508,400
2004-08-13,6.110000133514404,6.75,6.110000133514404,6.619999885559082,6.515253067016602,1950
2004-08-16,6.21999979019165,6.550000190734863,6.21999979019165,6.550000190734863,6.446361064910889,900
2004-08-17,6.449999809265137,6.849999904632568,6.309999942779541,6.349999904632568,6.249525547027588,2950
2004-08-18,6.320000171661377,6.349999904632568,5.130000114440918,6.320000171661377,6.220000267028809,1500
2004-08-19,6.03000020980835,6.349999904632568,6.010000228881836,6.349999904632568,6.249525547027588,4600
2004-08-20,6.300000190734863,6.349999904632568,6.300000190734863,6.349999904632568,6.249525547027588,800
2004-08-23,6.400000095367432,6.400000095367432,6.269999980926514,6.309999942779541,6.210158348083496,1200
2004-08-24,6.349999904632568,6.610000133514404,6.25,6.420000076293945,6.318418025970459,3900
2004-08-25,6.599999904632568,6.75,6.320000171661377,6.71999979019165,6.613670825958252,2800
2004-08-26,6.75,6.75,6.699999809265137,6.699999809265137,6.593987464904785,2100
2004-08-27,6.369999885559082,6.900000095367432,6.369999885559082,6.570000171661377,6.4660444259643555,1100
2004-08-30,5.5,7.590000152587891,5.5,7.050000190734863,6.938449859619141,2910
2004-08-31,7.670000076293945,8.460000038146973,7.670000076293945,8.0600004196167,7.932468891143799,7762
2004-09-01,8.489999771118164,8.979999542236328,8.100000381469727,8.100000381469727,7.971836090087891,5910
2004-09-02,7.949999809265137,9.699999809265137,7.949999809265137,8.720000267028809,8.582025527954102,13540
2004-09-03,9.489999771118164,9.489999771118164,8.25,8.649999618530273,8.51313304901123,6202
2004-09-06,9.199999809265137,9.5,8.8100004196167,9.149999618530273,9.005221366882324,11454
2004-09-07,10.850000381469727,10.850000381469727,8.5,8.5,8.365506172180176,6435
2004-09-08,10.149999618530273,10.149999618530273,8.100000381469727,8.520000457763672,8.3851900100708,5605
2004-09-09,9.25,9.25,8.399999618530273,8.399999618530273,8.267087936401367,2603
2004-09-10,8.5,9.09000015258789,7.659999847412109,7.849999904632568,7.725790977478027,4257
2004-09-13,9.300000190734863,9.300000190734863,8.149999618530273,8.199999809265137,8.070253372192383,3400
2004-09-14,6.650000095367432,8.010000228881836,6.650000095367432,8.010000228881836,7.8832597732543945,3200
2004-09-15,9.609999656677246,9.609999656677246,8.300000190734863,8.300000190734863,8.168671607971191,10895
2004-09-16,9.0,9.0,8.100000381469727,8.109999656677246,7.981677055358887,610
2004-09-17,9.5,9.5,7.800000190734863,7.900000095367432,7.775000095367432,1070
2004-09-20,8.300000190734863,8.800000190734863,7.900000095367432,8.010000228881836,7.8832597732543945,1220
2004-09-21,8.0,8.470000267028809,7.769999980926514,8.300000190734863,8.168671607971191,830
2004-09-22,8.399999618530273,8.399999618530273,7.510000228881836,7.739999771118164,7.617531776428223,1590
2004-09-23,7.75,8.4399995803833,7.75,7.989999771118164,7.8635759353637695,1640
2004-09-24,7.900000095367432,8.319999694824219,7.900000095367432,8.0,7.873417854309082,3310
2004-09-27,8.239999771118164,8.239999771118164,7.920000076293945,7.929999828338623,7.804525375366211,450
2004-09-28,7.949999809265137,8.489999771118164,7.949999809265137,8.0600004196167,7.932468891143799,2080
2004-09-29,9.649999618530273,9.649999618530273,7.920000076293945,8.15999984741211,8.030885696411133,1110
2004-09-30,8.25,8.25,8.0,8.0,7.873417854309082,3600
2004-10-01,8.199999809265137,8.199999809265137,8.199999809265137,8.199999809265137,8.070253372192383,300
2004-10-04,8.010000228881836,8.4399995803833,8.010000228881836,8.010000228881836,7.8832597732543945,3400
2004-10-05,8.0,8.25,7.960000038146973,8.100000381469727,7.971836090087891,3140
2004-10-06,7.900000095367432,8.5,7.900000095367432,8.050000190734863,7.922626972198486,3725
2004-10-07,8.100000381469727,8.449999809265137,8.100000381469727,8.350000381469727,8.217880249023438,1890
2004-10-08,8.039999961853027,8.5,8.039999961853027,8.380000114440918,8.247405052185059,1553
2004-10-11,8.5,10.0,8.5,9.5,9.34968376159668,25038
2004-10-12,9.0,9.0,8.550000190734863,8.989999771118164,8.847753524780273,3510
2004-10-14,9.0,9.75,9.0,9.25,9.103639602661133,18850
2004-10-15,9.220000267028809,9.84000015258789,9.210000038146973,9.5,9.34968376159668,3160
2004-10-18,9.800000190734863,9.800000190734863,9.279999732971191,9.369999885559082,9.22174072265625,4160
2004-10-19,11.199999809265137,11.199999809265137,9.25,9.850000381469727,9.694146156311035,22830
2004-10-20,10.0,11.25,10.0,11.039999961853027,10.865316390991211,12422
2004-10-21,11.25,13.239999771118164,11.25,13.239999771118164,13.030506134033203,31822
2004-10-25,13.5,14.390000343322754,12.050000190734863,12.710000038146973,12.508893013000488,37899
2004-10-26,12.25,13.0,12.25,12.369999885559082,12.174272537231445,20600
2004-10-27,12.5,13.25,12.010000228881836,12.59000015258789,12.390791893005371,6908
2004-10-28,12.449999809265137,13.0,12.449999809265137,12.640000343322754,12.440000534057617,6264
2004-10-29,13.199999809265137,13.25,12.199999809265137,12.460000038146973,12.262847900390625,20120
2004-11-01,12.25,13.880000114440918,12.25,13.359999656677246,13.14860725402832,26003
2004-11-02,14.300000190734863,14.300000190734863,13.510000228881836,13.600000381469727,13.384810447692871,12701
2004-11-03,13.6899995803833,13.699999809265137,13.0,13.0,12.794303894042969,18474
2004-11-04,13.050000190734863,13.050000190734863,12.510000228881836,12.510000228881836,12.312057495117188,7986
2004-11-05,12.010000228881836,12.680000305175781,11.75,12.210000038146973,12.016803741455078,5012
2004-11-08,11.779999732971191,11.899999618530273,11.600000381469727,11.729999542236328,11.544398307800293,3100
2004-11-09,12.1899995803833,13.0,11.149999618530273,12.229999542236328,12.036486625671387,8403
2004-11-10,12.75,14.670000076293945,12.75,14.670000076293945,14.437880516052246,20383
2004-11-11,16.899999618530273,17.600000381469727,15.0,17.600000381469727,17.32151985168457,23251
2004-11-12,20.5,20.700000762939453,17.0,20.040000915527344,19.722911834716797,22700
2004-11-16,22.0,23.5,18.799999237060547,19.969999313354492,19.65401840209961,13132
2004-11-17,19.549999237060547,20.399999618530273,18.25,19.079999923706055,18.778100967407227,8811
2004-11-18,18.0,19.0,17.18000030517578,17.5,17.223100662231445,13060
2004-11-19,16.100000381469727,19.25,16.100000381469727,19.25,18.945411682128906,18349
2004-11-22,20.0,20.200000762939453,17.610000610351562,18.520000457763672,18.22696304321289,6589
2004-11-23,18.0,18.75,17.899999618530273,18.020000457763672,17.734874725341797,6859
2004-11-24,17.549999237060547,18.450000762939453,17.549999237060547,17.889999389648438,17.606929779052734,5260
2004-11-25,17.0,18.5,17.0,17.170000076293945,16.89832305908203,6687
2004-11-29,17.149999618530273,17.450000762939453,15.65999984741211,16.030000686645508,15.776361465454102,5200
2004-11-30,14.859999656677246,16.0,14.430000305175781,14.430000305175781,14.201677322387695,10274
2004-12-01,13.550000190734863,14.050000190734863,13.050000190734863,13.399999618530273,13.18797492980957,7450
2004-12-02,14.100000381469727,14.699999809265137,12.25,13.0,12.794303894042969,8783
2004-12-03,11.789999961853027,12.850000381469727,11.789999961853027,12.550000190734863,12.351424217224121,7104
2004-12-06,13.0,13.800000190734863,13.0,13.800000190734863,13.581645965576172,5727
2004-12-07,13.899999618530273,14.449999809265137,13.149999618530273,13.399999618530273,13.18797492980957,2650
2004-12-08,13.0,13.350000381469727,12.520000457763672,12.520000457763672,12.3218994140625,1199
2004-12-09,12.25,13.699999809265137,12.25,13.359999656677246,13.14860725402832,8863
2004-12-10,13.050000190734863,13.5,12.75,12.829999923706055,12.626994132995605,5802
2004-12-13,12.25,12.850000381469727,12.25,12.630000114440918,12.430158615112305,5098
2004-12-14,13.0,13.59000015258789,12.65999984741211,12.710000038146973,12.508893013000488,6552
2004-12-15,12.550000190734863,13.899999618530273,12.550000190734863,12.800000190734863,12.597468376159668,6050
2004-12-16,12.710000038146973,13.149999618530273,12.600000381469727,12.75,12.548259735107422,5901
2004-12-17,12.800000190734863,13.0,12.5,12.84000015258789,12.636836051940918,3101
2004-12-20,12.75,13.300000190734863,12.75,13.289999961853027,13.079715728759766,4398
2004-12-21,13.199999809265137,13.300000190734863,12.25,12.569999694824219,12.37110710144043,4740
2004-12-22,12.210000038146973,12.5,12.210000038146973,12.40999984741211,12.213639259338379,4400
2004-12-23,12.0,12.949999809265137,12.0,12.899999618530273,12.69588565826416,2620
2004-12-24,12.600000381469727,14.149999618530273,12.600000381469727,13.399999618530273,13.18797492980957,7179
2004-12-27,12.600000381469727,13.199999809265137,12.600000381469727,13.069999694824219,12.86319637298584,3200
2004-12-28,12.850000381469727,14.0,12.850000381469727,13.899999618530273,13.680063247680664,9953
2004-12-29,13.600000381469727,15.289999961853027,13.600000381469727,15.289999961853027,15.048069953918457,12928
2004-12-30,16.809999465942383,16.809999465942383,16.0,16.809999465942383,16.544017791748047,21657
2004-12-31,18.399999618530273,18.489999771118164,17.25,17.920000076293945,17.636455535888672,26200
2005-01-03,18.5,18.799999237060547,17.600000381469727,18.25,17.96123504638672,21443
2005-01-04,18.399999618530273,18.399999618530273,16.700000762939453,17.399999618530273,17.124683380126953,4835
2005-01-05,15.800000190734863,16.25,15.699999809265137,15.899999618530273,15.648417472839355,9600
2005-01-06,16.0,16.0,14.399999618530273,14.850000381469727,14.615032196044922,3900
2005-01-07,13.550000190734863,15.0,13.550000190734863,15.0,14.76265811920166,10900
2005-01-10,15.399999618530273,15.399999618530273,14.600000381469727,15.0,14.76265811920166,2300
2005-01-11,13.75,14.899999618530273,13.75,14.5,14.270569801330566,3100
2005-01-12,13.300000190734863,14.350000381469727,13.300000190734863,13.350000381469727,13.138766288757324,5320
2005-01-13,14.199999809265137,14.5,13.5,14.5,14.270569801330566,2810
2005-01-14,14.5,14.550000190734863,14.0,14.0,13.778481483459473,2275
2005-01-17,14.0,14.0,12.649999618530273,12.899999618530273,12.69588565826416,4764
2005-01-18,13.0,13.449999809265137,13.0,13.050000190734863,12.843513488769531,1900
2005-01-19,12.100000381469727,13.0,12.100000381469727,13.0,12.794303894042969,1295
2005-01-20,12.699999809265137,12.800000190734863,12.699999809265137,12.75,12.548259735107422,600
2005-01-24,12.699999809265137,13.0,12.649999618530273,13.0,12.794303894042969,3400
2005-01-25,13.0,14.0,13.0,13.449999809265137,13.237183570861816,6370
2005-01-27,14.350000381469727,14.75,14.350000381469727,14.75,14.516613960266113,4350
2005-01-28,14.75,15.800000190734863,14.75,14.800000190734863,14.565823554992676,7800
2005-01-31,13.0,15.0,13.0,14.300000190734863,14.073734283447266,2040
2005-02-01,13.25,14.25,13.25,13.9399995803833,13.719429969787598,2300
2005-02-02,13.600000381469727,14.75,13.600000381469727,14.050000190734863,13.827690124511719,2450
2005-02-03,13.850000381469727,13.859999656677246,13.850000381469727,13.859999656677246,13.64069652557373,850
2005-02-04,14.0,14.0,12.550000190734863,13.710000038146973,13.493069648742676,3050
2005-02-07,14.0,14.0,13.899999618530273,14.0,13.778481483459473,3800
2005-02-08,13.600000381469727,14.050000190734863,12.899999618530273,13.020000457763672,12.813987731933594,16175
2005-02-09,13.989999771118164,15.0,13.25,14.039999961853027,13.817848205566406,10529
2005-02-10,14.5,15.5,14.100000381469727,14.239999771118164,14.014683723449707,4300
2005-02-11,15.0,15.149999618530273,14.149999618530273,14.319999694824219,14.09341812133789,5671
2005-02-14,14.5,14.5,14.100000381469727,14.430000305175781,14.201677322387695,6900
2005-02-15,13.100000381469727,14.0,13.0,13.989999771118164,13.76863956451416,6159
2005-02-16,13.25,13.5,13.149999618530273,13.5,13.286392211914062,4850
2005-02-17,13.5,13.550000190734863,13.0,13.079999923706055,12.873038291931152,4064
2005-02-18,13.100000381469727,13.100000381469727,13.0,13.020000457763672,12.813987731933594,2959
2005-02-21,13.199999809265137,13.5,13.199999809265137,13.5,13.286392211914062,3700
2005-02-22,12.800000190734863,13.75,12.800000190734863,13.699999809265137,13.483227729797363,2111
2005-02-23,13.5,14.0,13.5,13.75,13.532437324523926,5712
2005-02-24,13.5,14.489999771118164,13.5,14.119999885559082,13.89658260345459,6340
2005-02-25,13.550000190734863,14.300000190734863,13.550000190734863,14.15999984741211,13.935949325561523,4161
2005-02-28,12.350000381469727,13.5,12.350000381469727,13.5,13.286392211914062,1100
2005-03-01,13.050000190734863,13.649999618530273,13.050000190734863,13.350000381469727,13.138766288757324,2500
2005-03-02,13.149999618530273,13.75,13.149999618530273,13.399999618530273,13.18797492980957,2335
2005-03-03,13.899999618530273,14.989999771118164,13.5,14.199999809265137,13.975316047668457,10596
2005-03-04,14.25,14.899999618530273,14.050000190734863,14.40999984741211,14.18199348449707,11308
2005-03-07,14.850000381469727,14.850000381469727,14.149999618530273,14.25,14.02452564239502,3900
2005-03-08,14.25,15.0,14.149999618530273,14.220000267028809,13.995000839233398,3049
2005-03-09,14.149999618530273,14.899999618530273,14.149999618530273,14.600000381469727,14.368988037109375,9550
2005-03-10,14.25,14.800000190734863,12.0,13.899999618530273,13.680063247680664,3889
2005-03-11,12.949999809265137,14.399999618530273,12.949999809265137,13.579999923706055,13.365126609802246,2101
2005-03-14,12.300000190734863,14.050000190734863,12.300000190734863,13.319999694824219,13.109240531921387,2250
2005-03-15,13.0,14.0,12.850000381469727,14.0,13.778481483459473,5152
2005-03-16,13.600000381469727,14.300000190734863,13.600000381469727,14.050000190734863,13.827690124511719,8087
2005-03-17,13.600000381469727,13.699999809265137,13.050000190734863,13.350000381469727,13.138766288757324,3600
2005-03-18,13.5,13.5,12.079999923706055,13.449999809265137,13.237183570861816,8355
2005-03-21,12.0,14.75,12.0,14.75,14.516613960266113,3050
2005-03-22,14.5,15.0,13.100000381469727,13.239999771118164,13.030506134033203,3555
2005-03-23,14.100000381469727,14.100000381469727,13.100000381469727,13.100000381469727,12.892722129821777,201
2005-03-24,13.5,14.0,13.050000190734863,13.449999809265137,13.237183570861816,3500
2005-03-28,13.0,13.5,12.550000190734863,13.399999618530273,13.18797492980957,10900
2005-03-29,12.800000190734863,12.800000190734863,12.25,12.380000114440918,12.184114456176758,2300
2005-03-30,12.399999618530273,13.0,12.199999809265137,12.600000381469727,12.400633811950684,1500
2005-03-31,12.520000457763672,13.699999809265137,12.5,13.630000114440918,13.414336204528809,2300
2005-04-01,13.0,13.0,12.699999809265137,12.75,12.548259735107422,1500
2005-04-04,12.75,13.0,12.729999542236328,12.899999618530273,12.69588565826416,10400
2005-04-05,12.800000190734863,13.199999809265137,12.199999809265137,12.75,12.548259735107422,22600
2005-04-06,12.619999885559082,13.0,12.619999885559082,13.0,12.794303894042969,1100
2005-04-07,12.8100004196167,13.0,12.8100004196167,13.0,12.794303894042969,1200
2005-04-08,12.609999656677246,13.199999809265137,12.609999656677246,13.140000343322754,12.932088851928711,21700
2005-04-11,13.289999961853027,13.289999961853027,12.550000190734863,12.600000381469727,12.400633811950684,900
2005-04-12,12.3100004196167,12.649999618530273,12.3100004196167,12.579999923706055,12.380949974060059,900
2005-04-13,12.3100004196167,13.0,12.3100004196167,12.989999771118164,12.784461975097656,2226
2005-04-15,12.359999656677246,12.800000190734863,12.359999656677246,12.369999885559082,12.174272537231445,1350
2005-04-18,12.5,13.180000305175781,12.40999984741211,12.75,12.548259735107422,2850
2005-04-19,12.75,12.989999771118164,12.3100004196167,12.800000190734863,12.597468376159668,3300
2005-04-20,13.09000015258789,13.09000015258789,12.399999618530273,12.970000267028809,12.764779090881348,10341
2005-04-21,13.1899995803833,13.1899995803833,11.600000381469727,12.369999885559082,12.174272537231445,11600
2005-04-22,12.399999618530273,13.850000381469727,12.25,13.5,13.286392211914062,6800
2005-04-25,13.0,13.0,12.300000190734863,12.470000267028809,12.272690773010254,3850
2005-04-26,12.5,13.0,12.430000305175781,12.619999885559082,12.420316696166992,4500
2005-04-27,12.890000343322754,13.300000190734863,12.449999809265137,13.300000190734863,13.089557647705078,2100
2005-04-28,12.420000076293945,13.100000381469727,12.420000076293945,13.100000381469727,12.892722129821777,4300
2005-04-29,12.359999656677246,13.5,12.3100004196167,13.079999923706055,12.873038291931152,10752
2005-05-02,12.949999809265137,13.0,12.510000228881836,13.0,12.794303894042969,3600
2005-05-03,12.619999885559082,13.0,12.529999732971191,13.0,12.794303894042969,8350
2005-05-04,12.699999809265137,13.100000381469727,12.699999809265137,13.100000381469727,12.892722129821777,6500
2005-05-05,12.859999656677246,12.859999656677246,12.819999694824219,12.819999694824219,12.617152214050293,200
2005-05-06,12.699999809265137,13.25,12.699999809265137,13.079999923706055,12.873038291931152,1450
2005-05-09,13.300000190734863,13.300000190734863,12.699999809265137,12.699999809265137,12.499051094055176,1400
2005-05-10,12.699999809265137,13.199999809265137,12.699999809265137,13.199999809265137,12.99113941192627,400
2005-05-11,13.550000190734863,13.550000190734863,12.829999923706055,13.0,12.794303894042969,3000
2005-05-12,12.760000228881836,12.8100004196167,12.649999618530273,12.720000267028809,12.5187349319458,2700
2005-05-13,12.199999809265137,13.399999618530273,12.199999809265137,13.050000190734863,12.843513488769531,2350
2005-05-16,13.699999809265137,15.0,13.699999809265137,14.140000343322754,13.916266441345215,11350
2005-05-17,15.5,15.5,13.550000190734863,14.579999923706055,14.34930419921875,7654
2005-05-18,13.850000381469727,14.600000381469727,13.850000381469727,14.0,13.778481483459473,3901
2005-05-19,13.600000381469727,14.0,13.350000381469727,13.359999656677246,13.14860725402832,4625
2005-05-20,13.300000190734863,14.0,13.279999732971191,13.8100004196167,13.591487884521484,2500
2005-05-23,14.800000190734863,16.56999969482422,14.800000190734863,16.56999969482422,16.307815551757812,10200
2005-05-24,19.5,19.8799991607666,17.600000381469727,18.309999465942383,18.02028465270996,28451
2005-05-25,18.299999237060547,21.969999313354492,18.299999237060547,21.969999313354492,21.622373580932617,83804
2005-05-26,23.450000762939453,26.360000610351562,23.100000381469727,23.290000915527344,22.92148780822754,104211
2005-05-27,24.350000381469727,24.399999618530273,19.56999969482422,21.049999237060547,20.716930389404297,39222
2005-05-30,19.100000381469727,22.950000762939453,19.0,21.84000015258789,21.494430541992188,27258
2005-05-31,21.0,23.0,21.0,21.299999237060547,20.962974548339844,9289
2005-06-01,21.0,21.5,20.700000762939453,20.899999618530273,20.569303512573242,5900
2005-06-02,21.5,21.5,19.700000762939453,20.200000762939453,19.880380630493164,5886
2005-06-03,22.200000762939453,22.200000762939453,19.75,20.549999237060547,20.224842071533203,4750
2005-06-06,20.0,20.950000762939453,19.549999237060547,20.299999237060547,19.978797912597656,5703
2005-06-07,19.350000381469727,19.799999237060547,19.350000381469727,19.450000762939453,19.142248153686523,3377
2005-06-08,19.100000381469727,19.100000381469727,17.75,17.799999237060547,17.518354415893555,7900
2005-06-09,19.100000381469727,19.5,18.049999237060547,18.700000762939453,18.404115676879883,2300
2005-06-10,19.0,20.0,19.0,19.899999618530273,19.585126876831055,6290
2005-06-13,19.5,19.649999618530273,19.049999237060547,19.600000381469727,19.289875030517578,2750
2005-06-14,21.5,21.5,18.799999237060547,19.600000381469727,19.289875030517578,5900
2005-06-15,19.600000381469727,20.399999618530273,19.600000381469727,19.899999618530273,19.585126876831055,5462
2005-06-16,19.0,19.0,18.25,18.5,18.207279205322266,800
2005-06-17,19.850000381469727,19.850000381469727,18.549999237060547,19.0,18.69936752319336,2400
2005-06-20,18.25,18.5,17.299999237060547,17.299999237060547,17.02626609802246,2020
2005-06-21,15.600000381469727,17.450000762939453,15.600000381469727,16.899999618530273,16.63259506225586,3550
2005-06-22,16.0,17.350000381469727,15.5,15.649999618530273,15.402373313903809,3025
2005-06-23,14.75,16.25,14.149999618530273,16.0,15.746835708618164,2100
2005-06-24,17.299999237060547,17.299999237060547,15.550000190734863,16.799999237060547,16.534175872802734,2690
2005-06-27,16.25,16.649999618530273,16.25,16.399999618530273,16.140506744384766,2350
2005-06-28,15.75,15.899999618530273,15.199999809265137,15.300000190734863,15.05791187286377,4400
2005-06-29,14.899999618530273,16.799999237060547,14.850000381469727,16.799999237060547,16.534175872802734,8700
2005-06-30,17.0,18.450000762939453,17.0,17.75,17.469146728515625,3950
2005-07-01,17.5,18.200000762939453,17.100000381469727,17.149999618530273,16.878639221191406,6750
2005-07-04,18.350000381469727,18.350000381469727,16.350000381469727,16.700000762939453,16.435760498046875,4425
2005-07-05,16.5,17.700000762939453,16.0,17.0,16.73101234436035,2050
2005-07-06,16.549999237060547,17.299999237060547,16.549999237060547,16.899999618530273,16.63259506225586,4500
2005-07-07,17.0,17.0,16.600000381469727,16.700000762939453,16.435760498046875,6741
2005-07-08,17.899999618530273,18.0,16.100000381469727,16.450000762939453,16.189716339111328,5900
2005-07-11,17.950000762939453,17.950000762939453,16.5,16.700000762939453,16.435760498046875,6200
2005-07-12,16.5,17.25,16.5,16.950000762939453,16.681804656982422,9150
2005-07-13,17.350000381469727,17.5,17.0,17.100000381469727,16.829431533813477,4237
2005-07-14,17.600000381469727,18.25,17.5,17.950000762939453,17.66598129272461,6475
2005-07-15,18.5,18.5,16.850000381469727,17.5,17.223100662231445,3601
2005-07-18,18.450000762939453,18.5,17.549999237060547,18.049999237060547,17.7643985748291,9080
2005-07-19,19.25,19.25,17.200000762939453,17.350000381469727,17.075475692749023,6939
2005-07-20,17.549999237060547,18.799999237060547,17.25,17.899999618530273,17.616771697998047,4760
2005-07-21,17.049999237060547,18.200000762939453,16.5,17.950000762939453,17.66598129272461,6600
2005-07-22,17.600000381469727,17.799999237060547,17.25,17.399999618530273,17.124683380126953,4700
2005-07-25,17.799999237060547,19.100000381469727,17.799999237060547,18.299999237060547,18.01044273376465,21384
2005-07-26,18.049999237060547,20.0,18.0,19.649999618530273,19.339082717895508,21069
2005-07-27,20.75,20.75,19.100000381469727,19.25,18.945411682128906,6490
2005-07-29,17.899999618530273,18.049999237060547,17.850000381469727,18.0,17.715190887451172,5090
2005-08-01,16.25,18.0,16.25,16.600000381469727,16.337343215942383,3780
2005-08-02,16.549999237060547,18.25,16.549999237060547,18.25,17.96123504638672,8005
2005-08-03,17.049999237060547,20.0,17.049999237060547,19.0,18.69936752319336,16021
2005-08-04,19.5,19.5,18.399999618530273,19.0,18.69936752319336,12123
2005-08-05,18.149999618530273,19.0,18.149999618530273,18.25,17.96123504638672,10375
2005-08-08,18.0,18.950000762939453,18.0,18.350000381469727,18.05965232849121,14080
2005-08-09,17.700000762939453,19.0,17.5,19.0,18.69936752319336,9814
2005-08-10,19.100000381469727,19.399999618530273,18.450000762939453,18.700000762939453,18.404115676879883,9915
2005-08-11,18.5,20.0,18.5,18.850000381469727,18.551740646362305,7426
2005-08-12,18.5,20.0,18.049999237060547,19.5,19.191455841064453,15004
2005-08-16,18.799999237060547,19.399999618530273,18.75,19.0,18.69936752319336,3450
2005-08-17,17.649999618530273,19.5,17.649999618530273,19.049999237060547,18.74857521057129,7570
2005-08-18,19.200000762939453,20.0,18.600000381469727,19.350000381469727,19.0438289642334,11720
2005-08-19,20.0,20.0,19.149999618530273,19.600000381469727,19.289875030517578,9366
2005-08-22,18.350000381469727,21.549999237060547,18.350000381469727,21.549999237060547,21.20901870727539,33838
2005-08-23,22.200000762939453,23.299999237060547,21.0,21.450000762939453,21.1106014251709,37370
2005-08-24,21.399999618530273,22.200000762939453,20.75,20.950000762939453,20.618513107299805,8005
2005-08-25,21.299999237060547,23.0,19.0,19.399999618530273,19.09303855895996,75386
2005-08-26,20.850000381469727,21.299999237060547,20.450000762939453,21.049999237060547,20.716930389404297,28402
2005-08-29,22.700000762939453,22.700000762939453,19.75,21.100000381469727,20.76613998413086,9644
2005-08-30,20.049999237060547,22.0,20.049999237060547,21.200000762939453,20.86455726623535,9700
2005-08-31,22.0,22.0,20.350000381469727,20.950000762939453,20.618513107299805,10850
2005-09-01,22.899999618530273,22.899999618530273,20.5,20.700000762939453,20.372468948364258,7883
2005-09-02,20.149999618530273,21.0,20.0,20.100000381469727,19.781963348388672,12545
2005-09-05,21.700000762939453,21.850000381469727,20.149999618530273,20.399999618530273,20.07721519470215,4740
2005-09-06,20.950000762939453,20.950000762939453,20.0,20.049999237060547,19.732751846313477,2299
2005-09-08,19.5,20.149999618530273,19.5,19.899999618530273,19.585126876831055,4625
2005-09-09,20.0,20.5,18.799999237060547,19.850000381469727,19.535919189453125,10825
2005-09-12,19.600000381469727,19.600000381469727,18.5,19.049999237060547,18.74857521057129,9500
2005-09-13,18.850000381469727,19.399999618530273,18.5,18.600000381469727,18.305696487426758,7487
2005-09-14,19.0,19.0,18.0,18.75,18.453323364257812,11140
2005-09-15,19.0,19.5,18.5,18.700000762939453,18.404115676879883,6479
2005-09-16,19.5,20.549999237060547,19.5,20.549999237060547,20.224842071533203,12534
2005-09-19,21.899999618530273,22.600000381469727,21.899999618530273,22.600000381469727,22.24240493774414,15216
2005-09-20,23.0,23.049999237060547,20.899999618530273,21.100000381469727,20.76613998413086,21787
2005-09-21,20.0,21.0,19.049999237060547,20.549999237060547,20.224842071533203,15025
2005-09-22,18.649999618530273,20.950000762939453,18.5,18.5,18.207279205322266,9661
2005-09-23,16.700000762939453,19.450000762939453,16.700000762939453,17.899999618530273,17.616771697998047,7600
2005-09-26,18.0,19.649999618530273,18.0,19.649999618530273,19.339082717895508,13150
2005-09-27,19.899999618530273,20.200000762939453,19.100000381469727,20.200000762939453,19.880380630493164,7651
2005-09-28,19.75,19.75,19.350000381469727,19.549999237060547,19.240663528442383,3424
2005-09-29,19.100000381469727,19.700000762939453,19.0,19.399999618530273,19.09303855895996,8900
2005-09-30,17.5,19.75,17.5,19.200000762939453,18.896203994750977,16936
2005-10-03,18.700000762939453,20.0,18.649999618530273,19.5,19.191455841064453,7900
2005-10-04,20.0,20.5,19.0,19.899999618530273,19.585126876831055,10240
2005-10-05,20.0,21.299999237060547,19.649999618530273,21.200000762939453,20.86455726623535,21350
2005-10-06,19.850000381469727,20.799999237060547,19.850000381469727,20.399999618530273,20.07721519470215,4800
2005-10-07,19.5,20.700000762939453,19.100000381469727,19.899999618530273,19.585126876831055,4367
2005-10-10,19.0,20.0,18.549999237060547,19.75,19.4375,5042
2005-10-11,18.200000762939453,19.950000762939453,18.200000762939453,19.0,18.69936752319336,7069
2005-10-13,18.25,19.850000381469727,18.049999237060547,18.200000762939453,17.912025451660156,2050
2005-10-14,18.0,18.5,16.75,16.75,16.484968185424805,5500
2005-10-17,16.950000762939453,17.600000381469727,16.600000381469727,16.649999618530273,16.386550903320312,1500
2005-10-18,16.149999618530273,17.0,16.149999618530273,16.700000762939453,16.435760498046875,1400
2005-10-19,15.5,16.25,15.5,16.25,15.992879867553711,1750
2005-10-20,15.25,16.700000762939453,14.649999618530273,15.899999618530273,15.648417472839355,5247
2005-10-21,14.5,15.0,14.350000381469727,14.550000190734863,14.319778442382812,6250
2005-10-24,14.899999618530273,15.600000381469727,14.850000381469727,15.399999618530273,15.156329154968262,1400
2005-10-25,15.649999618530273,15.949999809265137,14.899999618530273,15.649999618530273,15.402373313903809,2700
2005-10-26,15.0,16.75,15.0,16.450000762939453,16.189716339111328,2100
2005-10-27,16.100000381469727,16.299999237060547,15.399999618530273,16.299999237060547,16.04208755493164,950
2005-10-28,15.0,15.0,15.0,15.0,14.76265811920166,100
2005-10-31,13.550000190734863,16.0,13.550000190734863,15.5,15.25474739074707,1200
2005-11-02,15.399999618530273,17.25,15.050000190734863,16.850000381469727,16.58338737487793,4015
2005-11-07,15.350000381469727,16.5,15.350000381469727,16.399999618530273,16.140506744384766,2400
2005-11-08,16.100000381469727,17.0,15.75,16.25,15.992879867553711,4520
2005-11-09,17.0,17.5,15.699999809265137,16.100000381469727,15.845253944396973,2025
2005-11-10,15.850000381469727,16.5,15.850000381469727,16.100000381469727,15.845253944396973,1900
2005-11-11,15.899999618530273,16.5,15.550000190734863,15.850000381469727,15.599209785461426,2507
2005-11-14,15.5,15.5,15.399999618530273,15.399999618530273,15.156329154968262,100
2005-11-16,15.949999809265137,16.149999618530273,15.100000381469727,16.100000381469727,15.845253944396973,3654
2005-11-17,16.299999237060547,16.899999618530273,15.350000381469727,16.200000762939453,15.943672180175781,3490
2005-11-18,15.5,15.5,15.399999618530273,15.5,15.25474739074707,950
2005-11-21,15.0,16.0,15.0,15.5,15.25474739074707,1800
2005-11-22,15.100000381469727,15.100000381469727,14.800000190734863,14.800000190734863,14.565823554992676,1650
2005-11-23,14.550000190734863,14.550000190734863,14.5,14.5,14.270569801330566,5600
2005-11-24,14.5,14.649999618530273,14.5,14.600000381469727,14.368988037109375,3450
2005-11-25,14.5,14.550000190734863,14.5,14.5,14.270569801330566,6700
2005-11-28,13.649999618530273,15.0,13.649999618530273,15.0,14.76265811920166,8650
2005-11-29,15.0,15.75,14.800000190734863,15.75,15.500791549682617,14350
2005-11-30,16.5,16.5,16.5,16.5,16.238924026489258,5600
2005-12-01,17.0,17.25,15.850000381469727,16.5,16.238924026489258,7590
2005-12-02,16.0,17.299999237060547,16.0,16.75,16.484968185424805,4744
2005-12-05,17.350000381469727,17.549999237060547,16.0,17.549999237060547,17.272310256958008,2375
2005-12-06,18.399999618530273,18.399999618530273,17.75,18.299999237060547,18.01044273376465,8550
2005-12-07,18.399999618530273,19.200000762939453,18.399999618530273,19.049999237060547,18.74857521057129,5236
2005-12-08,19.75,20.0,19.049999237060547,19.75,19.4375,7511
2005-12-09,19.850000381469727,20.700000762939453,18.899999618530273,19.799999237060547,19.48670768737793,5001
2005-12-12,19.5,20.75,18.850000381469727,20.75,20.421676635742188,12110
2005-12-13,21.399999618530273,21.700000762939453,20.75,21.549999237060547,21.20901870727539,10862
2005-12-14,21.0,22.0,20.5,20.5,20.17563247680664,7980
2005-12-15,19.549999237060547,19.549999237060547,19.5,19.5,19.191455841064453,2550
2005-12-16,19.299999237060547,20.100000381469727,18.549999237060547,18.649999618530273,18.354904174804688,2600
2005-12-19,18.0,18.5,17.75,18.299999237060547,18.01044273376465,3175
2005-12-20,18.899999618530273,18.899999618530273,17.399999618530273,17.5,17.223100662231445,7250
2005-12-21,16.75,18.0,16.649999618530273,16.950000762939453,16.681804656982422,5150
2005-12-22,16.149999618530273,16.5,16.149999618530273,16.200000762939453,15.943672180175781,700
2005-12-23,16.0,17.0,15.75,17.0,16.73101234436035,17289
2005-12-26,17.75,17.799999237060547,16.649999618530273,17.75,17.469146728515625,4461
2005-12-27,18.5,18.5,17.0,17.0,16.73101234436035,2552
2005-12-28,17.799999237060547,17.850000381469727,16.450000762939453,17.0,16.73101234436035,3814
2005-12-29,17.100000381469727,17.850000381469727,17.0,17.049999237060547,16.780221939086914,2730
2005-12-30,16.399999618530273,17.899999618530273,16.350000381469727,17.450000762939453,17.173892974853516,8078
2006-01-02,17.049999237060547,18.299999237060547,17.0,17.25,16.9770565032959,2808
2006-01-03,17.149999618530273,18.100000381469727,17.100000381469727,18.049999237060547,17.7643985748291,2450
2006-01-04,18.600000381469727,18.950000762939453,17.200000762939453,18.850000381469727,18.551740646362305,14570
2006-01-05,18.25,19.5,17.950000762939453,18.399999618530273,18.10886001586914,3014
2006-01-06,17.75,18.799999237060547,17.5,17.700000762939453,17.419937133789062,2800
2006-01-09,17.200000762939453,17.299999237060547,17.149999618530273,17.149999618530273,16.878639221191406,1300
2006-01-10,17.25,17.799999237060547,17.25,17.5,17.223100662231445,13100
2006-01-12,17.299999237060547,17.299999237060547,17.25,17.25,16.9770565032959,1845
2006-01-13,17.25,17.5,17.25,17.5,17.223100662231445,205
2006-01-16,17.299999237060547,17.600000381469727,17.25,17.5,17.223100662231445,950
2006-01-17,17.5,17.600000381469727,17.25,17.350000381469727,17.075475692749023,5357
2006-01-18,17.649999618530273,17.649999618530273,17.5,17.5,17.223100662231445,2499
2006-01-19,17.5,18.25,17.5,17.600000381469727,17.32151985168457,800
2006-01-20,17.899999618530273,17.899999618530273,17.5,17.5,17.223100662231445,1700
2006-01-23,17.5,18.350000381469727,17.5,17.799999237060547,17.518354415893555,5930
2006-01-24,17.649999618530273,18.649999618530273,17.649999618530273,18.450000762939453,18.158071517944336,4750
2006-01-25,17.700000762939453,19.0,17.700000762939453,18.549999237060547,18.256486892700195,4877
2006-01-27,18.649999618530273,19.450000762939453,17.799999237060547,19.049999237060547,18.74857521057129,4760
2006-01-30,18.149999618530273,19.5,18.149999618530273,19.299999237060547,18.994619369506836,4900
2006-01-31,20.149999618530273,20.25,18.399999618530273,18.899999618530273,18.600950241088867,7200
2006-02-01,18.149999618530273,18.5,18.100000381469727,18.100000381469727,17.813608169555664,1680
2006-02-02,18.100000381469727,18.5,18.100000381469727,18.200000762939453,17.912025451660156,3380
2006-02-03,18.100000381469727,18.25,17.75,17.75,17.469146728515625,2330
2006-02-06,17.700000762939453,17.700000762939453,17.350000381469727,17.5,17.223100662231445,700
2006-02-07,17.549999237060547,17.600000381469727,17.549999237060547,17.549999237060547,17.272310256958008,6200
2006-02-08,17.549999237060547,17.549999237060547,17.549999237060547,17.549999237060547,17.272310256958008,2700
2006-02-10,17.549999237060547,18.399999618530273,17.25,18.0,17.715190887451172,8500
2006-02-13,17.549999237060547,17.549999237060547,17.549999237060547,17.549999237060547,17.272310256958008,1380
2006-02-14,17.549999237060547,18.399999618530273,17.549999237060547,18.399999618530273,18.10886001586914,3750
2006-02-15,19.0,19.0,17.75,19.0,18.69936752319336,1100
2006-02-16,19.049999237060547,19.049999237060547,18.149999618530273,19.0,18.69936752319336,1788
2006-02-17,18.299999237060547,19.0,18.299999237060547,19.0,18.69936752319336,3732
2006-02-20,19.350000381469727,19.350000381469727,18.100000381469727,18.75,18.453323364257812,2380
2006-02-21,18.0,18.850000381469727,18.0,18.850000381469727,18.551740646362305,3053
2006-02-22,18.0,18.0,18.0,18.0,17.715190887451172,4180
2006-02-23,17.25,17.5,17.149999618530273,17.5,17.223100662231445,1500
2006-02-24,18.100000381469727,18.100000381469727,16.700000762939453,16.700000762939453,16.435760498046875,1086
2006-02-27,16.100000381469727,16.100000381469727,16.0,16.100000381469727,15.845253944396973,2000
2006-02-28,15.300000190734863,16.0,15.300000190734863,15.399999618530273,15.156329154968262,1800
2006-03-01,15.0,16.149999618530273,15.0,16.149999618530273,15.894461631774902,1200
2006-03-02,15.600000381469727,16.0,15.600000381469727,16.0,15.746835708618164,2500
2006-03-03,16.549999237060547,16.75,16.0,16.5,16.238924026489258,5160
2006-03-06,16.0,17.299999237060547,16.0,17.299999237060547,17.02626609802246,6143
2006-03-07,18.0,18.149999618530273,18.0,18.149999618530273,17.862815856933594,5302
2006-03-08,18.0,19.049999237060547,18.0,19.049999237060547,18.74857521057129,4923
2006-03-09,19.0,20.0,18.149999618530273,18.950000762939453,18.65015983581543,11476
2006-03-10,18.149999618530273,19.850000381469727,18.149999618530273,19.100000381469727,18.79778480529785,6070
2006-03-13,18.5,20.049999237060547,18.25,18.799999237060547,18.502531051635742,5000
2006-03-14,18.450000762939453,19.5,17.899999618530273,18.75,18.453323364257812,4400
2006-03-16,18.100000381469727,19.649999618530273,18.100000381469727,18.5,18.207279205322266,5800
2006-03-17,18.25,19.0,17.799999237060547,18.049999237060547,17.7643985748291,3700
2006-03-20,18.0,18.0,17.200000762939453,17.25,16.9770565032959,1850
2006-03-21,18.0,18.0,17.100000381469727,17.200000762939453,16.92784881591797,3204
2006-03-22,16.950000762939453,17.950000762939453,16.950000762939453,17.049999237060547,16.780221939086914,9445
2006-03-23,16.350000381469727,16.700000762939453,16.350000381469727,16.600000381469727,16.337343215942383,1100
2006-03-24,17.0,17.0,15.949999809265137,16.0,15.746835708618164,2000
2006-03-27,15.600000381469727,16.799999237060547,15.600000381469727,15.949999809265137,15.697627067565918,5056
2006-03-28,15.850000381469727,16.399999618530273,15.850000381469727,16.399999618530273,16.140506744384766,950
2006-03-29,16.0,17.200000762939453,16.0,16.549999237060547,16.288131713867188,3150
2006-03-30,16.149999618530273,17.350000381469727,16.149999618530273,17.0,16.73101234436035,1300
2006-03-31,17.850000381469727,17.850000381469727,16.399999618530273,17.549999237060547,17.272310256958008,2555
2006-04-03,16.950000762939453,18.25,16.899999618530273,17.950000762939453,17.66598129272461,4096
2006-04-04,17.899999618530273,18.799999237060547,17.899999618530273,18.75,18.453323364257812,5326
2006-04-05,19.450000762939453,19.649999618530273,18.75,19.549999237060547,19.240663528442383,4071
2006-04-07,20.350000381469727,20.5,19.299999237060547,20.200000762939453,19.880380630493164,9411
2006-04-10,20.0,21.200000762939453,20.0,21.200000762939453,20.86455726623535,11320
2006-04-12,22.25,22.25,21.5,22.25,21.8979434967041,17506
2006-04-13,21.600000381469727,23.299999237060547,21.149999618530273,22.649999618530273,22.291614532470703,10200
2006-04-17,23.649999618530273,23.75,23.25,23.75,23.374208450317383,2030
2006-04-18,24.899999618530273,24.899999618530273,24.0,24.899999618530273,24.506011962890625,14426
2006-04-19,24.399999618530273,26.100000381469727,23.899999618530273,25.5,25.096519470214844,12488
2006-04-20,25.25,26.100000381469727,24.25,24.25,23.86629867553711,7287
2006-04-21,23.299999237060547,25.0,23.049999237060547,23.049999237060547,22.685283660888672,2590
2006-04-24,22.049999237060547,23.700000762939453,21.899999618530273,21.950000762939453,21.602691650390625,32635
2006-04-25,21.049999237060547,21.450000762939453,20.899999618530273,20.899999618530273,20.569303512573242,4250
2006-04-26,19.950000762939453,20.950000762939453,19.899999618530273,19.899999618530273,19.585126876831055,4200
2006-04-27,19.049999237060547,19.049999237060547,18.950000762939453,18.950000762939453,18.65015983581543,5950
2006-04-28,18.5,18.899999618530273,18.25,18.549999237060547,18.256486892700195,1550
2006-05-02,18.149999618530273,19.450000762939453,18.0,19.25,18.945411682128906,6160
2006-05-03,18.75,18.899999618530273,18.700000762939453,18.700000762939453,18.404115676879883,1100
2006-05-04,18.049999237060547,18.700000762939453,18.049999237060547,18.200000762939453,17.912025451660156,1500
2006-05-05,18.5,18.649999618530273,18.5,18.549999237060547,18.256486892700195,2000
2006-05-08,18.049999237060547,19.100000381469727,17.75,18.950000762939453,18.65015983581543,2300
2006-05-09,19.399999618530273,19.399999618530273,18.25,18.799999237060547,18.502531051635742,1200
2006-05-10,19.700000762939453,19.700000762939453,18.049999237060547,18.600000381469727,18.305696487426758,1550
2006-05-11,18.100000381469727,18.399999618530273,18.100000381469727,18.399999618530273,18.10886001586914,700
2006-05-12,18.25,19.200000762939453,18.25,18.600000381469727,18.305696487426758,3800
2006-05-15,18.200000762939453,19.200000762939453,18.200000762939453,19.0,18.69936752319336,1834
2006-05-16,18.200000762939453,19.149999618530273,18.149999618530273,18.350000381469727,18.05965232849121,850
2006-05-17,18.100000381469727,19.149999618530273,18.100000381469727,19.149999618530273,18.846994400024414,1250
2006-05-18,18.5,18.5,18.5,18.5,18.207279205322266,200
2006-05-19,18.0,18.5,18.0,18.0,17.715190887451172,4055
2006-05-22,17.299999237060547,18.0,17.149999618530273,18.0,17.715190887451172,2845
2006-05-23,17.950000762939453,18.5,17.950000762939453,18.0,17.715190887451172,5100
2006-05-24,18.549999237060547,18.549999237060547,17.149999618530273,17.200000762939453,16.92784881591797,4060
2006-05-25,16.350000381469727,17.5,16.350000381469727,17.5,17.223100662231445,240
2006-05-26,16.700000762939453,16.799999237060547,16.649999618530273,16.649999618530273,16.386550903320312,4125
2006-05-29,16.0,17.350000381469727,16.0,17.350000381469727,17.075475692749023,700
2006-05-30,17.700000762939453,17.700000762939453,16.5,16.5,16.238924026489258,2600
2006-05-31,15.699999809265137,15.800000190734863,15.699999809265137,15.800000190734863,15.550000190734863,524
2006-06-01,15.449999809265137,15.449999809265137,15.100000381469727,15.100000381469727,14.861076354980469,700
2006-06-02,14.5,14.75,14.350000381469727,14.75,14.516613960266113,1500
2006-06-05,14.199999809265137,14.199999809265137,14.199999809265137,14.199999809265137,13.975316047668457,100
2006-06-06,14.199999809265137,14.899999618530273,13.550000190734863,14.899999618530273,14.664240837097168,850
2006-06-07,14.199999809265137,15.5,14.199999809265137,14.550000190734863,14.319778442382812,1150
2006-06-08,14.899999618530273,14.949999809265137,14.899999618530273,14.899999618530273,14.664240837097168,300
2006-06-09,14.199999809265137,15.25,14.199999809265137,15.199999809265137,14.959493637084961,506
2006-06-12,14.449999809265137,15.899999618530273,14.449999809265137,15.899999618530273,15.648417472839355,1021
2006-06-13,15.149999618530273,15.800000190734863,15.149999618530273,15.399999618530273,15.156329154968262,2500
2006-06-14,15.399999618530273,15.399999618530273,15.0,15.0,14.76265811920166,20200
2006-06-15,14.899999618530273,15.75,14.300000190734863,15.300000190734863,15.05791187286377,2400
2006-06-16,14.75,15.100000381469727,14.699999809265137,15.100000381469727,14.861076354980469,340
2006-06-19,14.350000381469727,14.5,14.350000381469727,14.350000381469727,14.122943878173828,1611
2006-06-20,13.699999809265137,13.800000190734863,13.699999809265137,13.699999809265137,13.483227729797363,2300
2006-06-21,13.899999618530273,14.300000190734863,13.350000381469727,14.300000190734863,14.073734283447266,1350
2006-06-22,14.899999618530273,15.0,14.050000190734863,14.600000381469727,14.368988037109375,2100
2006-06-23,14.949999809265137,14.949999809265137,13.899999618530273,14.0,13.778481483459473,700
2006-06-26,13.649999618530273,13.899999618530273,13.350000381469727,13.699999809265137,13.483227729797363,2600
2006-06-27,13.199999809265137,13.199999809265137,13.199999809265137,13.199999809265137,12.99113941192627,300
2006-06-28,12.649999618530273,13.0,12.550000190734863,12.550000190734863,12.351424217224121,3410
2006-06-29,12.399999618530273,13.0,12.199999809265137,12.899999618530273,12.69588565826416,1900
2006-06-30,12.350000381469727,13.25,12.350000381469727,13.25,13.040348052978516,52
2006-07-03,13.0,13.5,13.0,13.430000305175781,13.217500686645508,2900
2006-07-04,12.899999618530273,13.850000381469727,12.899999618530273,13.670000076293945,13.453702926635742,1600
2006-07-05,13.050000190734863,13.75,13.050000190734863,13.739999771118164,13.522595405578613,2200
2006-07-06,14.300000190734863,14.300000190734863,13.0600004196167,13.0600004196167,12.853355407714844,8410
2006-07-07,13.25,13.5,12.260000228881836,13.449999809265137,13.237183570861816,2103
2006-07-10,12.5,13.25,12.5,13.229999542236328,13.02066421508789,702
2006-07-11,13.399999618530273,14.5,12.149999618530273,13.149999618530273,12.941929817199707,1278
2006-07-12,13.800000190734863,13.800000190734863,12.40999984741211,12.5,12.302215576171875,1454
2006-07-13,11.699999809265137,12.0,11.699999809265137,12.0,11.810127258300781,910
2006-07-14,11.210000038146973,11.210000038146973,11.210000038146973,11.210000038146973,11.03262710571289,129
2006-07-17,11.0,12.289999961853027,10.5,12.170000076293945,11.977437019348145,11866
2006-07-18,12.220000267028809,12.220000267028809,12.220000267028809,12.220000267028809,12.02664566040039,100
2006-07-19,11.210000038146973,11.390000343322754,11.0,11.1899995803833,11.012943267822266,5924
2006-07-20,11.010000228881836,11.789999961853027,10.520000457763672,10.989999771118164,10.816107749938965,7785
2006-07-21,10.149999618530273,11.0,10.109999656677246,10.140000343322754,9.979557037353516,1714
2006-07-24,9.59000015258789,10.850000381469727,9.579999923706055,9.75,9.595727920532227,2891
2006-07-25,9.010000228881836,10.0,9.010000228881836,9.359999656677246,9.211898803710938,1497
2006-07-26,10.199999809265137,10.199999809265137,8.600000381469727,8.970000267028809,8.828069686889648,3102
2006-07-27,9.5,9.5,8.600000381469727,9.100000381469727,8.956012725830078,402
2006-07-28,8.630000114440918,9.5,8.630000114440918,9.5,9.34968376159668,514
2006-07-31,9.100000381469727,9.949999809265137,9.0,9.949999809265137,9.792563438415527,610
2006-08-01,10.399999618530273,10.9399995803833,10.0,10.899999618530273,10.727531433105469,23730
2006-08-02,10.100000381469727,11.989999771118164,10.100000381469727,11.989999771118164,11.800284385681152,25390
2006-08-03,13.180000305175781,13.180000305175781,12.449999809265137,13.069999694824219,12.86319637298584,4436
2006-08-04,13.25,13.550000190734863,12.279999732971191,13.239999771118164,13.030506134033203,5405
2006-08-07,13.819999694824219,13.819999694824219,12.579999923706055,12.579999923706055,12.380949974060059,2092
2006-08-08,12.0,12.390000343322754,11.960000038146973,11.960000038146973,11.770759582519531,6629
2006-08-09,12.0,12.0,11.369999885559082,11.460000038146973,11.278671264648438,2507
2006-08-10,11.890000343322754,12.0,11.25,11.5,11.318037986755371,11250
2006-08-11,11.270000457763672,12.050000190734863,11.260000228881836,12.050000190734863,11.859335899353027,3401
2006-08-14,12.149999618530273,12.649999618530273,11.5,12.649999618530273,12.449841499328613,21110
2006-08-16,13.270000457763672,13.279999732971191,13.010000228881836,13.25,13.040348052978516,10632
2006-08-17,13.350000381469727,13.350000381469727,12.59000015258789,12.59000015258789,12.390791893005371,1849
2006-08-18,12.010000228881836,12.699999809265137,12.010000228881836,12.520000457763672,12.3218994140625,2387
2006-08-21,12.300000190734863,12.729999542236328,12.300000190734863,12.539999961853027,12.341582298278809,3141
2006-08-22,12.5,13.079999923706055,12.5,12.5,12.302215576171875,1625
2006-08-23,12.5,13.119999885559082,12.5,12.600000381469727,12.400633811950684,8757
2006-08-24,13.149999618530273,13.229999542236328,12.510000228881836,13.0,12.794303894042969,4859
2006-08-25,13.59000015258789,13.649999618530273,12.880000114440918,13.649999618530273,13.434019088745117,9606
2006-08-28,14.289999961853027,14.329999923706055,13.25,14.329999923706055,14.103260040283203,7692
2006-08-29,14.470000267028809,15.039999961853027,14.470000267028809,15.039999961853027,14.80202579498291,6828
2006-08-30,15.779999732971191,15.789999961853027,15.0,15.34000015258789,15.097278594970703,11134
2006-08-31,15.520000457763672,15.880000114440918,15.0,15.109999656677246,14.870917320251465,3914
2006-09-01,15.149999618530273,15.199999809265137,14.649999618530273,14.699999809265137,14.467405319213867,10727
2006-09-04,14.899999618530273,15.0,14.550000190734863,15.0,14.76265811920166,13936
2006-09-05,15.0,15.649999618530273,14.5,15.649999618530273,15.402373313903809,1541
2006-09-06,14.899999618530273,15.399999618530273,14.899999618530273,15.0,14.76265811920166,6156
2006-09-07,14.899999618530273,15.75,14.899999618530273,15.75,15.500791549682617,4495
2006-09-08,16.350000381469727,16.5,16.100000381469727,16.5,16.238924026489258,5967
2006-09-11,17.200000762939453,17.299999237060547,15.949999809265137,16.0,15.746835708618164,13610
2006-09-12,16.049999237060547,16.799999237060547,15.300000190734863,16.350000381469727,16.091299057006836,6843
2006-09-13,17.0,17.149999618530273,16.5,17.149999618530273,16.878639221191406,3610
2006-09-14,17.899999618530273,17.899999618530273,17.049999237060547,17.25,16.9770565032959,3913
2006-09-15,17.5,17.75,16.75,17.399999618530273,17.124683380126953,6964
2006-09-18,17.25,17.5,17.049999237060547,17.399999618530273,17.124683380126953,1776
2006-09-19,17.049999237060547,17.049999237060547,16.549999237060547,16.549999237060547,16.288131713867188,6151
2006-09-20,15.949999809265137,17.25,15.949999809265137,17.0,16.73101234436035,1028
2006-09-21,16.25,16.899999618530273,16.200000762939453,16.200000762939453,15.943672180175781,29053
2006-09-22,15.550000190734863,16.399999618530273,15.5,16.100000381469727,15.845253944396973,1450
2006-09-25,16.25,16.850000381469727,16.200000762939453,16.200000762939453,15.943672180175781,2037
2006-09-26,15.699999809265137,16.950000762939453,15.649999618530273,16.700000762939453,16.435760498046875,5920
2006-09-27,17.100000381469727,17.149999618530273,16.25,16.799999237060547,16.534175872802734,2651
2006-09-28,16.299999237060547,16.899999618530273,16.100000381469727,16.5,16.238924026489258,1324
2006-09-29,16.100000381469727,17.0,16.0,16.549999237060547,16.288131713867188,5700
2006-10-03,16.100000381469727,17.0,16.0,16.850000381469727,16.58338737487793,2217
2006-10-04,16.200000762939453,16.75,16.200000762939453,16.5,16.238924026489258,400
2006-10-05,16.5,17.0,16.0,16.75,16.484968185424805,2902
2006-10-06,16.25,17.200000762939453,16.200000762939453,17.049999237060547,16.780221939086914,7314
2006-10-09,16.549999237060547,17.049999237060547,16.399999618530273,16.5,16.238924026489258,2961
2006-10-10,17.149999618530273,17.149999618530273,16.399999618530273,16.549999237060547,16.288131713867188,2612
2006-10-11,17.200000762939453,17.200000762939453,16.5,16.549999237060547,16.288131713867188,1362
2006-10-12,16.5,17.25,16.0,16.75,16.484968185424805,6032
2006-10-13,16.5,16.700000762939453,16.049999237060547,16.049999237060547,15.796043395996094,2550
2006-10-16,15.350000381469727,16.25,15.350000381469727,16.0,15.746835708618164,4560
2006-10-17,16.0,16.799999237060547,15.75,16.399999618530273,16.140506744384766,3661
2006-10-18,16.5,16.5,16.049999237060547,16.049999237060547,15.796043395996094,1590
2006-10-19,16.0,16.850000381469727,16.0,16.75,16.484968185424805,6290
2006-10-20,17.25,17.549999237060547,16.299999237060547,17.350000381469727,17.075475692749023,13618
2006-10-23,19.100000381469727,19.100000381469727,19.100000381469727,19.100000381469727,18.79778480529785,5328
2006-10-26,20.0,20.049999237060547,19.649999618530273,20.049999237060547,19.732751846313477,8717
2006-10-27,21.049999237060547,21.049999237060547,20.100000381469727,21.049999237060547,20.716930389404297,28845
2006-10-30,21.100000381469727,22.100000381469727,21.049999237060547,21.75,21.405855178833008,8881
2006-10-31,21.549999237060547,22.25,20.700000762939453,20.700000762939453,20.372468948364258,4200
2006-11-01,21.0,21.350000381469727,20.549999237060547,21.200000762939453,20.86455726623535,5239
2006-11-02,21.5,21.600000381469727,20.5,21.0,20.667722702026367,9009
2006-11-03,21.350000381469727,22.049999237060547,21.049999237060547,21.899999618530273,21.55348014831543,8591
2006-11-06,22.899999618530273,22.950000762939453,22.049999237060547,22.950000762939453,22.586868286132812,9165
2006-11-07,22.950000762939453,23.649999618530273,22.350000381469727,22.649999618530273,22.291614532470703,6989
2006-11-08,22.0,22.0,21.549999237060547,21.549999237060547,21.20901870727539,1790
2006-11-09,20.5,22.600000381469727,20.5,22.200000762939453,21.848735809326172,7066
2006-11-10,22.0,23.0,22.0,22.700000762939453,22.340824127197266,4536
2006-11-13,21.75,23.25,21.600000381469727,21.600000381469727,21.258228302001953,5176
2006-11-14,21.5,21.5,20.549999237060547,20.549999237060547,20.224842071533203,7280
2006-11-15,19.75,20.899999618530273,19.549999237060547,19.649999618530273,19.339082717895508,4399
2006-11-16,18.899999618530273,19.200000762939453,18.700000762939453,19.0,18.69936752319336,1956
2006-11-17,18.350000381469727,18.350000381469727,18.100000381469727,18.100000381469727,17.813608169555664,646
2006-11-20,17.25,17.25,17.200000762939453,17.200000762939453,16.92784881591797,2213
2006-11-21,17.950000762939453,18.049999237060547,17.100000381469727,18.049999237060547,17.7643985748291,7353
2006-11-22,18.600000381469727,18.950000762939453,18.450000762939453,18.950000762939453,18.65015983581543,3400
2006-11-23,19.350000381469727,19.5,18.799999237060547,19.100000381469727,18.79778480529785,3562
2006-11-24,19.549999237060547,19.600000381469727,18.649999618530273,19.0,18.69936752319336,2132
2006-11-27,19.450000762939453,19.450000762939453,18.149999618530273,18.950000762939453,18.65015983581543,2304
2006-11-28,18.299999237060547,18.850000381469727,18.049999237060547,18.75,18.453323364257812,1426
2006-11-29,19.25,19.25,19.0,19.049999237060547,18.74857521057129,364
2006-11-30,18.149999618530273,19.399999618530273,18.149999618530273,18.75,18.453323364257812,1000
2006-12-01,18.399999618530273,19.450000762939453,18.299999237060547,19.350000381469727,19.0438289642334,2397
2006-12-04,20.049999237060547,20.200000762939453,19.200000762939453,20.0,19.683544158935547,4033
2006-12-05,19.450000762939453,20.75,19.450000762939453,20.450000762939453,20.12642478942871,3174
2006-12-06,19.75,20.25,19.600000381469727,19.899999618530273,19.585126876831055,2373
2006-12-07,19.75,20.399999618530273,19.25,19.75,19.4375,1590
2006-12-08,19.549999237060547,19.549999237060547,18.799999237060547,18.850000381469727,18.551740646362305,5473
2006-12-11,18.200000762939453,19.450000762939453,18.200000762939453,18.299999237060547,18.01044273376465,570
2006-12-12,18.049999237060547,18.049999237060547,17.649999618530273,17.950000762939453,17.66598129272461,2254
2006-12-13,17.149999618530273,18.0,17.149999618530273,17.600000381469727,17.32151985168457,2400
2006-12-14,18.450000762939453,18.450000762939453,17.899999618530273,17.899999618530273,17.616771697998047,750
2006-12-15,17.75,18.75,17.75,18.75,18.453323364257812,561
2006-12-18,19.600000381469727,19.600000381469727,18.5,18.75,18.453323364257812,1661
2006-12-19,18.5,18.5,18.149999618530273,18.200000762939453,17.912025451660156,1200
2006-12-20,18.25,19.100000381469727,17.850000381469727,19.0,18.69936752319336,1300
2006-12-21,19.899999618530273,19.899999618530273,18.100000381469727,18.200000762939453,17.912025451660156,2410
2006-12-22,18.049999237060547,18.100000381469727,17.5,17.600000381469727,17.32151985168457,1063
2006-12-26,17.5,18.450000762939453,17.149999618530273,18.450000762939453,18.158071517944336,1242
2006-12-27,19.350000381469727,19.350000381469727,18.5,18.950000762939453,18.65015983581543,2516
2006-12-28,19.850000381469727,19.850000381469727,18.950000762939453,19.149999618530273,18.846994400024414,5252
2006-12-29,20.0,20.0,18.700000762939453,19.399999618530273,19.09303855895996,2405
2007-01-02,19.799999237060547,20.350000381469727,19.100000381469727,19.799999237060547,19.48670768737793,3924
2007-01-03,19.100000381469727,19.100000381469727,19.100000381469727,19.100000381469727,18.79778480529785,750
2007-01-04,18.350000381469727,19.5,18.350000381469727,19.5,19.191455841064453,1400
2007-01-05,18.649999618530273,20.450000762939453,18.549999237060547,20.450000762939453,20.12642478942871,7992
2007-01-08,21.200000762939453,21.399999618530273,20.5,21.149999618530273,20.81534767150879,5211
2007-01-09,20.350000381469727,21.350000381469727,20.100000381469727,20.850000381469727,20.520095825195312,3811
2007-01-10,20.5,20.5,19.899999618530273,20.5,20.17563247680664,1087
2007-01-11,19.5,21.5,19.5,21.5,21.15981101989746,6209
2007-01-12,22.5,22.549999237060547,22.5,22.549999237060547,22.193195343017578,5500
2007-01-15,23.649999618530273,23.649999618530273,23.649999618530273,23.649999618530273,23.27579116821289,3600
2007-01-16,24.75,24.799999237060547,24.75,24.799999237060547,24.407594680786133,5493
2007-01-17,26.0,26.0,25.049999237060547,25.649999618530273,25.2441463470459,43642
2007-01-18,26.899999618530273,26.899999618530273,24.399999618530273,25.100000381469727,24.702848434448242,20422
2007-01-19,24.200000762939453,26.350000381469727,23.850000381469727,25.200000762939453,24.801267623901367,8975
2007-01-22,26.0,26.0,24.649999618530273,25.399999618530273,24.99810218811035,5807
2007-01-23,24.799999237060547,25.0,24.149999618530273,24.200000762939453,23.817089080810547,3777
2007-01-24,24.0,24.899999618530273,23.0,23.0,22.636075973510742,2652
2007-01-25,23.75,23.75,21.899999618530273,21.899999618530273,21.55348014831543,2439
2007-01-29,22.0,22.950000762939453,21.950000762939453,22.25,21.8979434967041,642
2007-01-31,21.899999618530273,23.0,21.200000762939453,22.649999618530273,22.291614532470703,1932
2007-02-01,22.850000381469727,23.75,22.850000381469727,23.700000762939453,23.325000762939453,3103
2007-02-02,24.799999237060547,24.850000381469727,22.649999618530273,23.549999237060547,23.1773738861084,6824
2007-02-05,22.649999618530273,24.5,22.649999618530273,24.100000381469727,23.718671798706055,2700
2007-02-06,23.25,24.399999618530273,22.899999618530273,23.399999618530273,23.029747009277344,3020
2007-02-07,22.700000762939453,23.299999237060547,22.5,22.649999618530273,22.291614532470703,2702
2007-02-08,23.600000381469727,23.75,22.25,22.600000381469727,22.24240493774414,3857
2007-02-09,21.649999618530273,23.100000381469727,21.649999618530273,22.549999237060547,22.193195343017578,651
2007-02-12,21.600000381469727,22.950000762939453,21.450000762939453,22.25,21.8979434967041,2725
2007-02-13,22.0,22.450000762939453,21.600000381469727,21.649999618530273,21.307435989379883,592
2007-02-14,22.700000762939453,22.700000762939453,20.600000381469727,20.850000381469727,20.520095825195312,4725
2007-02-15,21.799999237060547,21.799999237060547,21.25,21.75,21.405855178833008,2550
2007-02-19,21.0,22.799999237060547,21.0,22.799999237060547,22.439239501953125,2131
2007-02-20,23.899999618530273,23.899999618530273,22.25,22.799999237060547,22.439239501953125,3002
2007-02-21,23.350000381469727,23.649999618530273,21.700000762939453,22.399999618530273,22.045570373535156,6957
2007-02-22,22.0,22.950000762939453,22.0,22.799999237060547,22.439239501953125,1549
2007-02-23,22.899999618530273,23.399999618530273,21.700000762939453,22.950000762939453,22.586868286132812,7391
2007-02-26,23.950000762939453,24.049999237060547,22.0,23.899999618530273,23.521835327148438,4646
2007-02-27,24.049999237060547,24.049999237060547,22.75,22.950000762939453,22.586868286132812,2123
2007-02-28,21.850000381469727,22.700000762939453,21.850000381469727,21.899999618530273,21.55348014831543,4778
2007-03-01,21.0,22.0,21.0,21.5,21.15981101989746,1178
2007-03-02,22.149999618530273,22.200000762939453,21.399999618530273,21.549999237060547,21.20901870727539,1528
2007-03-05,22.200000762939453,22.200000762939453,20.5,20.75,20.421676635742188,6579
2007-03-06,19.899999618530273,21.0,19.899999618530273,20.600000381469727,20.274051666259766,570
2007-03-07,19.700000762939453,19.75,19.600000381469727,19.600000381469727,19.289875030517578,451
2007-03-08,20.0,20.0,18.799999237060547,19.899999618530273,19.585126876831055,1120
2007-03-09,20.75,20.75,19.5,19.5,19.191455841064453,205
2007-03-12,20.299999237060547,20.399999618530273,19.5,20.25,19.929588317871094,1793
2007-03-13,19.299999237060547,21.200000762939453,19.299999237060547,21.049999237060547,20.716930389404297,3207
2007-03-14,21.0,21.799999237060547,20.0,21.25,20.913766860961914,1992
2007-03-15,20.200000762939453,21.950000762939453,20.200000762939453,21.450000762939453,21.1106014251709,717
2007-03-16,20.450000762939453,20.450000762939453,20.399999618530273,20.399999618530273,20.07721519470215,351
2007-03-19,20.0,21.399999618530273,19.5,21.100000381469727,20.76613998413086,1165
2007-03-20,21.950000762939453,22.0,20.5,20.549999237060547,20.224842071533203,1652
2007-03-21,19.549999237060547,21.0,19.549999237060547,20.450000762939453,20.12642478942871,351
2007-03-22,19.700000762939453,21.350000381469727,19.700000762939453,21.200000762939453,20.86455726623535,1526
2007-03-23,20.149999618530273,20.25,20.149999618530273,20.200000762939453,19.880380630493164,350
2007-03-26,19.25,20.850000381469727,19.200000762939453,19.600000381469727,19.289875030517578,5557
2007-03-28,18.799999237060547,18.799999237060547,18.649999618530273,18.700000762939453,18.404115676879883,1649
2007-03-29,18.100000381469727,19.0,17.850000381469727,18.299999237060547,18.01044273376465,2302
2007-03-30,17.799999237060547,19.200000762939453,17.75,19.200000762939453,18.896203994750977,1027
2007-04-02,20.100000381469727,20.100000381469727,18.25,18.350000381469727,18.05965232849121,2350
2007-04-03,18.950000762939453,18.950000762939453,18.950000762939453,18.950000762939453,18.65015983581543,100
2007-04-04,19.75,19.75,18.75,19.25,18.945411682128906,600
2007-04-05,19.549999237060547,20.049999237060547,19.549999237060547,20.049999237060547,19.732751846313477,1060
2007-04-09,19.149999618530273,21.049999237060547,19.149999618530273,21.049999237060547,20.716930389404297,5117
2007-04-10,22.100000381469727,22.100000381469727,20.049999237060547,22.049999237060547,21.701107025146484,2364
2007-04-11,23.149999618530273,23.149999618530273,22.049999237060547,23.149999618530273,22.783702850341797,3155
2007-04-12,24.299999237060547,24.299999237060547,22.25,23.049999237060547,22.685283660888672,3716
2007-04-13,22.25,24.149999618530273,22.049999237060547,23.25,22.88212013244629,3446
2007-04-16,22.25,24.350000381469727,22.25,24.100000381469727,23.718671798706055,3474
2007-04-17,24.149999618530273,25.299999237060547,24.0,25.100000381469727,24.702848434448242,8683
2007-04-18,25.850000381469727,26.350000381469727,25.0,26.25,25.834651947021484,14280
2007-04-19,27.399999618530273,27.549999237060547,26.0,27.450000762939453,27.01566505432129,14343
2007-04-20,28.0,28.799999237060547,28.0,28.799999237060547,28.344303131103516,10575
2007-04-23,30.200000762939453,30.200000762939453,30.200000762939453,30.200000762939453,29.722152709960938,16657
2007-04-24,31.700000762939453,31.700000762939453,30.600000381469727,31.600000381469727,31.100000381469727,29601
2007-04-25,33.099998474121094,33.150001525878906,31.649999618530273,33.150001525878906,32.6254768371582,32136
2007-04-26,34.0,34.79999923706055,33.5,34.75,34.200157165527344,23884
2007-04-27,35.0,36.349998474121094,33.75,35.150001525878906,34.59383010864258,19311
2007-04-30,36.349998474121094,36.900001525878906,35.29999923706055,36.900001525878906,36.31614303588867,20065
2007-05-03,38.70000076293945,38.70000076293945,38.0,38.70000076293945,38.0876579284668,22085
2007-05-04,40.599998474121094,40.599998474121094,40.599998474121094,40.599998474121094,39.95759582519531,6232
2007-05-07,42.599998474121094,42.599998474121094,42.599998474121094,42.599998474121094,41.92594909667969,16799
2007-05-08,44.70000076293945,44.70000076293945,41.20000076293945,44.70000076293945,43.99272155761719,38461
2007-05-09,46.79999923706055,46.900001525878906,44.849998474121094,46.900001525878906,46.15791320800781,24992
2007-05-10,49.150001525878906,49.20000076293945,45.20000076293945,46.599998474121094,45.86265563964844,39000
2007-05-11,44.75,46.5,44.29999923706055,44.29999923706055,43.59905242919922,11094
2007-05-14,42.650001525878906,43.400001525878906,42.099998474121094,42.099998474121094,41.433860778808594,21351
2007-05-15,40.099998474121094,41.0,40.0,40.0,39.367088317871094,8013
2007-05-16,38.04999923706055,39.0,38.04999923706055,38.04999923706055,37.44794464111328,10241
2007-05-17,36.20000076293945,38.0,36.150001525878906,36.150001525878906,35.578006744384766,24735
2007-05-18,34.400001525878906,35.900001525878906,34.400001525878906,34.95000076293945,34.396995544433594,10925
2007-05-21,35.20000076293945,36.650001525878906,35.20000076293945,36.650001525878906,36.070098876953125,1691
2007-05-22,38.45000076293945,38.45000076293945,36.900001525878906,38.45000076293945,37.84161376953125,21791
2007-05-23,39.400001525878906,39.400001525878906,36.54999923706055,37.150001525878906,36.56218719482422,12590
2007-05-24,38.0,38.0,35.29999923706055,35.400001525878906,34.839874267578125,3929
2007-05-25,34.04999923706055,35.5,33.70000076293945,34.29999923706055,33.75727844238281,2995
2007-05-28,34.0,34.0,33.54999923706055,33.650001525878906,33.1175651550293,1570
2007-05-29,32.20000076293945,34.45000076293945,32.0,32.099998474121094,31.592086791992188,6556
2007-05-30,32.95000076293945,32.95000076293945,31.100000381469727,32.150001525878906,31.641300201416016,6619
2007-05-31,31.799999237060547,32.0,30.549999237060547,31.100000381469727,30.607912063598633,2788
2007-06-01,31.450000762939453,31.5,29.649999618530273,29.950000762939453,29.47610855102539,6625
2007-06-04,31.299999237060547,31.299999237060547,30.100000381469727,30.299999237060547,29.82056999206543,1003
2007-06-05,29.700000762939453,30.5,29.700000762939453,29.899999618530273,29.426898956298828,1449
2007-06-06,28.600000381469727,31.0,28.600000381469727,30.350000381469727,29.869779586791992,4390
2007-06-07,29.450000762939453,31.850000381469727,29.450000762939453,31.850000381469727,31.346044540405273,5872
2007-06-08,33.400001525878906,33.400001525878906,31.299999237060547,33.400001525878906,32.87152099609375,7804
2007-06-11,35.04999923706055,35.04999923706055,34.20000076293945,34.900001525878906,34.34778594970703,7121
2007-06-12,34.099998474121094,36.45000076293945,34.099998474121094,35.70000076293945,35.135128021240234,3787
2007-06-13,35.5,36.900001525878906,35.5,36.29999923706055,35.72563171386719,1470
2007-06-14,37.400001525878906,38.099998474121094,35.75,38.099998474121094,37.49715042114258,15020
2007-06-15,40.0,40.0,36.599998474121094,37.150001525878906,36.56218719482422,6033
2007-06-18,35.75,38.45000076293945,35.75,37.25,36.66060256958008,1950
2007-06-19,35.650001525878906,37.5,35.54999923706055,37.5,36.906646728515625,3529
2007-06-20,38.0,38.70000076293945,37.29999923706055,38.0,37.39873504638672,1861
2007-06-21,36.5,39.0,36.5,38.0,37.39873504638672,3776
2007-06-22,36.54999923706055,39.0,36.54999923706055,38.25,37.644779205322266,3135
2007-06-25,37.0,39.0,36.599998474121094,38.0,37.39873504638672,6310
2007-06-26,37.0,39.900001525878906,36.650001525878906,39.79999923706055,39.17025375366211,29205
2007-06-27,41.75,41.75,40.0,40.70000076293945,40.05601501464844,14786
2007-06-28,38.70000076293945,42.70000076293945,38.70000076293945,42.04999923706055,41.38465118408203,18075
2007-06-29,43.150001525878906,43.79999923706055,42.400001525878906,42.650001525878906,41.97515869140625,8348
2007-07-02,44.75,44.75,42.0,44.75,44.04193115234375,24261
2007-07-03,46.75,46.75,42.849998474121094,45.04999923706055,44.33718490600586,11095
2007-07-04,45.099998474121094,45.099998474121094,42.79999923706055,43.900001525878906,43.20538330078125,8287
2007-07-05,43.650001525878906,43.650001525878906,41.75,41.75,41.08940124511719,8926
2007-07-06,43.5,43.79999923706055,40.599998474121094,40.75,40.105220794677734,5595
2007-07-09,41.04999923706055,42.70000076293945,38.75,40.900001525878906,40.25284957885742,4898
2007-07-10,39.0,42.900001525878906,38.900001525878906,42.150001525878906,41.483070373535156,19486
2007-07-11,41.54999923706055,42.54999923706055,40.099998474121094,40.75,40.105220794677734,6539
2007-07-12,41.900001525878906,41.900001525878906,38.900001525878906,39.79999923706055,39.17025375366211,3428
2007-07-13,38.599998474121094,39.54999923706055,37.95000076293945,39.099998474121094,38.481327056884766,6029
2007-07-16,40.349998474121094,41.04999923706055,40.0,40.5,39.85917663574219,4848
2007-07-17,42.0,42.25,39.54999923706055,41.70000076293945,41.040191650390625,2200
2007-07-18,41.0,43.70000076293945,41.0,42.54999923706055,41.876739501953125,10285
2007-07-19,42.29999923706055,43.650001525878906,41.650001525878906,42.150001525878906,41.483070373535156,5285
2007-07-20,42.099998474121094,43.0,40.20000076293945,42.849998474121094,42.171993255615234,4000
2007-07-23,43.75,43.75,41.29999923706055,42.95000076293945,42.27041244506836,7729
2007-07-24,41.400001525878906,42.0,40.849998474121094,41.29999923706055,40.64651870727539,3400
2007-07-25,40.099998474121094,42.5,39.45000076293945,41.849998474121094,41.18781661987305,6415
2007-07-26,41.900001525878906,42.25,41.599998474121094,42.04999923706055,41.38465118408203,4792
2007-07-27,42.5,42.70000076293945,40.599998474121094,42.0,41.335445404052734,8141
2007-07-30,39.95000076293945,39.95000076293945,39.95000076293945,39.95000076293945,39.3178825378418,102
2007-07-31,38.0,38.0,38.0,38.0,37.39873504638672,1000
2007-08-01,36.150001525878906,36.150001525878906,36.150001525878906,36.150001525878906,35.578006744384766,875
2007-08-02,34.349998474121094,34.349998474121094,34.349998474121094,34.349998474121094,33.806488037109375,625
2007-08-03,34.349998474121094,34.349998474121094,32.650001525878906,32.650001525878906,32.13338851928711,8440
2007-08-06,31.049999237060547,31.049999237060547,31.049999237060547,31.049999237060547,30.55870246887207,1148
2007-08-07,29.549999237060547,32.599998474121094,29.5,31.0,30.50949478149414,34589
2007-08-08,31.049999237060547,32.20000076293945,30.5,31.5,31.001583099365234,10620
2007-08-09,32.75,32.79999923706055,30.049999237060547,30.049999237060547,29.574525833129883,6653
2007-08-10,31.149999618530273,31.149999618530273,30.0,30.0,29.52531623840332,1100
2007-08-13,30.0,31.450000762939453,28.600000381469727,31.350000381469727,30.85395622253418,3773
2007-08-14,32.0,32.0,30.5,31.600000381469727,31.100000381469727,2460
2007-08-16,31.0,32.650001525878906,30.049999237060547,30.049999237060547,30.049999237060547,1724
2007-08-17,30.149999618530273,30.950000762939453,28.549999237060547,30.600000381469727,30.600000381469727,2900
2007-08-20,31.0,32.099998474121094,29.549999237060547,30.100000381469727,30.100000381469727,3908
2007-08-21,28.700000762939453,30.049999237060547,28.649999618530273,28.649999618530273,28.649999618530273,2807
2007-08-22,27.299999237060547,28.950000762939453,27.299999237060547,28.649999618530273,28.649999618530273,2145
2007-08-23,28.5,28.5,27.25,28.5,28.5,5704
2007-08-24,27.25,29.899999618530273,27.200000762939453,29.899999618530273,29.899999618530273,1829
2007-08-27,30.950000762939453,30.950000762939453,30.049999237060547,30.600000381469727,30.600000381469727,816
2007-08-28,29.299999237060547,30.0,29.100000381469727,30.0,30.0,2050
2007-08-29,31.450000762939453,31.450000762939453,29.049999237060547,30.799999237060547,30.799999237060547,4498
2007-08-30,31.350000381469727,31.350000381469727,29.549999237060547,30.899999618530273,30.899999618530273,6065
2007-08-31,31.25,32.400001525878906,31.25,32.20000076293945,32.20000076293945,3769
2007-09-03,32.79999923706055,33.79999923706055,32.79999923706055,33.650001525878906,33.650001525878906,2190
2007-09-04,34.0,35.25,32.0,33.349998474121094,33.349998474121094,4781
2007-09-05,33.0,33.45000076293945,31.799999237060547,33.20000076293945,33.20000076293945,1160
2007-09-06,32.20000076293945,33.849998474121094,32.099998474121094,33.20000076293945,33.20000076293945,3790
2007-09-07,33.900001525878906,33.95000076293945,31.799999237060547,33.0,33.0,2667
2007-09-10,33.0,33.900001525878906,31.5,33.900001525878906,33.900001525878906,1221
2007-09-11,33.849998474121094,35.29999923706055,31.0,34.349998474121094,34.349998474121094,1958
2007-09-12,31.600000381469727,34.0,31.5,33.75,33.75,2715
2007-09-13,32.0,32.0,31.0,32.0,32.0,1700
2007-09-14,29.200000762939453,31.25,29.200000762939453,30.0,30.0,1000
2007-09-17,30.0,34.150001525878906,27.950000762939453,33.54999923706055,33.54999923706055,1868
2007-09-18,32.849998474121094,33.0,31.399999618530273,32.0,32.0,2225
2007-09-19,33.54999923706055,33.54999923706055,31.700000762939453,32.79999923706055,32.79999923706055,1700
2007-09-20,30.0,33.400001525878906,29.549999237060547,30.899999618530273,30.899999618530273,5210
2007-09-21,29.100000381469727,29.950000762939453,28.5,28.5,28.5,7000
2007-09-24,28.5,28.5,26.299999237060547,27.700000762939453,27.700000762939453,4552
2007-09-25,28.5,30.0,26.0,29.549999237060547,29.549999237060547,7495
2007-09-26,27.0,30.350000381469727,27.0,29.799999237060547,29.799999237060547,1900
2007-09-27,30.0,31.350000381469727,27.549999237060547,28.5,28.5,2871
2007-09-28,28.5,29.399999618530273,28.5,28.649999618530273,28.649999618530273,1251
2007-10-01,28.950000762939453,30.600000381469727,28.75,29.649999618530273,29.649999618530273,3529
2007-10-03,30.0,31.25,27.5,27.950000762939453,27.950000762939453,4640
2007-10-04,27.899999618530273,27.950000762939453,27.049999237060547,27.350000381469727,27.350000381469727,383
2007-10-05,28.850000381469727,28.850000381469727,27.0,27.5,27.5,1263
2007-10-08,27.5,27.5,26.649999618530273,26.649999618530273,26.649999618530273,1300
2007-10-09,24.799999237060547,28.5,24.799999237060547,28.5,28.5,2279
2007-10-10,27.0,28.0,26.5,27.5,27.5,2111
2007-10-11,25.100000381469727,27.350000381469727,25.0,25.5,25.5,2350
2007-10-12,23.549999237060547,27.350000381469727,23.5,27.350000381469727,27.350000381469727,2727
2007-10-15,26.700000762939453,28.299999237060547,26.700000762939453,28.0,28.0,2327
2007-10-16,28.0,30.299999237060547,27.5,28.950000762939453,28.950000762939453,4281
2007-10-17,29.950000762939453,31.5,28.049999237060547,31.5,31.5,2907
2007-10-18,33.150001525878906,33.25,27.399999618530273,29.149999618530273,29.149999618530273,3086
2007-10-19,30.299999237060547,30.299999237060547,27.200000762939453,29.0,29.0,1104
2007-10-22,26.0,27.100000381469727,25.700000762939453,25.700000762939453,25.700000762939453,7733
2007-10-23,26.950000762939453,26.950000762939453,24.549999237060547,25.0,25.0,3441
2007-10-24,26.850000381469727,26.850000381469727,22.549999237060547,22.850000381469727,22.850000381469727,30563
2007-10-25,23.0,24.5,22.100000381469727,24.0,24.0,3956
2007-10-26,24.0,25.0,23.049999237060547,24.100000381469727,24.100000381469727,2415
2007-10-29,24.5,24.600000381469727,22.100000381469727,22.600000381469727,22.600000381469727,6352
2007-10-30,22.25,23.899999618530273,22.25,23.0,23.0,2470
2007-10-31,23.049999237060547,23.899999618530273,22.200000762939453,23.5,23.5,3651
2007-11-01,22.0,23.0,22.0,23.0,23.0,2300
2007-11-02,21.399999618530273,23.899999618530273,21.399999618530273,23.450000762939453,23.450000762939453,2611
2007-11-05,22.450000762939453,24.850000381469727,22.0,24.299999237060547,24.299999237060547,5551
2007-11-06,23.200000762939453,24.899999618530273,22.5,23.149999618530273,23.149999618530273,6230
2007-11-07,24.200000762939453,24.600000381469727,22.549999237060547,24.350000381469727,24.350000381469727,1354
2007-11-08,24.299999237060547,24.299999237060547,22.200000762939453,23.700000762939453,23.700000762939453,5575
2007-11-12,19.399999618530273,23.850000381469727,19.399999618530273,22.649999618530273,22.649999618530273,730
2007-11-13,22.100000381469727,23.950000762939453,21.350000381469727,22.200000762939453,22.200000762939453,10479
2007-11-14,24.100000381469727,24.899999618530273,23.100000381469727,24.200000762939453,24.200000762939453,9959
2007-11-15,20.549999237060547,25.600000381469727,20.549999237060547,24.350000381469727,24.350000381469727,3856
2007-11-16,26.399999618530273,26.399999618530273,23.549999237060547,24.799999237060547,24.799999237060547,7812
2007-11-19,25.0,26.0,24.5,25.700000762939453,25.700000762939453,2456
2007-11-20,26.950000762939453,30.700000762939453,26.0,29.350000381469727,29.350000381469727,23555
2007-11-21,28.049999237060547,30.100000381469727,28.049999237060547,28.649999618530273,28.649999618530273,9910
2007-11-22,28.0,28.850000381469727,25.0,27.700000762939453,27.700000762939453,3145
2007-11-23,28.25,30.0,28.149999618530273,28.600000381469727,28.600000381469727,7783
2007-11-26,28.0,29.0,27.600000381469727,28.5,28.5,660
2007-11-27,27.049999237060547,27.700000762939453,27.0,27.700000762939453,27.700000762939453,1273
2007-11-28,27.799999237060547,27.799999237060547,26.299999237060547,26.299999237060547,26.299999237060547,3083
2007-11-29,27.0,27.5,26.0,27.5,27.5,1315
2007-11-30,26.0,26.950000762939453,25.75,26.200000762939453,26.200000762939453,485
2007-12-03,25.549999237060547,25.799999237060547,24.0,25.350000381469727,25.350000381469727,12695
2007-12-04,25.5,26.0,24.600000381469727,25.0,25.0,3035
2007-12-05,25.850000381469727,27.899999618530273,25.25,27.0,27.0,4297
2007-12-06,21.5,27.899999618530273,21.5,27.149999618530273,27.149999618530273,2474
2007-12-07,26.049999237060547,28.100000381469727,26.0,27.5,27.5,6240
2007-12-10,23.100000381469727,28.899999618530273,23.100000381469727,28.649999618530273,28.649999618530273,11068
2007-12-11,28.899999618530273,28.899999618530273,27.600000381469727,28.049999237060547,28.049999237060547,3138
2007-12-12,28.100000381469727,30.450000762939453,27.700000762939453,29.5,29.5,6216
2007-12-13,25.049999237060547,32.0,25.049999237060547,29.799999237060547,29.799999237060547,12481
2007-12-14,30.799999237060547,31.0,28.100000381469727,29.950000762939453,29.950000762939453,6333
2007-12-17,31.299999237060547,35.75,28.0,31.450000762939453,31.450000762939453,36675
2007-12-18,29.100000381469727,32.0,28.100000381469727,29.549999237060547,29.549999237060547,5113
2007-12-19,32.0,35.45000076293945,31.100000381469727,34.20000076293945,34.20000076293945,67844
2007-12-20,36.45000076293945,40.79999923706055,35.25,39.04999923706055,39.04999923706055,105850
2007-12-24,40.900001525878906,42.099998474121094,36.5,36.54999923706055,36.54999923706055,16632
2007-12-26,38.0,39.0,35.54999923706055,37.54999923706055,37.54999923706055,49893
2007-12-27,36.349998474121094,37.0,34.20000076293945,35.599998474121094,35.599998474121094,7153
2007-12-28,35.25,40.5,35.25,39.75,39.75,34936
2007-12-31,39.900001525878906,43.0,38.20000076293945,42.0,42.0,168394
2008-01-01,42.349998474121094,50.0,41.150001525878906,49.0,49.0,130090
2008-01-02,50.20000076293945,53.900001525878906,47.0,53.900001525878906,53.900001525878906,131553
2008-01-03,52.0,56.0,49.099998474121094,49.70000076293945,49.70000076293945,76656
2008-01-04,48.0,50.5,46.099998474121094,47.5,47.5,25237
2008-01-07,49.0,50.0,43.5,43.5,43.5,22446
2008-01-08,45.20000076293945,46.400001525878906,39.79999923706055,40.04999923706055,40.04999923706055,21199
2008-01-09,40.5,42.0,36.20000076293945,39.400001525878906,39.400001525878906,11433
2008-01-10,38.099998474121094,40.20000076293945,37.95000076293945,39.650001525878906,39.650001525878906,10679
2008-01-11,36.849998474121094,38.0,36.400001525878906,36.400001525878906,36.400001525878906,12219
2008-01-14,38.0,38.20000076293945,36.0,38.20000076293945,38.20000076293945,6948
2008-01-15,40.099998474121094,40.099998474121094,36.29999923706055,36.29999923706055,36.29999923706055,5720
2008-01-16,36.25,37.75,35.0,36.0,36.0,2789
2008-01-17,35.099998474121094,37.79999923706055,35.04999923706055,37.79999923706055,37.79999923706055,4512
2008-01-18,37.5,37.79999923706055,35.95000076293945,35.95000076293945,35.95000076293945,3845
2008-01-21,35.0,35.70000076293945,34.20000076293945,34.20000076293945,34.20000076293945,3740
2008-01-22,32.5,32.5,32.5,32.5,32.5,1000
2008-01-23,34.099998474121094,34.099998474121094,31.0,31.0,31.0,1746
2008-01-24,29.5,32.5,29.5,29.5,29.5,701
2008-01-25,30.850000381469727,30.850000381469727,30.850000381469727,30.850000381469727,30.850000381469727,50
2008-01-28,29.350000381469727,29.350000381469727,29.350000381469727,29.350000381469727,29.350000381469727,18
2008-01-29,28.049999237060547,30.0,27.899999618530273,27.899999618530273,27.899999618530273,1202
2008-01-30,26.549999237060547,26.899999618530273,26.549999237060547,26.549999237060547,26.549999237060547,15689
2008-01-31,26.549999237060547,27.75,25.25,25.25,25.25,1768
2008-02-01,24.049999237060547,26.5,24.0,26.200000762939453,26.200000762939453,1961
2008-02-04,27.450000762939453,27.450000762939453,24.899999618530273,25.5,25.5,2314
2008-02-05,26.649999618530273,26.75,25.149999618530273,26.75,26.75,4443
2008-02-06,25.5,27.899999618530273,25.5,27.0,27.0,1480
2008-02-07,27.0,27.350000381469727,26.5,26.649999618530273,26.649999618530273,5649
2008-02-08,25.75,25.950000762939453,25.350000381469727,25.350000381469727,25.350000381469727,1401
2008-02-11,24.100000381469727,25.450000762939453,24.100000381469727,24.100000381469727,24.100000381469727,577
2008-02-12,25.0,25.0,22.899999618530273,22.899999618530273,22.899999618530273,508
2008-02-13,21.799999237060547,23.850000381469727,21.799999237060547,21.799999237060547,21.799999237060547,5441
2008-02-14,20.799999237060547,22.5,20.75,20.75,20.75,2830
2008-02-15,20.75,20.75,19.75,20.700000762939453,20.700000762939453,3502
2008-02-18,20.149999618530273,21.350000381469727,19.5,21.100000381469727,21.100000381469727,2960
2008-02-19,20.649999618530273,21.950000762939453,20.649999618530273,21.649999618530273,21.649999618530273,5326
2008-02-20,22.450000762939453,22.450000762939453,20.75,21.299999237060547,21.299999237060547,1824
2008-02-21,21.0,21.850000381469727,21.0,21.0,21.0,230
2008-02-22,21.700000762939453,21.700000762939453,20.049999237060547,20.049999237060547,20.049999237060547,2646
2008-02-25,20.0,20.399999618530273,20.0,20.399999618530273,20.399999618530273,213
2008-02-26,20.25,20.299999237060547,20.100000381469727,20.299999237060547,20.299999237060547,610
2008-02-27,20.100000381469727,21.299999237060547,20.100000381469727,21.299999237060547,21.299999237060547,1261
2008-02-28,21.899999618530273,22.25,21.049999237060547,22.25,22.25,632
2008-02-29,21.649999618530273,22.0,20.850000381469727,20.850000381469727,20.850000381469727,430
2008-03-03,22.700000762939453,22.700000762939453,20.75,22.0,22.0,4112
2008-03-04,21.0,21.049999237060547,20.950000762939453,20.950000762939453,20.950000762939453,699
2008-03-05,20.5,20.649999618530273,19.950000762939453,20.649999618530273,20.649999618530273,2412
2008-03-07,19.649999618530273,19.649999618530273,19.649999618530273,19.649999618530273,19.649999618530273,101
2008-03-10,17.700000762939453,19.0,17.700000762939453,17.700000762939453,17.700000762939453,3913
2008-03-11,19.0,19.0,17.100000381469727,18.75,18.75,3205
2008-03-12,17.25,20.399999618530273,17.25,18.600000381469727,18.600000381469727,12465
2008-03-13,17.0,19.700000762939453,16.850000381469727,16.850000381469727,16.850000381469727,17838
2008-03-14,18.0,18.0,15.199999809265137,15.300000190734863,15.300000190734863,1668
2008-03-17,16.700000762939453,16.700000762939453,14.0,14.300000190734863,14.300000190734863,9155
2008-03-18,13.100000381469727,15.699999809265137,13.100000381469727,15.149999618530273,15.149999618530273,23329
2008-03-19,14.0,14.75,14.0,14.300000190734863,14.300000190734863,7665
2008-03-24,13.699999809265137,14.899999618530273,13.699999809265137,13.850000381469727,13.850000381469727,3633
2008-03-25,13.550000190734863,14.5,13.550000190734863,14.300000190734863,14.300000190734863,1819
2008-03-26,14.5,15.0,14.199999809265137,15.0,15.0,8001
2008-03-27,14.300000190734863,15.449999809265137,14.25,14.949999809265137,14.949999809265137,18577
2008-03-28,15.199999809265137,15.649999618530273,15.199999809265137,15.649999618530273,15.649999618530273,10500
2008-03-31,16.399999618530273,16.399999618530273,16.399999618530273,16.399999618530273,16.399999618530273,772
2008-04-01,17.200000762939453,17.200000762939453,16.0,17.200000762939453,17.200000762939453,740
2008-04-02,17.899999618530273,17.950000762939453,17.5,17.950000762939453,17.950000762939453,2191
2008-04-03,18.0,18.399999618530273,18.0,18.399999618530273,18.399999618530273,115
2008-04-04,19.299999237060547,19.299999237060547,17.700000762939453,17.700000762939453,17.700000762939453,1101
2008-04-07,18.5,20.0,18.350000381469727,18.350000381469727,18.350000381469727,2964
2008-04-08,19.0,19.0,18.0,18.0,18.0,553
2008-04-09,17.850000381469727,18.399999618530273,17.75,17.899999618530273,17.899999618530273,1144
2008-04-10,17.75,18.600000381469727,17.049999237060547,18.149999618530273,18.149999618530273,2131
2008-04-11,19.049999237060547,19.049999237060547,17.5,18.0,18.0,3116
2008-04-15,18.899999618530273,18.899999618530273,18.899999618530273,18.899999618530273,18.899999618530273,1054
2008-04-16,19.649999618530273,19.799999237060547,19.649999618530273,19.799999237060547,19.799999237060547,1582
2008-04-17,20.600000381469727,20.75,19.049999237060547,20.0,20.0,2859
2008-04-21,20.950000762939453,21.0,20.950000762939453,21.0,21.0,967
2008-04-22,22.0,22.0,21.049999237060547,21.799999237060547,21.799999237060547,770
2008-04-23,22.5,22.5,20.75,21.850000381469727,21.850000381469727,1209
2008-04-24,22.899999618530273,22.899999618530273,21.0,21.850000381469727,21.850000381469727,1348
2008-04-25,21.899999618530273,22.0,21.5,21.5,21.5,130
2008-04-28,20.600000381469727,21.149999618530273,20.549999237060547,20.799999237060547,20.799999237060547,660
2008-04-29,20.149999618530273,21.399999618530273,19.700000762939453,21.350000381469727,21.350000381469727,602
2008-04-30,21.25,21.25,19.399999618530273,20.950000762939453,20.950000762939453,426
2008-05-02,20.0,21.0,19.950000762939453,20.450000762939453,20.450000762939453,590
2008-05-05,20.299999237060547,20.399999618530273,19.350000381469727,19.950000762939453,19.950000762939453,629
2008-05-06,19.950000762939453,19.950000762939453,19.5,19.950000762939453,19.950000762939453,19
2008-05-07,20.450000762939453,20.450000762939453,18.549999237060547,19.0,19.0,654
2008-05-08,18.0,19.899999618530273,17.350000381469727,19.450000762939453,19.450000762939453,1420
2008-05-09,18.899999618530273,18.950000762939453,18.899999618530273,18.950000762939453,18.950000762939453,300
2008-05-12,18.0,18.450000762939453,17.350000381469727,18.450000762939453,18.450000762939453,1837
2008-05-13,19.350000381469727,19.350000381469727,16.399999618530273,16.600000381469727,16.600000381469727,13990
2008-05-14,15.5,17.350000381469727,15.0,16.25,16.25,2199
2008-05-15,15.350000381469727,17.399999618530273,15.350000381469727,17.399999618530273,17.399999618530273,1925
2008-05-16,18.25,18.25,16.100000381469727,17.350000381469727,17.350000381469727,1902
2008-05-20,17.25,17.5,16.549999237060547,17.5,17.5,207
2008-05-21,18.899999618530273,18.899999618530273,16.5,17.100000381469727,17.100000381469727,2035
2008-05-22,18.799999237060547,18.799999237060547,16.5,17.799999237060547,17.799999237060547,1776
2008-05-23,17.0,17.850000381469727,16.899999618530273,16.899999618530273,16.899999618530273,802
2008-05-26,17.5,17.5,17.5,17.5,17.5,2
2008-05-27,18.5,18.5,16.600000381469727,17.700000762939453,17.700000762939453,27
2008-05-28,18.100000381469727,18.100000381469727,16.200000762939453,17.899999618530273,17.899999618530273,2605
2008-05-29,17.100000381469727,18.850000381469727,17.100000381469727,18.649999618530273,18.649999618530273,195
2008-05-30,18.0,18.0,17.100000381469727,17.100000381469727,17.100000381469727,1091
2008-06-02,16.149999618530273,16.5,15.600000381469727,16.049999237060547,16.049999237060547,794
2008-06-03,16.0,16.0,16.0,16.0,16.0,100
2008-06-04,16.0,16.5,15.649999618530273,15.699999809265137,15.699999809265137,1356
2008-06-05,14.600000381469727,15.0,14.600000381469727,15.0,15.0,200
2008-06-06,15.0,16.5,14.050000190734863,16.5,16.5,1095
2008-06-09,15.0,17.899999618530273,14.899999618530273,14.899999618530273,14.899999618530273,635
2008-06-10,15.0,15.0,13.5,13.899999618530273,13.899999618530273,7110
2008-06-11,14.850000381469727,14.850000381469727,14.399999618530273,14.399999618530273,14.399999618530273,335
2008-06-12,14.399999618530273,15.0,14.0,14.550000190734863,14.550000190734863,244
2008-06-13,15.399999618530273,15.399999618530273,13.850000381469727,14.75,14.75,673
2008-06-16,14.25,14.75,14.050000190734863,14.75,14.75,369
2008-06-17,15.0,15.199999809265137,14.25,15.0,15.0,2103
2008-06-18,15.100000381469727,15.350000381469727,14.449999809265137,15.25,15.25,2287
2008-06-19,15.25,15.25,15.25,15.25,15.25,2318
2008-06-20,14.199999809265137,15.25,14.199999809265137,15.25,15.25,802
2008-06-23,15.0,15.0,13.600000381469727,13.800000190734863,13.800000190734863,430
2008-06-24,12.850000381469727,15.0,12.75,13.75,13.75,369
2008-06-25,13.0,13.0,12.699999809265137,12.850000381469727,12.850000381469727,199
2008-06-26,13.050000190734863,13.25,12.75,13.25,13.25,402
2008-06-27,12.5,14.0,12.149999618530273,12.600000381469727,12.600000381469727,403
2008-06-30,12.5,13.25,12.149999618530273,13.0,13.0,1468
2008-07-01,12.0,12.850000381469727,11.710000038146973,11.710000038146973,11.710000038146973,287
2008-07-02,11.0,12.899999618530273,11.0,12.899999618530273,12.899999618530273,1816
2008-07-03,10.800000190734863,12.699999809265137,10.800000190734863,12.699999809265137,12.699999809265137,600
2008-07-04,12.699999809265137,12.699999809265137,12.699999809265137,12.699999809265137,12.699999809265137,2400
2008-07-07,11.550000190734863,11.649999618530273,11.5,11.649999618530273,11.649999618530273,130
2008-07-08,11.649999618530273,11.649999618530273,11.649999618530273,11.649999618530273,11.649999618530273,150
2008-07-09,11.649999618530273,11.649999618530273,11.649999618530273,11.649999618530273,11.649999618530273,810
2008-07-10,11.170000076293945,11.170000076293945,11.170000076293945,11.170000076293945,11.170000076293945,110
2008-07-11,11.199999809265137,12.279999732971191,11.199999809265137,12.279999732971191,12.279999732971191,1115
2008-07-14,12.279999732971191,12.279999732971191,12.279999732971191,12.279999732971191,12.279999732971191,1100
2008-07-15,11.149999618530273,12.0,11.109999656677246,12.0,12.0,700
2008-07-16,12.0,12.449999809265137,11.0,12.449999809265137,12.449999809265137,520
2008-07-17,12.449999809265137,12.449999809265137,12.449999809265137,12.449999809265137,12.449999809265137,100
2008-07-18,11.5,13.649999618530273,11.5,13.649999618530273,13.649999618530273,900
2008-07-21,12.300000190734863,12.300000190734863,12.300000190734863,12.300000190734863,12.300000190734863,100
2008-07-22,12.399999618530273,12.449999809265137,12.399999618530273,12.449999809265137,12.449999809265137,290
2008-07-23,13.649999618530273,13.6899995803833,13.649999618530273,13.6899995803833,13.6899995803833,275
2008-07-24,14.0,14.0,12.510000228881836,12.510000228881836,12.510000228881836,150
2008-07-25,12.15999984741211,12.210000038146973,12.15999984741211,12.210000038146973,12.210000038146973,102
2008-07-28,12.100000381469727,12.100000381469727,12.100000381469727,12.100000381469727,12.100000381469727,100
2008-07-29,12.010000228881836,12.010000228881836,12.010000228881836,12.010000228881836,12.010000228881836,20
2008-07-30,12.0,13.199999809265137,12.0,13.199999809265137,13.199999809265137,110
2008-07-31,13.0,14.520000457763672,13.0,14.520000457763672,14.520000457763672,2600
2008-08-01,15.020000457763672,15.020000457763672,14.0,14.0,14.0,660
2008-08-04,15.399999618530273,15.399999618530273,15.350000381469727,15.399999618530273,15.399999618530273,700
2008-08-05,15.0,15.050000190734863,14.850000381469727,15.050000190734863,15.050000190734863,100
2008-08-06,15.199999809265137,15.800000190734863,15.199999809265137,15.800000190734863,15.800000190734863,530
2008-08-07,16.350000381469727,16.399999618530273,16.350000381469727,16.399999618530273,16.399999618530273,790
2008-08-08,17.200000762939453,17.200000762939453,17.200000762939453,17.200000762939453,17.200000762939453,2
2008-08-11,18.0,18.0,18.0,18.0,18.0,100
2008-08-12,18.0,18.0,18.0,18.0,18.0,800
2008-08-13,17.75,17.899999618530273,17.75,17.75,17.75,900
2008-08-14,17.0,17.5,17.0,17.5,17.5,126
2008-08-18,17.5,18.350000381469727,17.5,18.350000381469727,18.350000381469727,300
2008-08-19,17.440000534057617,18.5,17.440000534057617,17.5,17.5,1466
2008-08-20,17.0,17.049999237060547,17.0,17.049999237060547,17.049999237060547,302
2008-08-21,17.799999237060547,17.799999237060547,17.0,17.0,17.0,450
2008-08-22,17.0,17.0,17.0,17.0,17.0,800
2008-08-25,17.0,17.0,17.0,17.0,17.0,700
2008-08-26,17.600000381469727,17.600000381469727,16.15999984741211,17.450000762939453,17.450000762939453,499
2008-08-27,16.600000381469727,16.600000381469727,16.600000381469727,16.600000381469727,16.600000381469727,250
2008-08-28,17.399999618530273,17.43000030517578,17.399999618530273,17.43000030517578,17.43000030517578,100
2008-08-29,17.43000030517578,17.43000030517578,17.43000030517578,17.43000030517578,17.43000030517578,17
2008-09-02,18.0,18.0,18.0,18.0,18.0,1
2008-09-04,17.899999618530273,18.0,17.149999618530273,18.0,18.0,1869
2008-09-05,18.0,18.0,17.5,17.5,17.5,1000
2008-09-08,17.5,17.5,17.5,17.5,17.5,12
2008-09-09,16.649999618530273,16.649999618530273,16.649999618530273,16.649999618530273,16.649999618530273,390
2008-09-10,16.100000381469727,16.100000381469727,16.100000381469727,16.100000381469727,16.100000381469727,107
2008-09-11,16.5,16.5,16.5,16.5,16.5,202
2008-09-12,15.699999809265137,17.299999237060547,15.699999809265137,16.950000762939453,16.950000762939453,351
2008-09-15,16.149999618530273,16.25,16.149999618530273,16.149999618530273,16.149999618530273,1501
2008-09-16,15.350000381469727,16.799999237060547,15.350000381469727,16.799999237060547,16.799999237060547,404
2008-09-17,16.0,16.299999237060547,16.0,16.200000762939453,16.200000762939453,1073
2008-09-18,16.200000762939453,16.25,16.200000762939453,16.200000762939453,16.200000762939453,3
2008-09-19,16.0,16.950000762939453,15.600000381469727,16.0,16.0,340
2008-09-22,16.450000762939453,16.950000762939453,16.450000762939453,16.799999237060547,16.799999237060547,1640
2008-09-23,16.0,16.5,16.0,16.450000762939453,16.450000762939453,557
2008-09-24,15.699999809265137,16.799999237060547,15.699999809265137,16.600000381469727,16.600000381469727,952
2008-09-25,15.800000190734863,16.799999237060547,15.800000190734863,16.799999237060547,16.799999237060547,501
2008-09-26,16.799999237060547,16.799999237060547,16.799999237060547,16.799999237060547,16.799999237060547,20
2008-09-29,16.0,16.899999618530273,16.0,16.0,16.0,590
2008-10-01,16.0,16.0,16.0,16.0,16.0,7619
2008-10-03,15.25,16.5,15.25,16.5,16.5,115
2008-10-06,15.699999809265137,15.699999809265137,15.699999809265137,15.699999809265137,15.699999809265137,5450
2008-10-07,15.0,16.0,15.0,15.0,15.0,814
2008-10-08,14.300000190734863,14.300000190734863,14.300000190734863,14.300000190734863,14.300000190734863,1075
2008-10-10,13.600000381469727,13.600000381469727,13.600000381469727,13.600000381469727,13.600000381469727,210
2008-10-13,13.0,13.0,12.949999809265137,13.0,13.0,1995
2008-10-14,13.0,13.0,13.0,13.0,13.0,100
2008-10-15,13.0,13.0,13.0,13.0,13.0,100
2008-10-16,12.399999618530273,12.399999618530273,12.399999618530273,12.399999618530273,12.399999618530273,100
2008-10-17,11.800000190734863,12.25,11.800000190734863,11.800000190734863,11.800000190734863,1260
2008-10-20,11.25,11.25,11.25,11.25,11.25,10
2008-10-21,10.75,10.75,10.699999809265137,10.75,10.75,175
2008-10-22,10.25,10.25,10.25,10.25,10.25,11
2008-10-23,9.75,10.0,9.75,10.0,10.0,1910
2008-10-24,9.550000190734863,9.550000190734863,9.550000190734863,9.550000190734863,9.550000190734863,300
2008-10-27,9.550000190734863,9.550000190734863,9.550000190734863,9.550000190734863,9.550000190734863,1200
2008-10-29,9.5,10.0,9.5,10.0,10.0,1155
2008-10-31,10.0,10.0,10.0,10.0,10.0,1000
2008-11-03,9.949999809265137,10.0,9.949999809265137,10.0,10.0,1235
2008-11-04,9.949999809265137,9.949999809265137,9.510000228881836,9.510000228881836,9.510000228881836,1935
2008-11-05,9.979999542236328,9.979999542236328,9.979999542236328,9.979999542236328,9.979999542236328,100
2008-11-06,10.0,10.0,9.489999771118164,9.489999771118164,9.489999771118164,300
2008-11-07,9.949999809265137,9.949999809265137,9.949999809265137,9.949999809265137,9.949999809265137,340
2008-11-10,9.949999809265137,9.949999809265137,9.949999809265137,9.949999809265137,9.949999809265137,150
2008-11-11,9.949999809265137,9.949999809265137,9.949999809265137,9.949999809265137,9.949999809265137,45
2008-11-12,9.949999809265137,9.949999809265137,9.949999809265137,9.949999809265137,9.949999809265137,45
2008-11-14,10.0,10.0,9.600000381469727,9.600000381469727,9.600000381469727,480
2008-11-17,9.5,9.5,9.5,9.5,9.5,20
2008-11-18,9.029999732971191,9.029999732971191,9.029999732971191,9.029999732971191,9.029999732971191,10
2008-11-19,8.600000381469727,8.600000381469727,8.600000381469727,8.600000381469727,8.600000381469727,500
2008-11-20,8.5,8.5,8.180000305175781,8.180000305175781,8.180000305175781,30
2008-11-21,8.0,8.0,7.78000020980835,7.78000020980835,7.78000020980835,821
2008-11-24,7.78000020980835,7.78000020980835,7.78000020980835,7.78000020980835,7.78000020980835,2400
2008-11-25,7.78000020980835,7.78000020980835,7.78000020980835,7.78000020980835,7.78000020980835,1800
2008-11-26,7.78000020980835,7.78000020980835,7.78000020980835,7.78000020980835,7.78000020980835,1800
2008-11-28,7.78000020980835,7.78000020980835,7.78000020980835,7.78000020980835,7.78000020980835,900
2008-12-01,8.15999984741211,8.15999984741211,8.15999984741211,8.15999984741211,8.15999984741211,403
2008-12-04,8.15999984741211,8.15999984741211,8.15999984741211,8.15999984741211,8.15999984741211,1209
2008-12-08,8.15999984741211,8.15999984741211,8.15999984741211,8.15999984741211,8.15999984741211,1209
2008-12-11,8.5600004196167,8.5600004196167,8.5600004196167,8.5600004196167,8.5600004196167,1
2008-12-15,8.5600004196167,8.5600004196167,8.5600004196167,8.5600004196167,8.5600004196167,2
2008-12-16,8.15999984741211,8.979999542236328,8.15999984741211,8.979999542236328,8.979999542236328,60
2008-12-17,8.979999542236328,8.979999542236328,8.979999542236328,8.979999542236328,8.979999542236328,120
2008-12-18,8.979999542236328,8.979999542236328,8.979999542236328,8.979999542236328,8.979999542236328,30
2008-12-19,8.979999542236328,8.979999542236328,8.979999542236328,8.979999542236328,8.979999542236328,60
2008-12-22,8.979999542236328,8.979999542236328,8.979999542236328,8.979999542236328,8.979999542236328,90
2008-12-23,9.350000381469727,9.399999618530273,9.350000381469727,9.399999618530273,9.399999618530273,200
2008-12-24,8.9399995803833,8.9399995803833,8.9399995803833,8.9399995803833,8.9399995803833,100
2008-12-26,8.9399995803833,8.9399995803833,8.9399995803833,8.9399995803833,8.9399995803833,400
2008-12-29,8.600000381469727,9.050000190734863,8.600000381469727,9.050000190734863,9.050000190734863,25
2008-12-30,9.050000190734863,9.5,9.050000190734863,9.5,9.5,100
2008-12-31,9.5,9.5,9.5,9.5,9.5,1
2009-01-02,10.0,10.0,9.319999694824219,9.899999618530273,9.899999618530273,53
2009-01-05,9.420000076293945,10.380000114440918,9.420000076293945,10.380000114440918,10.380000114440918,4
2009-01-06,10.149999618530273,10.819999694824219,10.0,10.819999694824219,10.819999694824219,150
2009-01-07,10.279999732971191,11.0,10.279999732971191,11.0,11.0,151
2009-01-09,11.0,11.0,11.0,11.0,11.0,11
2009-01-12,11.0,11.470000267028809,11.0,11.470000267028809,11.470000267028809,652
2009-01-13,11.470000267028809,11.470000267028809,11.470000267028809,11.470000267028809,11.470000267028809,9
2009-01-14,11.5,11.5,11.5,11.5,11.5,1
2009-01-15,11.399999618530273,11.399999618530273,10.930000305175781,11.399999618530273,11.399999618530273,258
2009-01-16,11.399999618530273,11.399999618530273,11.039999961853027,11.399999618530273,11.399999618530273,30
2009-01-19,11.399999618530273,11.399999618530273,11.039999961853027,11.399999618530273,11.399999618530273,120
2009-01-21,11.100000381469727,11.100000381469727,11.0,11.0,11.0,401
2009-01-22,11.0,11.0,10.460000038146973,11.0,11.0,202
2009-01-23,11.0,11.0,11.0,11.0,11.0,30
2009-01-27,11.0,11.0,11.0,11.0,11.0,21
2009-01-28,10.460000038146973,10.460000038146973,10.460000038146973,10.460000038146973,10.460000038146973,50
2009-01-29,10.550000190734863,10.550000190734863,9.9399995803833,9.9399995803833,9.9399995803833,62
2009-01-30,9.9399995803833,9.9399995803833,9.9399995803833,9.9399995803833,9.9399995803833,204
2009-02-02,9.550000190734863,9.550000190734863,9.550000190734863,9.550000190734863,9.550000190734863,450
2009-02-03,9.890000343322754,9.890000343322754,9.079999923706055,9.079999923706055,9.079999923706055,353
2009-02-04,9.079999923706055,9.079999923706055,9.079999923706055,9.079999923706055,9.079999923706055,906
2009-02-05,9.449999809265137,9.449999809265137,9.449999809265137,9.449999809265137,9.449999809265137,1
2009-02-06,8.979999542236328,9.0,8.979999542236328,9.0,9.0,6890
2009-02-09,9.0,9.369999885559082,8.5600004196167,8.5600004196167,8.5600004196167,1550
2009-02-10,8.75,8.75,8.149999618530273,8.149999618530273,8.149999618530273,118
2009-02-11,8.5,8.550000190734863,7.809999942779541,8.5,8.5,532
2009-02-12,8.5,8.5,8.5,8.5,8.5,250
2009-02-13,8.5,8.5,8.5,8.5,8.5,150
2009-02-16,8.5,8.5,8.5,8.5,8.5,200
2009-02-17,8.5,8.5,8.5,8.5,8.5,1300
2009-02-18,8.5,8.5,8.5,8.5,8.5,1200
2009-02-19,8.899999618530273,8.899999618530273,8.699999809265137,8.899999618530273,8.899999618530273,2700
2009-02-20,8.890000343322754,9.0,8.479999542236328,9.0,9.0,4
2009-02-24,8.329999923706055,9.149999618530273,8.319999694824219,8.850000381469727,8.850000381469727,440
2009-02-25,8.850000381469727,8.850000381469727,8.850000381469727,8.850000381469727,8.850000381469727,117
2009-02-26,8.449999809265137,9.0,8.449999809265137,9.0,9.0,499
2009-02-27,8.550000190734863,8.550000190734863,8.550000190734863,8.550000190734863,8.550000190734863,100
2009-03-02,8.550000190734863,8.550000190734863,8.550000190734863,8.550000190734863,8.550000190734863,500
2009-03-03,8.4399995803833,8.949999809265137,8.140000343322754,8.949999809265137,8.949999809265137,5
2009-03-04,8.010000228881836,8.020000457763672,8.010000228881836,8.020000457763672,8.020000457763672,200
2009-03-05,7.699999809265137,8.0,7.619999885559082,8.0,8.0,833
2009-03-06,8.0,8.0,8.0,8.0,8.0,51
2009-03-09,8.0,8.0,8.0,8.0,8.0,51
2009-03-12,7.610000133514404,8.0,7.610000133514404,8.0,8.0,457
2009-03-13,8.390000343322754,8.399999618530273,8.0,8.0,8.0,531
2009-03-16,7.619999885559082,7.619999885559082,7.619999885559082,7.619999885559082,7.619999885559082,1000
2009-03-17,7.940000057220459,7.940000057220459,7.940000057220459,7.940000057220459,7.940000057220459,200
2009-03-18,8.239999771118164,8.25,8.239999771118164,8.25,8.25,450
2009-03-19,8.5,8.5,8.5,8.5,8.5,200
2009-03-20,8.079999923706055,8.920000076293945,8.079999923706055,8.920000076293945,8.920000076293945,200
2009-03-23,8.800000190734863,8.800000190734863,8.800000190734863,8.800000190734863,8.800000190734863,200
2009-03-24,8.800000190734863,8.800000190734863,8.800000190734863,8.800000190734863,8.800000190734863,1800
2009-03-25,8.369999885559082,8.369999885559082,8.369999885559082,8.369999885559082,8.369999885559082,1000
2009-03-26,7.960000038146973,7.960000038146973,7.960000038146973,7.960000038146973,7.960000038146973,2610
2009-03-27,7.900000095367432,8.0,7.570000171661377,7.570000171661377,7.570000171661377,2294
2009-03-30,7.929999828338623,7.929999828338623,7.929999828338623,7.929999828338623,7.929999828338623,1000
2009-03-31,7.929999828338623,7.929999828338623,7.929999828338623,7.929999828338623,7.929999828338623,7000
2009-04-01,7.550000190734863,8.300000190734863,7.550000190734863,8.300000190734863,8.300000190734863,1700
2009-04-02,8.0,8.25,8.0,8.25,8.25,1100
2009-04-06,7.840000152587891,8.65999984741211,7.840000152587891,8.65999984741211,8.65999984741211,1600
2009-04-08,8.65999984741211,8.65999984741211,8.619999885559082,8.65999984741211,8.65999984741211,4910
2009-04-09,8.979999542236328,8.979999542236328,8.979999542236328,8.979999542236328,8.979999542236328,590
2009-04-13,9.350000381469727,9.350000381469727,9.350000381469727,9.350000381469727,9.350000381469727,400
2009-04-15,9.0,9.5,8.949999809265137,9.5,9.5,760
2009-04-16,9.050000190734863,9.6899995803833,9.050000190734863,9.050000190734863,9.050000190734863,528
2009-04-17,8.800000190734863,8.800000190734863,8.75,8.75,8.75,308
2009-04-20,8.5,8.5,8.5,8.5,8.5,100
2009-04-21,8.25,8.84000015258789,8.25,8.75,8.75,1002
2009-04-22,8.75,8.75,8.550000190734863,8.550000190734863,8.550000190734863,1101
2009-04-23,8.3100004196167,8.3100004196167,8.3100004196167,8.3100004196167,8.3100004196167,100
2009-04-24,8.210000038146973,8.25,8.210000038146973,8.25,8.25,520
2009-04-27,8.25,8.25,8.25,8.25,8.25,7000
2009-04-28,8.25,8.25,8.25,8.25,8.25,5000
2009-04-29,8.25,8.25,8.25,8.25,8.25,1000
2009-05-04,8.25,8.25,8.25,8.25,8.25,500
2009-05-05,7.860000133514404,8.65999984741211,7.840000152587891,8.65999984741211,8.65999984741211,302
2009-05-06,8.65999984741211,8.65999984741211,8.65999984741211,8.65999984741211,8.65999984741211,11
2009-05-07,8.989999771118164,8.989999771118164,8.989999771118164,8.989999771118164,8.989999771118164,1
2009-05-08,8.899999618530273,8.989999771118164,8.899999618530273,8.989999771118164,8.989999771118164,1600
2009-05-11,8.989999771118164,8.989999771118164,8.949999809265137,8.989999771118164,8.989999771118164,3000
2009-05-12,8.510000228881836,8.510000228881836,8.510000228881836,8.510000228881836,8.510000228881836,100
2009-05-13,8.5,8.930000305175781,8.5,8.510000228881836,8.510000228881836,1300
2009-05-14,8.09000015258789,8.899999618530273,8.09000015258789,8.899999618530273,8.899999618530273,303
2009-05-15,8.5,8.5,8.5,8.5,8.5,601
2009-05-19,8.399999618530273,8.920000076293945,8.399999618530273,8.920000076293945,8.920000076293945,625
2009-05-20,8.600000381469727,9.359999656677246,8.600000381469727,9.359999656677246,9.359999656677246,339
2009-05-21,9.0,9.819999694824219,9.0,9.819999694824219,9.819999694824219,198
2009-05-22,9.350000381469727,9.350000381469727,9.350000381469727,9.350000381469727,9.350000381469727,50
2009-05-25,9.5,9.800000190734863,9.5,9.550000190734863,9.550000190734863,432
2009-05-26,10.020000457763672,10.020000457763672,10.020000457763672,10.020000457763672,10.020000457763672,500
2009-05-27,10.520000457763672,10.520000457763672,9.699999809265137,10.520000457763672,10.520000457763672,2000
2009-05-28,10.0,11.039999961853027,10.0,11.039999961853027,11.039999961853027,313
2009-05-29,11.59000015258789,11.59000015258789,11.59000015258789,11.59000015258789,11.59000015258789,897
2009-06-01,12.15999984741211,12.15999984741211,11.5,12.15999984741211,12.15999984741211,1700
2009-06-02,12.579999923706055,12.760000228881836,12.050000190734863,12.760000228881836,12.760000228881836,870
2009-06-03,12.760000228881836,13.369999885559082,12.760000228881836,13.369999885559082,13.369999885559082,300
2009-06-04,14.0,14.029999732971191,12.710000038146973,14.029999732971191,14.029999732971191,1800
2009-06-05,14.25,14.25,13.350000381469727,13.550000190734863,13.550000190734863,2100
2009-06-08,13.550000190734863,13.550000190734863,12.899999618530273,12.899999618530273,12.899999618530273,143
2009-06-09,13.539999961853027,13.539999961853027,13.539999961853027,13.539999961853027,13.539999961853027,78
2009-06-10,14.199999809265137,14.199999809265137,12.869999885559082,12.869999885559082,12.869999885559082,556
2009-06-11,13.5,13.510000228881836,12.229999542236328,12.229999542236328,12.229999542236328,400
2009-06-12,12.25,12.25,11.619999885559082,11.619999885559082,11.619999885559082,300
2009-06-15,11.220000267028809,11.220000267028809,11.220000267028809,11.220000267028809,11.220000267028809,200
2009-06-16,10.75,11.779999732971191,10.699999809265137,10.699999809265137,10.699999809265137,566
2009-06-17,10.699999809265137,10.699999809265137,10.180000305175781,10.180000305175781,10.180000305175781,100
2009-06-18,10.0,10.0,9.680000305175781,9.989999771118164,9.989999771118164,752
2009-06-19,10.460000038146973,10.460000038146973,10.460000038146973,10.460000038146973,10.460000038146973,351
2009-06-22,10.460000038146973,10.460000038146973,10.460000038146973,10.460000038146973,10.460000038146973,1200
2009-06-23,9.9399995803833,9.9399995803833,9.9399995803833,9.9399995803833,9.9399995803833,100
2009-06-24,9.9399995803833,9.9399995803833,9.9399995803833,9.9399995803833,9.9399995803833,100
2009-06-25,10.0,10.0,10.0,10.0,10.0,100
2009-06-26,9.520000457763672,9.520000457763672,9.520000457763672,9.520000457763672,9.520000457763672,100
2009-06-29,9.520000457763672,9.520000457763672,9.520000457763672,9.520000457763672,9.520000457763672,800
2009-06-30,9.520000457763672,9.520000457763672,9.520000457763672,9.520000457763672,9.520000457763672,300
2009-07-01,9.520000457763672,9.520000457763672,9.520000457763672,9.520000457763672,9.520000457763672,400
2009-07-02,9.0600004196167,9.0600004196167,9.0600004196167,9.0600004196167,9.0600004196167,457
2009-07-03,8.630000114440918,9.5,8.630000114440918,9.0,9.0,1297
2009-07-06,9.0,9.0,9.0,9.0,9.0,1300
2009-07-07,9.100000381469727,9.449999809265137,9.100000381469727,9.199999809265137,9.199999809265137,437
2009-07-08,9.050000190734863,9.050000190734863,9.050000190734863,9.050000190734863,9.050000190734863,1
2009-07-09,9.479999542236328,9.479999542236328,9.020000457763672,9.020000457763672,9.020000457763672,252
2009-07-10,9.470000267028809,9.470000267028809,9.100000381469727,9.100000381469727,9.100000381469727,110
2009-07-13,9.029999732971191,9.029999732971191,9.020000457763672,9.020000457763672,9.020000457763672,400
2009-07-14,9.399999618530273,9.399999618530273,9.399999618530273,9.399999618530273,9.399999618530273,200
2009-07-15,8.949999809265137,8.949999809265137,8.949999809265137,8.949999809265137,8.949999809265137,100
2009-07-16,9.100000381469727,9.100000381469727,9.100000381469727,9.100000381469727,9.100000381469727,64
2009-07-17,9.5,9.550000190734863,9.5,9.550000190734863,9.550000190734863,136
2009-07-20,10.020000457763672,10.020000457763672,9.079999923706055,9.079999923706055,9.079999923706055,150
2009-07-21,8.8100004196167,9.079999923706055,8.8100004196167,8.8100004196167,8.8100004196167,198
2009-07-22,8.8100004196167,9.079999923706055,8.8100004196167,8.8100004196167,8.8100004196167,348
2009-07-23,9.199999809265137,9.199999809265137,8.399999618530273,8.800000190734863,8.800000190734863,1400
2009-07-24,8.369999885559082,8.979999542236328,8.369999885559082,8.979999542236328,8.979999542236328,3500
2009-07-27,8.970000267028809,9.420000076293945,8.970000267028809,9.420000076293945,9.420000076293945,849
2009-07-28,9.890000343322754,9.890000343322754,9.149999618530273,9.420000076293945,9.420000076293945,1800
2009-07-29,9.100000381469727,9.100000381469727,9.0,9.0,9.0,3300
2009-07-30,9.0,9.0,9.0,9.0,9.0,100
2009-07-31,9.449999809265137,9.449999809265137,8.710000038146973,9.449999809265137,9.449999809265137,900
2009-08-03,9.899999618530273,9.920000076293945,9.899999618530273,9.920000076293945,9.920000076293945,800
2009-08-04,10.390000343322754,10.390000343322754,10.390000343322754,10.390000343322754,10.390000343322754,20
2009-08-05,10.649999618530273,10.699999809265137,10.649999618530273,10.699999809265137,10.699999809265137,660
2009-08-06,11.140000343322754,11.170000076293945,10.170000076293945,10.170000076293945,10.170000076293945,1000
2009-08-07,10.170000076293945,10.170000076293945,10.170000076293945,10.170000076293945,10.170000076293945,650
2009-08-10,9.699999809265137,9.699999809265137,9.680000305175781,9.680000305175781,9.680000305175781,100
2009-08-11,9.680000305175781,9.680000305175781,9.680000305175781,9.680000305175781,9.680000305175781,189
2009-08-12,9.680000305175781,9.680000305175781,9.680000305175781,9.680000305175781,9.680000305175781,315
2009-08-13,10.15999984741211,10.15999984741211,9.40999984741211,10.15999984741211,10.15999984741211,200
2009-08-14,10.649999618530273,10.649999618530273,9.649999618530273,9.649999618530273,9.649999618530273,237
2009-08-17,9.199999809265137,9.699999809265137,9.199999809265137,9.699999809265137,9.699999809265137,163
2009-08-18,9.449999809265137,9.449999809265137,9.399999618530273,9.399999618530273,9.399999618530273,449
2009-08-19,9.449999809265137,9.449999809265137,9.399999618530273,9.399999618530273,9.399999618530273,1845
2009-08-20,9.0,9.869999885559082,9.0,9.869999885559082,9.869999885559082,539
2009-08-21,9.899999618530273,9.899999618530273,9.40999984741211,9.4399995803833,9.4399995803833,1000
2009-08-24,9.15999984741211,9.8100004196167,9.15999984741211,9.8100004196167,9.8100004196167,2
2009-08-25,9.319999694824219,10.069999694824219,9.319999694824219,9.890000343322754,9.890000343322754,700
2009-08-26,9.930000305175781,9.930000305175781,9.399999618530273,9.430000305175781,9.430000305175781,907
2009-08-27,9.800000190734863,9.800000190734863,9.800000190734863,9.800000190734863,9.800000190734863,1
2009-08-28,9.800000190734863,9.800000190734863,9.800000190734863,9.800000190734863,9.800000190734863,1
2009-08-31,9.359999656677246,10.180000305175781,9.359999656677246,10.180000305175781,10.180000305175781,650
2009-09-01,10.0,10.449999809265137,9.680000305175781,10.25,10.25,2642
2009-09-03,10.420000076293945,10.760000228881836,9.739999771118164,10.75,10.75,2710
2009-09-04,10.220000267028809,11.100000381469727,10.220000267028809,10.739999771118164,10.739999771118164,802
2009-09-07,10.899999618530273,10.899999618530273,10.25,10.890000343322754,10.890000343322754,421
2009-09-09,10.9399995803833,11.359999656677246,10.9399995803833,11.0,11.0,213
2009-09-10,11.489999771118164,11.489999771118164,10.5,10.5,10.5,318
2009-09-11,10.010000228881836,10.979999542236328,9.989999771118164,10.5600004196167,10.5600004196167,980
2009-09-14,10.0600004196167,10.399999618530273,10.0600004196167,10.399999618530273,10.399999618530273,100
2009-09-15,9.890000343322754,10.789999961853027,9.890000343322754,10.789999961853027,10.789999961853027,100
2009-09-16,10.979999542236328,10.979999542236328,10.300000190734863,10.300000190734863,10.300000190734863,200
2009-09-17,10.5,10.5,10.5,10.5,10.5,300
2009-09-18,10.399999618530273,10.399999618530273,10.300000190734863,10.300000190734863,10.300000190734863,600
2009-09-22,10.210000038146973,10.210000038146973,10.210000038146973,10.210000038146973,10.210000038146973,376
2009-09-23,10.199999809265137,10.199999809265137,10.199999809265137,10.199999809265137,10.199999809265137,525
2009-09-24,10.199999809265137,10.199999809265137,10.199999809265137,10.199999809265137,10.199999809265137,525
2009-09-25,10.199999809265137,10.199999809265137,10.199999809265137,10.199999809265137,10.199999809265137,525
2009-09-29,9.800000190734863,10.640000343322754,9.699999809265137,10.600000381469727,10.600000381469727,378
2009-09-30,9.800000190734863,10.640000343322754,9.699999809265137,10.600000381469727,10.600000381469727,378
2009-10-01,10.399999618530273,10.5,10.079999923706055,10.079999923706055,10.079999923706055,1000
2009-10-05,9.600000381469727,10.449999809265137,9.600000381469727,10.449999809265137,10.449999809265137,500
2009-10-06,9.9399995803833,10.829999923706055,9.9399995803833,10.829999923706055,10.829999923706055,200
2009-10-07,10.300000190734863,10.989999771118164,10.289999961853027,10.289999961853027,10.289999961853027,300
2009-10-08,9.779999732971191,10.75,9.779999732971191,10.640000343322754,10.640000343322754,2700
2009-10-09,10.199999809265137,10.579999923706055,10.199999809265137,10.199999809265137,10.199999809265137,552
2009-10-12,10.199999809265137,10.199999809265137,10.199999809265137,10.199999809265137,10.199999809265137,49
2009-10-14,10.0,10.710000038146973,9.829999923706055,10.600000381469727,10.600000381469727,1805
2009-10-15,10.989999771118164,11.069999694824219,10.100000381469727,10.479999542236328,10.479999542236328,486
2009-10-16,10.0,10.0,9.960000038146973,10.0,10.0,700
2009-10-20,10.569999694824219,10.819999694824219,9.880000114440918,9.979999542236328,9.979999542236328,3988
2009-10-21,9.600000381469727,10.470000267028809,9.600000381469727,10.399999618530273,10.399999618530273,4000
2009-10-22,9.890000343322754,10.920000076293945,9.890000343322754,10.899999618530273,10.899999618530273,1626
2009-10-23,10.369999885559082,10.989999771118164,10.369999885559082,10.699999809265137,10.699999809265137,1538
2009-10-26,10.170000076293945,10.800000190734863,10.170000076293945,10.180000305175781,10.180000305175781,849
2009-10-27,10.0,10.149999618530273,9.680000305175781,9.699999809265137,9.699999809265137,396
2009-10-28,9.220000267028809,10.15999984741211,9.220000267028809,10.149999618530273,10.149999618530273,2100
2009-10-29,10.140000343322754,10.140000343322754,9.649999618530273,9.649999618530273,9.649999618530273,2500
2009-10-30,9.3100004196167,9.3100004196167,9.180000305175781,9.180000305175781,9.180000305175781,2100
2009-11-03,9.619999885559082,9.619999885559082,8.75,8.75,8.75,500
2009-11-04,8.510000228881836,8.510000228881836,8.5,8.5,8.5,300
2009-11-05,8.510000228881836,8.510000228881836,8.5,8.5,8.5,300
2009-11-06,8.079999923706055,8.899999618530273,8.079999923706055,8.850000381469727,8.850000381469727,1400
2009-11-09,8.399999618530273,9.0,8.399999618530273,8.399999618530273,8.399999618530273,695
2009-11-10,8.050000190734863,9.229999542236328,7.599999904632568,9.119999885559082,9.119999885559082,1900
2009-11-11,8.220000267028809,9.180000305175781,8.220000267028809,8.350000381469727,8.350000381469727,900
2009-11-12,8.399999618530273,8.640000343322754,7.800000190734863,8.550000190734863,8.550000190734863,1400
2009-11-13,8.899999618530273,8.949999809265137,8.0,8.460000038146973,8.460000038146973,4587
2009-11-16,9.119999885559082,9.119999885559082,7.800000190734863,8.640000343322754,8.640000343322754,200
2009-11-17,7.849999904632568,8.699999809265137,7.849999904632568,8.470000267028809,8.470000267028809,233
2009-11-18,7.699999809265137,8.489999771118164,7.699999809265137,7.860000133514404,7.860000133514404,969
2009-11-19,7.800000190734863,8.300000190734863,7.710000038146973,8.119999885559082,8.119999885559082,4230
2009-11-20,8.149999618530273,8.579999923706055,7.860000133514404,8.260000228881836,8.260000228881836,772
2009-11-23,8.9399995803833,8.9399995803833,8.0,8.0600004196167,8.0600004196167,1000
2009-11-24,8.0,8.800000190734863,7.889999866485596,8.100000381469727,8.100000381469727,4900
2009-11-25,8.0,8.5,8.0,8.199999809265137,8.199999809265137,1600
2009-11-26,8.0,8.0,7.96999979019165,7.989999771118164,7.989999771118164,266
2009-11-27,7.989999771118164,8.149999618530273,7.599999904632568,7.989999771118164,7.989999771118164,538
2009-11-30,7.659999847412109,7.659999847412109,7.659999847412109,7.659999847412109,7.659999847412109,25
2009-12-01,8.0,8.180000305175781,7.75,8.180000305175781,8.180000305175781,500
2009-12-02,8.0,8.890000343322754,8.0,8.0,8.0,1875
2009-12-03,8.0,8.800000190734863,8.0,8.65999984741211,8.65999984741211,2861
2009-12-04,8.079999923706055,9.479999542236328,8.079999923706055,9.100000381469727,9.100000381469727,476
2009-12-07,8.399999618530273,9.0,8.359999656677246,9.0,9.0,120
2009-12-08,8.270000457763672,9.0,8.270000457763672,9.0,9.0,124
2009-12-09,8.600000381469727,8.600000381469727,8.5,8.5,8.5,132
2009-12-10,8.5,9.34000015258789,8.5,9.270000457763672,9.270000457763672,1328
2009-12-11,8.510000228881836,9.239999771118164,8.510000228881836,8.720000267028809,8.720000267028809,7153
2009-12-14,8.399999618530273,8.899999618530273,8.399999618530273,8.510000228881836,8.510000228881836,1100
2009-12-15,8.5,9.09000015258789,8.289999961853027,8.75,8.75,501
2009-12-16,8.050000190734863,8.270000457763672,8.050000190734863,8.270000457763672,8.270000457763672,201
2009-12-17,8.260000228881836,9.0600004196167,8.260000228881836,8.640000343322754,8.640000343322754,1875
2009-12-18,8.520000457763672,9.40999984741211,8.520000457763672,8.850000381469727,8.850000381469727,690
2009-12-21,8.420000076293945,9.319999694824219,8.420000076293945,9.319999694824219,9.319999694824219,201
2009-12-22,8.579999923706055,9.270000457763672,8.5600004196167,9.079999923706055,9.079999923706055,837
2010-01-04,10.699999809265137,10.699999809265137,9.5600004196167,10.529999732971191,10.529999732971191,102
2010-01-05,10.0,10.100000381469727,10.0,10.100000381469727,10.100000381469727,780
2010-01-06,10.0,11.109999656677246,10.0,11.079999923706055,11.079999923706055,3446
2010-01-07,10.300000190734863,12.180000305175781,10.300000190734863,12.149999618530273,12.149999618530273,4311
2010-01-08,12.739999771118164,12.75,12.0600004196167,12.229999542236328,12.229999542236328,4059
2010-01-11,12.5,12.84000015258789,11.949999809265137,12.079999923706055,12.079999923706055,2109
2010-01-12,12.680000305175781,12.680000305175781,12.0600004196167,12.65999984741211,12.65999984741211,1530
2010-01-13,12.199999809265137,13.050000190734863,12.199999809265137,13.039999961853027,13.039999961853027,971
2010-01-14,13.0,13.6899995803833,12.520000457763672,13.6899995803833,13.6899995803833,2869
2010-01-15,14.369999885559082,14.369999885559082,13.109999656677246,14.239999771118164,14.239999771118164,1855
2010-01-18,13.5600004196167,14.789999961853027,13.5600004196167,13.670000076293945,13.670000076293945,2024
2010-01-19,14.239999771118164,14.239999771118164,13.5,13.539999961853027,13.539999961853027,3340
2010-01-20,12.960000038146973,13.989999771118164,12.960000038146973,13.579999923706055,13.579999923706055,451
2010-01-21,13.0600004196167,13.899999618530273,13.050000190734863,13.050000190734863,13.050000190734863,1934
2010-01-22,12.800000190734863,12.800000190734863,12.800000190734863,12.800000190734863,12.800000190734863,100
2010-01-25,12.350000381469727,12.350000381469727,12.350000381469727,12.350000381469727,12.350000381469727,259
2010-01-27,11.760000228881836,11.760000228881836,11.75,11.760000228881836,11.760000228881836,525
2010-01-28,11.760000228881836,11.760000228881836,11.75,11.760000228881836,11.760000228881836,525
2010-01-29,11.199999809265137,12.34000015258789,11.199999809265137,12.319999694824219,12.319999694824219,4244
2010-02-01,11.760000228881836,12.899999618530273,11.760000228881836,12.539999961853027,12.539999961853027,250
2010-02-02,12.0,12.890000343322754,12.0,12.039999961853027,12.039999961853027,1350
2010-02-03,12.399999618530273,12.489999771118164,11.5,11.880000114440918,11.880000114440918,1600
2010-02-04,12.399999618530273,12.489999771118164,11.5,11.880000114440918,11.880000114440918,1600
2010-02-05,11.300000190734863,11.300000190734863,11.289999961853027,11.289999961853027,11.289999961853027,1000
2010-02-08,10.75,10.760000228881836,10.75,10.75,10.75,456
2010-02-09,11.0,11.0,10.350000381469727,10.359999656677246,10.359999656677246,630
2010-02-10,9.960000038146973,9.960000038146973,9.960000038146973,9.960000038146973,9.960000038146973,500
2010-02-11,9.960000038146973,9.960000038146973,9.960000038146973,9.960000038146973,9.960000038146973,500
2010-02-15,9.960000038146973,9.960000038146973,9.960000038146973,9.960000038146973,9.960000038146973,500
2010-02-16,9.960000038146973,9.960000038146973,9.960000038146973,9.960000038146973,9.960000038146973,500
2010-02-17,10.449999809265137,10.449999809265137,10.449999809265137,10.449999809265137,10.449999809265137,100
2010-02-18,10.449999809265137,10.449999809265137,10.449999809265137,10.449999809265137,10.449999809265137,100
2010-02-19,10.449999809265137,10.449999809265137,10.449999809265137,10.449999809265137,10.449999809265137,100
2010-02-22,10.0,10.489999771118164,9.930000305175781,10.489999771118164,10.489999771118164,616
2010-02-23,10.0,11.0,9.979999542236328,10.970000267028809,10.970000267028809,142
2010-02-24,10.0,11.0,9.979999542236328,10.970000267028809,10.970000267028809,142
2010-02-25,10.989999771118164,11.0,10.430000305175781,10.430000305175781,10.430000305175781,202
2010-02-26,10.0,10.949999809265137,9.949999809265137,10.479999542236328,10.479999542236328,111
2010-03-02,9.960000038146973,10.5,9.960000038146973,10.5,10.5,102
2010-03-03,9.979999542236328,11.0,9.979999542236328,11.0,11.0,1451
2010-03-04,10.5,10.5,10.5,10.5,10.5,100
2010-03-05,10.5,11.020000457763672,9.979999542236328,9.979999542236328,9.979999542236328,1483
2010-03-08,9.5,10.25,9.069999694824219,9.380000114440918,9.380000114440918,300
2010-03-09,9.0,9.199999809265137,9.0,9.199999809265137,9.199999809265137,2
2010-03-10,9.25,10.100000381469727,9.149999618530273,10.100000381469727,10.100000381469727,825
2010-03-11,10.100000381469727,10.100000381469727,9.550000190734863,9.550000190734863,9.550000190734863,605
2010-03-12,9.100000381469727,9.100000381469727,9.100000381469727,9.100000381469727,9.100000381469727,50
2010-03-15,9.170000076293945,9.170000076293945,9.100000381469727,9.109999656677246,9.109999656677246,1400
2010-03-16,8.5,10.0,8.210000038146973,9.630000114440918,9.630000114440918,655
2010-03-17,9.0,10.1899995803833,8.90999984741211,10.079999923706055,10.079999923706055,325
2010-03-18,10.399999618530273,10.890000343322754,9.199999809265137,10.0,10.0,526
2010-03-19,10.0,10.75,9.020000457763672,10.640000343322754,10.640000343322754,2500
2010-03-22,11.289999961853027,11.289999961853027,11.0,11.0,11.0,2
2010-03-23,11.270000457763672,11.270000457763672,9.90999984741211,10.9399995803833,10.9399995803833,1611
2010-03-25,10.680000305175781,10.680000305175781,10.640000343322754,10.640000343322754,10.640000343322754,154
2010-03-26,9.59000015258789,10.1899995803833,9.579999923706055,10.1899995803833,10.1899995803833,753
2010-03-29,9.180000305175781,10.539999961853027,9.180000305175781,9.989999771118164,9.989999771118164,102
2010-03-30,10.5600004196167,10.710000038146973,9.119999885559082,10.470000267028809,10.470000267028809,1357
2010-03-31,10.359999656677246,10.5,9.460000038146973,9.5600004196167,9.5600004196167,2207
2010-04-01,9.25,10.300000190734863,9.25,10.270000457763672,10.270000457763672,623
2010-04-05,10.930000305175781,10.930000305175781,10.649999618530273,10.649999618530273,10.649999618530273,452
2010-04-06,9.609999656677246,11.699999809265137,9.609999656677246,11.329999923706055,11.329999923706055,2708
2010-04-07,10.460000038146973,12.0,10.449999809265137,11.390000343322754,11.390000343322754,1770
2010-04-08,10.3100004196167,11.770000457763672,10.3100004196167,11.770000457763672,11.770000457763672,112
2010-04-09,10.609999656677246,12.9399995803833,10.609999656677246,12.5,12.5,5928
2010-04-12,11.300000190734863,13.699999809265137,11.300000190734863,12.920000076293945,12.920000076293945,4379
2010-04-13,13.979999542236328,14.210000038146973,11.8100004196167,13.859999656677246,13.859999656677246,5050
2010-04-15,12.510000228881836,15.239999771118164,12.479999542236328,14.84000015258789,14.84000015258789,15728
2010-04-16,14.84000015258789,15.579999923706055,14.3100004196167,14.899999618530273,14.899999618530273,4456
2010-04-19,14.15999984741211,15.640000343322754,14.15999984741211,15.640000343322754,15.640000343322754,4126
2010-04-20,16.420000076293945,16.420000076293945,16.420000076293945,16.420000076293945,16.420000076293945,1255
2010-04-21,17.239999771118164,17.239999771118164,17.239999771118164,17.239999771118164,17.239999771118164,2011
2010-04-22,18.100000381469727,18.100000381469727,17.899999618530273,18.09000015258789,18.09000015258789,3141
2010-04-23,18.989999771118164,18.989999771118164,18.0,18.93000030517578,18.93000030517578,15142
2010-04-26,18.850000381469727,19.850000381469727,18.850000381469727,19.850000381469727,19.850000381469727,1508
2010-04-27,20.700000762939453,20.700000762939453,18.860000610351562,18.860000610351562,18.860000610351562,2560
2010-04-28,19.0,19.399999618530273,17.920000076293945,17.920000076293945,17.920000076293945,1801
2010-04-29,18.0,18.809999465942383,17.030000686645508,17.030000686645508,17.030000686645508,449
2010-04-30,16.5,17.0,16.5,17.0,17.0,4010
2010-05-03,16.5,17.0,16.5,17.0,17.0,4010
2010-05-04,17.0,17.0,17.0,17.0,17.0,315
2010-05-05,16.200000762939453,16.200000762939453,16.200000762939453,16.200000762939453,16.200000762939453,22
2010-05-06,15.399999618530273,15.399999618530273,15.399999618530273,15.399999618530273,15.399999618530273,350
2010-05-07,14.699999809265137,16.149999618530273,14.699999809265137,14.699999809265137,14.699999809265137,790
2010-05-10,14.0,14.0,14.0,14.0,14.0,1526
2010-05-11,14.0,14.0,13.399999618530273,13.399999618530273,13.399999618530273,624
2010-05-12,13.350000381469727,13.350000381469727,12.850000381469727,13.25,13.25,1223
2010-05-13,12.75,13.649999618530273,12.649999618530273,12.949999809265137,12.949999809265137,1002
2010-05-14,12.5,12.5,12.350000381469727,12.350000381469727,12.350000381469727,850
2010-05-17,11.75,12.949999809265137,11.75,12.949999809265137,12.949999809265137,2365
2010-05-18,12.350000381469727,12.350000381469727,12.350000381469727,12.350000381469727,12.350000381469727,200
2010-05-19,11.800000190734863,12.949999809265137,11.75,12.699999809265137,12.699999809265137,1600
2010-05-20,13.050000190734863,13.050000190734863,13.050000190734863,13.050000190734863,13.050000190734863,1
2010-05-21,13.0,13.0,13.0,13.0,13.0,75
2010-05-24,13.399999618530273,13.399999618530273,13.399999618530273,13.399999618530273,13.399999618530273,40
2010-05-25,13.399999618530273,13.399999618530273,13.399999618530273,13.399999618530273,13.399999618530273,40
2010-05-26,12.75,12.75,12.75,12.75,12.75,1
2010-05-27,12.699999809265137,12.699999809265137,12.199999809265137,12.199999809265137,12.199999809265137,300
2010-05-28,11.600000381469727,12.75,11.600000381469727,11.600000381469727,11.600000381469727,1205
2010-05-31,11.050000190734863,12.100000381469727,11.050000190734863,12.100000381469727,12.100000381469727,5010
2010-06-01,11.5,12.600000381469727,11.5,12.600000381469727,12.600000381469727,205
2010-06-02,13.220000267028809,13.220000267028809,13.220000267028809,13.220000267028809,13.220000267028809,5
2010-06-03,13.399999618530273,13.399999618530273,13.399999618530273,13.399999618530273,13.399999618530273,5
2010-06-04,13.399999618530273,13.399999618530273,13.399999618530273,13.399999618530273,13.399999618530273,5
2010-06-07,13.899999618530273,13.899999618530273,13.899999618530273,13.899999618530273,13.899999618530273,1
2010-06-08,14.199999809265137,14.199999809265137,14.199999809265137,14.199999809265137,14.199999809265137,1
2010-06-09,13.5,13.5,13.5,13.5,13.5,40
2010-06-10,12.829999923706055,12.829999923706055,12.829999923706055,12.829999923706055,12.829999923706055,5
2010-06-11,12.199999809265137,13.0,12.1899995803833,13.0,13.0,100
2010-06-14,13.600000381469727,13.649999618530273,12.359999656677246,13.1899995803833,13.1899995803833,805
2010-06-15,13.84000015258789,13.84000015258789,12.539999961853027,12.800000190734863,12.800000190734863,302
2010-06-16,13.210000038146973,13.210000038146973,12.170000076293945,12.170000076293945,12.170000076293945,126
2010-06-17,12.300000190734863,12.300000190734863,11.569999694824219,11.569999694824219,11.569999694824219,2050
2010-06-18,11.100000381469727,12.140000343322754,11.0,11.90999984741211,11.90999984741211,4303
2010-06-21,11.90999984741211,11.90999984741211,11.4399995803833,11.4399995803833,11.4399995803833,176
2010-06-22,11.510000228881836,12.0,11.130000114440918,11.130000114440918,11.130000114440918,1552
2010-06-23,11.300000190734863,11.680000305175781,11.300000190734863,11.680000305175781,11.680000305175781,700
2010-06-24,11.600000381469727,12.260000228881836,11.600000381469727,12.010000228881836,12.010000228881836,1377
2010-06-25,12.5,12.5,11.630000114440918,12.0,12.0,352
2010-06-28,12.449999809265137,12.449999809265137,11.5,11.510000228881836,11.510000228881836,800
2010-06-29,11.609999656677246,12.0600004196167,11.020000457763672,11.039999961853027,11.039999961853027,1218
2010-06-30,10.710000038146973,11.59000015258789,10.710000038146973,11.579999923706055,11.579999923706055,2945
2010-07-01,11.100000381469727,12.149999618530273,11.100000381469727,11.220000267028809,11.220000267028809,647
2010-07-02,10.949999809265137,11.010000228881836,10.949999809265137,11.010000228881836,11.010000228881836,350
2010-07-05,11.050000190734863,11.050000190734863,11.050000190734863,11.050000190734863,11.050000190734863,100
2010-07-06,11.050000190734863,11.600000381469727,11.050000190734863,11.100000381469727,11.100000381469727,104
2010-07-07,11.15999984741211,11.239999771118164,11.100000381469727,11.100000381469727,11.100000381469727,1300
2010-07-08,10.699999809265137,10.699999809265137,10.699999809265137,10.699999809265137,10.699999809265137,100
2010-07-09,10.5,10.649999618530273,10.5,10.649999618530273,10.649999618530273,700
2010-07-12,10.5600004196167,11.180000305175781,10.5600004196167,11.180000305175781,11.180000305175781,701
2010-07-13,11.180000305175781,11.350000381469727,11.180000305175781,11.239999771118164,11.239999771118164,1050
2010-07-14,11.75,11.75,10.680000305175781,10.739999771118164,10.739999771118164,1012
2010-07-15,10.75,10.75,10.75,10.75,10.75,100
2010-07-16,10.260000228881836,11.229999542236328,10.25,11.220000267028809,11.220000267028809,399
2010-07-19,11.779999732971191,11.779999732971191,10.710000038146973,10.829999923706055,10.829999923706055,5164
2010-07-20,10.420000076293945,11.359999656677246,10.420000076293945,11.15999984741211,11.15999984741211,677
2010-07-21,11.100000381469727,11.699999809265137,10.609999656677246,10.680000305175781,10.680000305175781,1772
2010-07-22,10.319999694824219,10.989999771118164,10.319999694824219,10.989999771118164,10.989999771118164,151
2010-07-23,11.520000457763672,11.520000457763672,10.520000457763672,11.0,11.0,2105
2010-07-26,10.520000457763672,11.550000190734863,10.5,11.300000190734863,11.300000190734863,5125
2010-07-27,11.0,11.0,10.75,10.75,10.75,600
2010-07-28,11.229999542236328,11.229999542236328,10.229999542236328,11.0600004196167,11.0600004196167,2505
2010-07-29,11.09000015258789,11.390000343322754,10.609999656677246,10.609999656677246,10.609999656677246,468
2010-07-30,11.0,11.0,10.5,10.5,10.5,599
2010-08-02,10.210000038146973,10.5,10.119999885559082,10.5,10.5,401
2010-08-03,11.0,11.0,10.3100004196167,10.5,10.5,202
2010-08-04,10.149999618530273,10.5,10.149999618530273,10.5,10.5,1373
2010-08-05,10.25,10.25,10.25,10.25,10.25,100
2010-08-06,10.0,10.760000228881836,10.0,10.760000228881836,10.760000228881836,660
2010-08-09,11.199999809265137,11.199999809265137,11.199999809265137,11.199999809265137,11.199999809265137,25
2010-08-10,10.65999984741211,11.0,10.65999984741211,11.0,11.0,1400
2010-08-11,10.65999984741211,11.0,10.65999984741211,11.0,11.0,1400
2010-08-12,10.65999984741211,11.0,10.65999984741211,11.0,11.0,1400
2010-08-13,10.520000457763672,11.529999732971191,10.520000457763672,10.649999618530273,10.649999618530273,1260
2010-08-16,10.199999809265137,11.0,10.199999809265137,11.0,11.0,1003
2010-08-17,10.699999809265137,10.949999809265137,10.460000038146973,10.460000038146973,10.460000038146973,3586
2010-08-18,10.949999809265137,10.949999809265137,10.199999809265137,10.899999618530273,10.899999618530273,12381
2010-08-19,10.449999809265137,10.460000038146973,10.449999809265137,10.449999809265137,10.449999809265137,900
2010-08-20,10.149999618530273,10.970000267028809,10.149999618530273,10.5,10.5,2205
2010-08-23,10.319999694824219,10.84000015258789,10.319999694824219,10.34000015258789,10.34000015258789,2350
2010-08-24,10.3100004196167,10.850000381469727,10.180000305175781,10.5,10.5,600
2010-08-25,10.5,10.989999771118164,10.229999542236328,10.890000343322754,10.890000343322754,749
2010-08-26,11.0,11.390000343322754,10.399999618530273,10.5600004196167,10.5600004196167,1800
2010-08-27,10.149999618530273,10.890000343322754,10.149999618530273,10.199999809265137,10.199999809265137,1902
2010-08-30,10.0,10.710000038146973,10.0,10.300000190734863,10.300000190734863,701
2010-08-31,9.960000038146973,10.0,9.960000038146973,10.0,10.0,200
2010-09-01,9.710000038146973,10.449999809265137,9.710000038146973,10.0,10.0,501
2010-09-02,10.020000457763672,10.020000457763672,10.020000457763672,10.020000457763672,10.020000457763672,250
2010-09-03,9.609999656677246,10.479999542236328,9.609999656677246,10.4399995803833,10.4399995803833,2509
2010-09-06,10.020000457763672,10.9399995803833,10.020000457763672,10.25,10.25,1650
2010-09-07,10.5,10.649999618530273,10.119999885559082,10.260000228881836,10.260000228881836,3600
2010-09-08,9.760000228881836,11.0,9.760000228881836,10.369999885559082,10.369999885559082,521
2010-09-09,11.09000015258789,11.109999656677246,10.399999618530273,10.649999618530273,10.649999618530273,4681
2010-09-13,11.5600004196167,11.5600004196167,10.380000114440918,10.520000457763672,10.520000457763672,1751
2010-09-14,10.399999618530273,10.460000038146973,10.399999618530273,10.460000038146973,10.460000038146973,452
2010-09-15,10.5,10.5,10.119999885559082,10.5,10.5,502
2010-09-16,11.0,11.550000190734863,10.510000228881836,10.510000228881836,10.510000228881836,1754
2010-09-17,10.34000015258789,10.34000015258789,10.329999923706055,10.329999923706055,10.329999923706055,1301
2010-09-20,10.220000267028809,11.0,10.210000038146973,10.319999694824219,10.319999694824219,751
2010-09-21,11.319999694824219,11.34000015258789,10.0,10.0,10.0,11285
2010-09-22,11.0,11.0,10.25,10.699999809265137,10.699999809265137,1811
2010-09-23,11.699999809265137,11.699999809265137,10.25,11.1899995803833,11.1899995803833,1206
2010-09-24,10.510000228881836,12.300000190734863,10.489999771118164,11.930000305175781,11.930000305175781,10376
2010-09-27,12.899999618530273,13.119999885559082,12.0600004196167,12.869999885559082,12.869999885559082,4651
2010-09-28,13.800000190734863,14.149999618530273,13.550000190734863,14.149999618530273,14.149999618530273,5478
2010-09-29,13.579999923706055,14.850000381469727,13.579999923706055,14.850000381469727,14.850000381469727,4276
2010-09-30,15.5,15.59000015258789,14.180000305175781,15.59000015258789,15.59000015258789,9188
2010-10-01,15.550000190734863,16.350000381469727,15.550000190734863,15.850000381469727,15.850000381469727,2887
2010-10-04,16.600000381469727,16.600000381469727,15.149999618530273,16.5,16.5,6266
2010-10-05,16.700000762939453,17.200000762939453,16.25,16.450000762939453,16.450000762939453,3374
2010-10-06,16.850000381469727,17.25,16.850000381469727,17.25,17.25,4300
2010-10-07,18.100000381469727,18.100000381469727,17.549999237060547,17.649999618530273,17.649999618530273,3283
2010-10-08,16.799999237060547,18.5,16.799999237060547,17.75,17.75,2280
2010-10-11,17.299999237060547,18.549999237060547,16.950000762939453,17.799999237060547,17.799999237060547,1300
2010-10-12,17.5,18.0,17.0,17.049999237060547,17.049999237060547,2372
2010-10-13,16.799999237060547,16.799999237060547,16.200000762939453,16.600000381469727,16.600000381469727,1350
2010-10-14,15.899999618530273,16.5,15.850000381469727,16.100000381469727,16.100000381469727,550
2010-10-15,15.399999618530273,16.75,15.399999618530273,16.75,16.75,1280
2010-10-18,15.949999809265137,15.949999809265137,15.949999809265137,15.949999809265137,15.949999809265137,150
2010-10-19,15.949999809265137,15.949999809265137,15.25,15.949999809265137,15.949999809265137,175
2010-10-20,15.949999809265137,15.949999809265137,15.949999809265137,15.949999809265137,15.949999809265137,50
2010-10-22,15.600000381469727,16.700000762939453,15.199999809265137,16.5,16.5,7822
2010-10-25,16.899999618530273,17.299999237060547,16.899999618530273,17.299999237060547,17.299999237060547,650
2010-10-26,17.450000762939453,18.149999618530273,16.700000762939453,17.100000381469727,17.100000381469727,3447
2010-10-27,16.25,16.950000762939453,16.25,16.299999237060547,16.299999237060547,2153
2010-10-28,15.550000190734863,16.200000762939453,15.5,15.5,15.5,3550
2010-10-29,14.800000190734863,14.800000190734863,14.75,14.75,14.75,1200
2010-11-02,14.5,14.75,14.050000190734863,14.050000190734863,14.050000190734863,1700
2010-11-03,14.0,14.0,13.350000381469727,13.680000305175781,13.680000305175781,2025
2010-11-04,13.0,14.359999656677246,13.0,13.850000381469727,13.850000381469727,5500
2010-11-08,13.199999809265137,13.399999618530273,13.199999809265137,13.399999618530273,13.399999618530273,400
2010-11-09,13.399999618530273,14.050000190734863,12.800000190734863,12.800000190734863,12.800000190734863,2195
2010-11-10,12.319999694824219,12.600000381469727,12.319999694824219,12.600000381469727,12.600000381469727,300
2010-11-11,12.260000228881836,12.850000381469727,12.260000228881836,12.850000381469727,12.850000381469727,1400
2010-11-12,13.479999542236328,13.479999542236328,13.479999542236328,13.479999542236328,13.479999542236328,200
2010-11-15,13.0600004196167,14.149999618530273,12.8100004196167,13.970000267028809,13.970000267028809,3417
2010-11-16,13.289999961853027,14.600000381469727,13.289999961853027,13.699999809265137,13.699999809265137,1860
2010-11-18,13.550000190734863,14.380000114440918,13.050000190734863,13.300000190734863,13.300000190734863,2621
2010-11-19,12.829999923706055,13.960000038146973,12.829999923706055,13.960000038146973,13.960000038146973,700
2010-11-26,13.270000457763672,13.270000457763672,13.270000457763672,13.270000457763672,13.270000457763672,100
2010-11-29,12.649999618530273,12.649999618530273,12.649999618530273,12.649999618530273,12.649999618530273,700
2010-11-30,12.649999618530273,13.279999732971191,12.050000190734863,13.0600004196167,13.0600004196167,1100
2010-12-01,12.420000076293945,12.420000076293945,12.420000076293945,12.420000076293945,12.420000076293945,500
2010-12-07,12.0,13.039999961853027,11.859999656677246,11.859999656677246,11.859999656677246,940
2010-12-08,12.0,12.0,11.550000190734863,11.550000190734863,11.550000190734863,1000
2010-12-09,11.199999809265137,11.699999809265137,11.199999809265137,11.699999809265137,11.699999809265137,200
2010-12-10,11.75,12.279999732971191,11.75,12.270000457763672,12.270000457763672,1001
2010-12-13,11.699999809265137,12.869999885559082,11.699999809265137,12.869999885559082,12.869999885559082,400
2010-12-16,12.229999542236328,12.229999542236328,12.229999542236328,12.229999542236328,12.229999542236328,100
2010-12-21,11.800000190734863,11.800000190734863,11.800000190734863,11.800000190734863,11.800000190734863,200
2010-12-22,12.380000114440918,12.390000343322754,12.380000114440918,12.390000343322754,12.390000343322754,1214
2010-12-23,12.399999618530273,12.399999618530273,12.399999618530273,12.399999618530273,12.399999618530273,50
2010-12-24,13.0,13.020000457763672,12.75,13.010000228881836,13.010000228881836,1126
2010-12-27,13.65999984741211,13.65999984741211,12.90999984741211,12.90999984741211,12.90999984741211,1185
2010-12-28,12.3100004196167,13.550000190734863,12.3100004196167,12.3100004196167,12.3100004196167,2450
2010-12-29,12.920000076293945,12.920000076293945,12.920000076293945,12.920000076293945,12.920000076293945,700
2010-12-30,13.550000190734863,13.550000190734863,13.130000114440918,13.149999618530273,13.149999618530273,590
2010-12-31,13.149999618530273,13.800000190734863,13.149999618530273,13.800000190734863,13.800000190734863,1541
2011-01-03,14.050000190734863,14.449999809265137,13.899999618530273,13.899999618530273,13.899999618530273,700
2011-01-04,14.399999618530273,14.5,13.220000267028809,14.5,14.5,425
2011-01-05,14.550000190734863,14.550000190734863,14.550000190734863,14.550000190734863,14.550000190734863,100
2011-01-06,15.050000190734863,15.270000457763672,13.899999618530273,13.949999809265137,13.949999809265137,1450
2011-01-07,14.0,14.0,13.699999809265137,13.699999809265137,13.699999809265137,125
2011-01-10,14.369999885559082,14.369999885559082,13.029999732971191,13.989999771118164,13.989999771118164,90
2011-01-13,13.300000190734863,14.489999771118164,13.300000190734863,14.449999809265137,14.449999809265137,121
2011-01-18,14.739999771118164,14.739999771118164,13.729999542236328,14.640000343322754,14.640000343322754,1642
2011-01-19,13.90999984741211,14.0,13.90999984741211,13.90999984741211,13.90999984741211,579
2011-01-21,13.220000267028809,13.220000267028809,13.220000267028809,13.220000267028809,13.220000267028809,80
2011-01-24,12.569999694824219,12.569999694824219,12.569999694824219,12.569999694824219,12.569999694824219,50
2011-01-25,12.010000228881836,12.010000228881836,12.010000228881836,12.010000228881836,12.010000228881836,500
2011-01-27,11.420000076293945,11.420000076293945,11.420000076293945,11.420000076293945,11.420000076293945,100
2011-01-28,11.0,11.0,11.0,11.0,11.0,100
2011-01-31,11.0,11.539999961853027,11.0,11.0,11.0,548
2011-02-01,11.0,11.0,11.0,11.0,11.0,100
2011-02-04,11.4399995803833,11.4399995803833,11.4399995803833,11.4399995803833,11.4399995803833,100
2011-02-08,10.869999885559082,10.869999885559082,10.869999885559082,10.869999885559082,10.869999885559082,50
2011-02-16,11.40999984741211,11.40999984741211,11.40999984741211,11.40999984741211,11.40999984741211,1
2011-02-28,11.979999542236328,11.979999542236328,11.979999542236328,11.979999542236328,11.979999542236328,1
2011-03-17,12.149999618530273,12.399999618530273,12.050000190734863,12.050000190734863,12.050000190734863,43
2011-03-23,11.5,11.5,11.5,11.5,11.5,25
2011-03-24,11.350000381469727,11.399999618530273,10.930000305175781,10.930000305175781,10.930000305175781,202
2011-03-25,10.390000343322754,10.40999984741211,10.390000343322754,10.399999618530273,10.399999618530273,200
2011-03-28,9.90999984741211,9.90999984741211,9.890000343322754,9.890000343322754,9.890000343322754,230
2011-03-29,9.899999618530273,10.25,9.399999618530273,9.399999618530273,9.399999618530273,2339
2011-03-30,9.859999656677246,9.859999656677246,9.859999656677246,9.859999656677246,9.859999656677246,41
2011-03-31,9.899999618530273,10.329999923706055,9.369999885559082,9.369999885559082,9.369999885559082,327
2011-04-01,9.829999923706055,9.829999923706055,8.949999809265137,8.949999809265137,8.949999809265137,1575
2011-04-04,9.149999618530273,9.149999618530273,8.819999694824219,8.819999694824219,8.819999694824219,1273
2011-04-05,9.260000228881836,9.260000228881836,9.260000228881836,9.260000228881836,9.260000228881836,350
2011-04-06,8.899999618530273,8.899999618530273,8.899999618530273,8.899999618530273,8.899999618530273,100
2011-04-07,8.899999618530273,8.899999618530273,8.899999618530273,8.899999618530273,8.899999618530273,5
2011-04-08,8.5,8.5,8.5,8.5,8.5,100
2011-04-11,8.920000076293945,8.920000076293945,8.619999885559082,8.619999885559082,8.619999885559082,602
2011-04-13,8.420000076293945,9.050000190734863,8.420000076293945,8.75,8.75,701
2011-04-15,8.899999618530273,9.180000305175781,8.609999656677246,9.170000076293945,9.170000076293945,984
2011-04-18,8.729999542236328,9.59000015258789,8.729999542236328,9.15999984741211,9.15999984741211,154
2011-04-19,9.529999732971191,9.550000190734863,8.75,9.0,9.0,4728
2011-04-20,9.380000114440918,9.390000343322754,8.75,8.989999771118164,8.989999771118164,578
2011-04-21,9.239999771118164,9.239999771118164,8.680000305175781,9.229999542236328,9.229999542236328,2380
2011-04-25,9.0,9.229999542236328,9.0,9.010000228881836,9.010000228881836,601
2011-04-26,9.449999809265137,9.449999809265137,8.5600004196167,8.569999694824219,8.569999694824219,2543
2011-04-27,8.989999771118164,8.989999771118164,8.989999771118164,8.989999771118164,8.989999771118164,250
2011-04-28,9.199999809265137,9.430000305175781,9.199999809265137,9.430000305175781,9.430000305175781,2000
2011-04-29,9.029999732971191,9.529999732971191,8.960000038146973,9.0,9.0,2451
2011-05-02,8.600000381469727,8.600000381469727,8.600000381469727,8.600000381469727,8.600000381469727,2
2011-05-03,8.3100004196167,8.319999694824219,8.3100004196167,8.3100004196167,8.3100004196167,131
2011-05-04,8.720000267028809,8.720000267028809,8.720000267028809,8.720000267028809,8.720000267028809,205
2011-05-05,9.149999618530273,9.149999618530273,9.149999618530273,9.149999618530273,9.149999618530273,35
2011-05-06,8.699999809265137,8.699999809265137,8.699999809265137,8.699999809265137,8.699999809265137,600
2011-05-09,8.399999618530273,9.119999885559082,8.399999618530273,9.109999656677246,9.109999656677246,143
2011-05-10,8.699999809265137,8.699999809265137,8.699999809265137,8.699999809265137,8.699999809265137,43
2011-05-11,8.430000305175781,8.899999618530273,8.270000457763672,8.899999618530273,8.899999618530273,1001
2011-05-12,8.989999771118164,8.989999771118164,8.5,8.5,8.5,701
2011-05-13,8.130000114440918,8.890000343322754,8.130000114440918,8.890000343322754,8.890000343322754,302
2011-05-16,8.449999809265137,8.989999771118164,8.449999809265137,8.920000076293945,8.920000076293945,600
2011-05-17,8.479999542236328,8.989999771118164,8.479999542236328,8.890000343322754,8.890000343322754,1919
2011-05-18,8.460000038146973,8.460000038146973,8.449999809265137,8.449999809265137,8.449999809265137,200
2011-05-19,8.100000381469727,8.869999885559082,8.100000381469727,8.869999885559082,8.869999885559082,2187
2011-05-20,8.609999656677246,9.300000190734863,8.609999656677246,9.270000457763672,9.270000457763672,1606
2011-05-23,8.8100004196167,9.630000114440918,8.8100004196167,9.0,9.0,344
2011-05-24,8.609999656677246,8.609999656677246,8.600000381469727,8.600000381469727,8.600000381469727,200
2011-05-25,8.359999656677246,9.029999732971191,8.260000228881836,9.029999732971191,9.029999732971191,1743
2011-05-26,8.649999618530273,9.479999542236328,8.649999618530273,9.479999542236328,9.479999542236328,23500
2011-05-27,9.199999809265137,9.199999809265137,9.199999809265137,9.199999809265137,9.199999809265137,100
2011-05-30,9.59000015258789,9.65999984741211,9.0,9.65999984741211,9.65999984741211,9171
2011-05-31,9.300000190734863,9.699999809265137,9.180000305175781,9.329999923706055,9.329999923706055,3755
2011-06-01,9.010000228881836,9.010000228881836,9.0,9.0,9.0,401
2011-06-02,9.0,9.4399995803833,9.0,9.399999618530273,9.399999618530273,463
2011-06-07,8.949999809265137,9.869999885559082,8.949999809265137,9.869999885559082,9.869999885559082,9829
2011-06-08,9.800000190734863,9.800000190734863,9.800000190734863,9.800000190734863,9.800000190734863,1000
2011-06-09,9.319999694824219,9.319999694824219,9.319999694824219,9.319999694824219,9.319999694824219,1050
2011-06-10,8.869999885559082,9.09000015258789,8.859999656677246,8.859999656677246,8.859999656677246,931
2011-06-14,8.699999809265137,8.699999809265137,8.5600004196167,8.5600004196167,8.5600004196167,1450
2011-06-15,8.40999984741211,8.970000267028809,8.140000343322754,8.140000343322754,8.140000343322754,1837
2011-06-16,8.529999732971191,8.529999732971191,7.809999942779541,8.520000457763672,8.520000457763672,126
2011-06-17,8.100000381469727,8.800000190734863,8.100000381469727,8.800000190734863,8.800000190734863,2
2011-06-20,8.5,8.5,8.5,8.5,8.5,200
2011-06-21,8.100000381469727,8.100000381469727,8.079999923706055,8.100000381469727,8.100000381469727,700
2011-06-22,8.100000381469727,8.399999618530273,8.100000381469727,8.100000381469727,8.100000381469727,11501
2011-06-23,8.100000381469727,8.100000381469727,8.100000381469727,8.100000381469727,8.100000381469727,550
2011-06-24,8.0,8.100000381469727,8.0,8.0,8.0,1700
2011-06-27,7.980000019073486,7.980000019073486,7.650000095367432,7.650000095367432,7.650000095367432,100
2011-06-28,8.0,8.0,7.349999904632568,8.0,8.0,1202
2011-06-29,8.100000381469727,8.399999618530273,8.100000381469727,8.399999618530273,8.399999618530273,345
2011-06-30,8.300000190734863,8.770000457763672,8.300000190734863,8.770000457763672,8.770000457763672,1001
2011-07-04,8.619999885559082,9.0,8.619999885559082,8.619999885559082,8.619999885559082,367
2011-07-05,9.0,9.0,9.0,9.0,9.0,48
2011-07-06,8.600000381469727,8.600000381469727,8.5600004196167,8.5600004196167,8.5600004196167,950
2011-07-11,7.809999942779541,8.539999961853027,7.809999942779541,8.489999771118164,8.489999771118164,103
2011-07-12,8.109999656677246,8.119999885559082,8.109999656677246,8.119999885559082,8.119999885559082,201
2011-07-13,8.5,8.520000457763672,7.809999942779541,8.520000457763672,8.520000457763672,801
2011-07-15,8.899999618530273,8.9399995803833,8.899999618530273,8.9399995803833,8.9399995803833,10000
2011-07-19,8.5600004196167,8.569999694824219,8.5600004196167,8.569999694824219,8.569999694824219,200
2011-07-20,8.260000228881836,8.5,8.260000228881836,8.5,8.5,125
2011-07-21,8.800000190734863,8.800000190734863,8.800000190734863,8.800000190734863,8.800000190734863,1500
2011-07-22,8.40999984741211,9.0,8.40999984741211,8.550000190734863,8.550000190734863,1801
2011-07-25,8.170000076293945,8.170000076293945,8.15999984741211,8.15999984741211,8.15999984741211,600
2011-08-02,7.360000133514404,7.360000133514404,7.360000133514404,7.360000133514404,7.360000133514404,100
2011-08-03,7.110000133514404,7.71999979019165,7.110000133514404,7.71999979019165,7.71999979019165,101
2011-08-04,7.989999771118164,7.989999771118164,7.989999771118164,7.989999771118164,7.989999771118164,6
2011-08-05,7.650000095367432,7.650000095367432,7.650000095367432,7.650000095367432,7.650000095367432,200
2011-08-09,7.28000020980835,7.28000020980835,7.28000020980835,7.28000020980835,7.28000020980835,100
2011-08-10,7.239999771118164,7.639999866485596,7.230000019073486,7.590000152587891,7.590000152587891,12005
2011-08-11,7.909999847412109,7.909999847412109,7.300000190734863,7.840000152587891,7.840000152587891,2192
2011-08-12,7.5,7.75,7.5,7.75,7.75,547
2011-08-16,7.989999771118164,7.989999771118164,7.989999771118164,7.989999771118164,7.989999771118164,500
2011-08-17,8.0,8.0,8.0,8.0,8.0,1000
2011-08-18,8.0,8.0,7.679999828338623,7.679999828338623,7.679999828338623,1100
2011-08-19,7.940000057220459,7.960000038146973,7.460000038146973,7.460000038146973,7.460000038146973,2130
2011-08-22,7.510000228881836,7.820000171661377,7.5,7.820000171661377,7.820000171661377,950
2011-08-23,8.0,8.210000038146973,8.0,8.210000038146973,8.210000038146973,21855
2011-08-24,8.600000381469727,8.619999885559082,7.920000076293945,7.920000076293945,7.920000076293945,3100
2011-08-25,8.0,8.0,7.630000114440918,7.730000019073486,7.730000019073486,292
2011-08-26,8.0,8.0,8.0,8.0,8.0,1000
2011-08-30,7.659999847412109,8.0,7.639999866485596,8.0,8.0,400
2011-09-02,7.710000038146973,8.0,7.699999809265137,8.0,8.0,2600
2011-09-05,8.399999618530273,8.399999618530273,8.399999618530273,8.399999618530273,8.399999618530273,600
2011-09-06,8.0,8.699999809265137,7.989999771118164,7.989999771118164,7.989999771118164,350
2011-09-07,8.380000114440918,8.380000114440918,8.100000381469727,8.100000381469727,8.100000381469727,156
2011-09-09,8.5,8.5,8.5,8.5,8.5,400
2011-09-13,8.920000076293945,8.920000076293945,8.920000076293945,8.920000076293945,8.920000076293945,600
2011-09-15,9.350000381469727,9.350000381469727,9.25,9.25,9.25,60
2011-09-16,9.699999809265137,9.699999809265137,9.699999809265137,9.699999809265137,9.699999809265137,1
2011-09-19,10.149999618530273,10.149999618530273,10.149999618530273,10.149999618530273,10.149999618530273,1
2011-09-20,10.550000190734863,10.600000381469727,10.550000190734863,10.600000381469727,10.600000381469727,201
2011-09-21,11.100000381469727,11.100000381469727,11.100000381469727,11.100000381469727,11.100000381469727,1
2011-09-27,11.649999618530273,11.649999618530273,11.649999618530273,11.649999618530273,11.649999618530273,1
2011-09-28,12.229999542236328,12.229999542236328,11.069999694824219,11.069999694824219,11.069999694824219,203
2011-09-29,11.619999885559082,11.619999885559082,10.520000457763672,10.520000457763672,10.520000457763672,26
2011-09-30,10.0,10.0,10.0,10.0,10.0,1826
2011-10-04,9.510000228881836,9.510000228881836,9.510000228881836,9.510000228881836,9.510000228881836,700
2011-10-07,9.039999961853027,9.039999961853027,9.039999961853027,9.039999961853027,9.039999961853027,400
2011-10-10,8.59000015258789,8.59000015258789,8.59000015258789,8.59000015258789,8.59000015258789,300
2011-10-11,8.170000076293945,8.170000076293945,8.170000076293945,8.170000076293945,8.170000076293945,500
2011-10-17,7.769999980926514,7.769999980926514,7.769999980926514,7.769999980926514,7.769999980926514,100
2011-10-18,7.800000190734863,7.800000190734863,7.800000190734863,7.800000190734863,7.800000190734863,50
2011-10-20,7.420000076293945,7.440000057220459,7.420000076293945,7.440000057220459,7.440000057220459,200
2011-10-21,7.449999809265137,7.460000038146973,7.449999809265137,7.460000038146973,7.460000038146973,205
2011-10-25,7.090000152587891,7.090000152587891,7.090000152587891,7.090000152587891,7.090000152587891,1
2011-10-28,6.769999980926514,6.769999980926514,6.769999980926514,6.769999980926514,6.769999980926514,101
2011-10-31,6.449999809265137,7.0,6.449999809265137,6.570000171661377,6.570000171661377,3259
2011-11-01,6.570000171661377,6.570000171661377,6.340000152587891,6.420000076293945,6.420000076293945,20000
2011-11-02,6.199999809265137,6.429999828338623,6.099999904632568,6.429999828338623,6.429999828338623,25300
2011-11-03,6.75,6.75,6.199999809265137,6.199999809265137,6.199999809265137,21325
2011-11-04,5.949999809265137,6.510000228881836,5.949999809265137,6.050000190734863,6.050000190734863,23050
2011-11-08,5.760000228881836,6.349999904632568,5.760000228881836,6.349999904632568,6.349999904632568,24300
2011-11-09,6.25,6.659999847412109,6.25,6.659999847412109,6.659999847412109,25100
2011-11-14,6.900000095367432,6.900000095367432,6.900000095367432,6.900000095367432,6.900000095367432,32
2011-11-15,6.599999904632568,6.599999904632568,6.599999904632568,6.599999904632568,6.599999904632568,25
2011-11-16,6.300000190734863,6.599999904632568,6.300000190734863,6.599999904632568,6.599999904632568,1000
2011-11-17,6.599999904632568,6.599999904632568,6.599999904632568,6.599999904632568,6.599999904632568,0
2011-11-18,6.5,6.5,6.28000020980835,6.28000020980835,6.28000020980835,168
2011-11-21,6.28000020980835,6.28000020980835,6.28000020980835,6.28000020980835,6.28000020980835,0
2011-11-22,6.28000020980835,6.28000020980835,6.28000020980835,6.28000020980835,6.28000020980835,0
2011-11-23,6.28000020980835,6.28000020980835,6.28000020980835,6.28000020980835,6.28000020980835,0
2011-11-24,6.28000020980835,6.28000020980835,6.28000020980835,6.28000020980835,6.28000020980835,0
2011-11-25,6.0,6.25,6.0,6.25,6.25,150
2011-11-28,6.0,6.0,6.0,6.0,6.0,100
2011-11-29,6.0,6.0,6.0,6.0,6.0,0
2011-11-30,5.710000038146973,5.710000038146973,5.710000038146973,5.710000038146973,5.710000038146973,300
2011-12-01,5.710000038146973,5.710000038146973,5.710000038146973,5.710000038146973,5.710000038146973,0
2011-12-02,5.710000038146973,5.710000038146973,5.710000038146973,5.710000038146973,5.710000038146973,0
2011-12-05,5.710000038146973,5.710000038146973,5.710000038146973,5.710000038146973,5.710000038146973,0
2011-12-07,5.710000038146973,5.710000038146973,5.710000038146973,5.710000038146973,5.710000038146973,0
2011-12-08,5.710000038146973,5.710000038146973,5.710000038146973,5.710000038146973,5.710000038146973,0
2011-12-09,5.710000038146973,5.710000038146973,5.710000038146973,5.710000038146973,5.710000038146973,0
2011-12-12,5.710000038146973,5.710000038146973,5.710000038146973,5.710000038146973,5.710000038146973,0
2011-12-13,5.989999771118164,5.989999771118164,5.989999771118164,5.989999771118164,5.989999771118164,500
2011-12-14,5.989999771118164,5.989999771118164,5.989999771118164,5.989999771118164,5.989999771118164,100
2011-12-15,5.989999771118164,5.989999771118164,5.989999771118164,5.989999771118164,5.989999771118164,100
2011-12-16,5.989999771118164,5.989999771118164,5.989999771118164,5.989999771118164,5.989999771118164,0
2011-12-19,5.989999771118164,5.989999771118164,5.989999771118164,5.989999771118164,5.989999771118164,0
2011-12-20,6.25,6.25,6.25,6.25,6.25,150
2011-12-21,6.5,6.5,6.5,6.5,6.5,200
2011-12-22,6.800000190734863,6.800000190734863,6.800000190734863,6.800000190734863,6.800000190734863,100
2011-12-23,7.099999904632568,7.099999904632568,7.099999904632568,7.099999904632568,7.099999904632568,218
2011-12-26,7.099999904632568,7.099999904632568,7.099999904632568,7.099999904632568,7.099999904632568,0
2011-12-27,7.099999904632568,7.099999904632568,7.099999904632568,7.099999904632568,7.099999904632568,0
2011-12-28,7.400000095367432,7.400000095367432,7.400000095367432,7.400000095367432,7.400000095367432,100
2011-12-29,7.699999809265137,7.699999809265137,7.699999809265137,7.699999809265137,7.699999809265137,100
2011-12-30,7.699999809265137,7.699999809265137,7.699999809265137,7.699999809265137,7.699999809265137,0
2012-01-02,7.699999809265137,7.699999809265137,7.699999809265137,7.699999809265137,7.699999809265137,0
2012-01-03,7.320000171661377,8.0,7.320000171661377,8.0,8.0,2197
2012-01-04,8.0,8.0,8.0,8.0,8.0,0
2012-01-05,8.0,8.0,8.0,8.0,8.0,0
2012-01-06,8.0,8.0,8.0,8.0,8.0,0
2012-01-09,8.0,8.0,8.0,8.0,8.0,0
2012-01-10,8.0,8.0,8.0,8.0,8.0,0
2012-01-11,8.399999618530273,8.399999618530273,8.399999618530273,8.399999618530273,8.399999618530273,500
2012-01-12,8.75,8.800000190734863,8.75,8.800000190734863,8.800000190734863,440
2012-01-13,9.0,9.239999771118164,9.0,9.239999771118164,9.239999771118164,450
2012-01-16,9.5,9.5,9.5,9.5,9.5,15
2012-01-17,9.149999618530273,9.149999618530273,9.149999618530273,9.149999618530273,9.149999618530273,10
2012-01-18,8.75,9.600000381469727,8.75,9.600000381469727,9.600000381469727,935
2012-01-19,9.5,10.0,9.5,10.0,10.0,500
2012-01-20,10.0,10.0,10.0,10.0,10.0,0
2012-01-23,10.5,10.5,10.5,10.5,10.5,1000
2012-01-24,10.0,11.020000457763672,9.979999542236328,9.979999542236328,9.979999542236328,641
2012-01-25,9.979999542236328,9.979999542236328,9.979999542236328,9.979999542236328,9.979999542236328,0
2012-01-27,9.979999542236328,9.979999542236328,9.979999542236328,9.979999542236328,9.979999542236328,0
2012-01-30,9.979999542236328,9.979999542236328,9.979999542236328,9.979999542236328,9.979999542236328,0
2012-01-31,9.979999542236328,9.979999542236328,9.979999542236328,9.979999542236328,9.979999542236328,0
2012-02-01,9.979999542236328,9.979999542236328,9.979999542236328,9.979999542236328,9.979999542236328,0
2012-02-02,9.979999542236328,9.979999542236328,9.979999542236328,9.979999542236328,9.979999542236328,0
2012-02-03,9.979999542236328,9.979999542236328,9.979999542236328,9.979999542236328,9.979999542236328,0
2012-02-06,9.979999542236328,9.979999542236328,9.979999542236328,9.979999542236328,9.979999542236328,0
2012-02-07,9.979999542236328,9.979999542236328,9.979999542236328,9.979999542236328,9.979999542236328,0
2012-02-08,9.979999542236328,9.979999542236328,9.979999542236328,9.979999542236328,9.979999542236328,0
2012-02-09,10.0,10.0,10.0,10.0,10.0,20
2012-02-10,10.0,10.25,10.0,10.25,10.25,1375
2012-02-13,10.25,10.25,10.25,10.25,10.25,0
2012-02-14,10.25,10.25,10.25,10.25,10.25,0
2012-02-15,10.25,10.25,10.25,10.25,10.25,0
2012-02-16,10.25,10.25,10.25,10.25,10.25,0
2012-02-17,9.75,9.75,9.75,9.75,9.75,150
2012-02-21,9.270000457763672,10.050000190734863,9.270000457763672,10.050000190734863,10.050000190734863,2000
2012-02-22,10.050000190734863,10.050000190734863,10.050000190734863,10.050000190734863,10.050000190734863,0
2012-02-23,10.25,10.25,10.25,10.25,10.25,50
2012-02-24,10.5,10.5,10.5,10.5,10.5,2
2012-02-27,10.5,10.5,10.5,10.5,10.5,0
2012-02-28,10.5,10.5,10.5,10.5,10.5,0
2012-02-29,10.5,10.5,10.5,10.5,10.5,0
2012-03-01,10.5,10.5,10.5,10.5,10.5,0
2012-03-02,10.5,10.5,10.5,10.5,10.5,0
2012-03-05,10.5,10.5,10.5,10.5,10.5,0
2012-03-06,10.5,10.5,10.5,10.5,10.5,0
2012-03-07,10.5,10.5,10.5,10.5,10.5,0
2012-03-09,10.5,10.5,10.5,10.5,10.5,0
2012-03-12,10.5,10.5,10.5,10.5,10.5,0
2012-03-13,10.479999542236328,11.0,10.399999618530273,11.0,11.0,2048
2012-03-14,11.0,11.0,10.460000038146973,10.460000038146973,10.460000038146973,533
2012-03-15,10.460000038146973,10.460000038146973,10.460000038146973,10.460000038146973,10.460000038146973,0
2012-03-16,10.460000038146973,10.460000038146973,10.460000038146973,10.460000038146973,10.460000038146973,0
2012-03-19,10.0,10.0,10.0,10.0,10.0,500
2012-03-20,9.550000190734863,9.550000190734863,9.550000190734863,9.550000190734863,9.550000190734863,900
2012-03-21,9.079999923706055,10.0,9.079999923706055,9.079999923706055,9.079999923706055,1638
2012-03-22,8.630000114440918,8.630000114440918,8.630000114440918,8.630000114440918,8.630000114440918,100
2012-03-23,8.630000114440918,8.630000114440918,8.630000114440918,8.630000114440918,8.630000114440918,100
2012-03-26,9.050000190734863,9.050000190734863,9.050000190734863,9.050000190734863,9.050000190734863,100
2012-03-27,9.5,9.5,9.5,9.5,9.5,138
2012-03-28,9.25,9.25,9.25,9.25,9.25,89
2012-03-29,9.25,9.25,9.25,9.25,9.25,0
2012-03-30,9.25,9.25,9.25,9.25,9.25,0
2012-04-02,9.25,9.5,9.25,9.5,9.5,375
2012-04-03,9.5,9.5,9.5,9.5,9.5,0
2012-04-04,9.5,9.5,9.5,9.5,9.5,0
2012-04-09,9.5,9.5,9.5,9.5,9.5,0
2012-04-10,9.5,9.5,9.5,9.5,9.5,0
2012-04-11,9.5,9.5,9.5,9.5,9.5,60
2012-04-12,9.5,9.5,9.5,9.5,9.5,0
2012-04-13,9.5,9.5,9.5,9.5,9.5,0
2012-04-16,9.5,9.5,9.5,9.5,9.5,0
2012-04-17,9.5,9.5,9.5,9.5,9.5,0
2012-04-18,9.5,9.5,9.5,9.5,9.5,0
2012-04-19,9.5,9.5,9.5,9.5,9.5,0
2012-04-20,9.5,9.5,9.5,9.5,9.5,0
2012-04-23,9.5,9.5,9.5,9.5,9.5,0
2012-04-24,9.5,9.5,9.5,9.5,9.5,0
2012-04-25,9.5,9.5,9.5,9.5,9.5,0
2012-04-26,9.5,9.5,9.5,9.5,9.5,0
2012-04-27,9.5,9.5,9.5,9.5,9.5,0
2012-04-30,9.5,9.5,9.5,9.5,9.5,0
2012-05-02,9.5,9.5,9.5,9.5,9.5,0
2012-05-03,9.5,9.5,9.5,9.5,9.5,0
2012-05-04,9.5,9.5,9.5,9.5,9.5,0
2012-05-07,9.5,9.5,9.5,9.5,9.5,0
2012-05-08,9.5,9.5,9.5,9.5,9.5,200
2012-05-09,9.5,9.5,9.5,9.5,9.5,0
2012-05-10,9.100000381469727,9.100000381469727,9.100000381469727,9.100000381469727,9.100000381469727,75
2012-05-11,9.100000381469727,9.100000381469727,9.100000381469727,9.100000381469727,9.100000381469727,0
2012-05-14,9.100000381469727,9.100000381469727,9.100000381469727,9.100000381469727,9.100000381469727,0
2012-05-15,9.100000381469727,9.100000381469727,9.100000381469727,9.100000381469727,9.100000381469727,0
2012-05-16,9.100000381469727,9.100000381469727,9.100000381469727,9.100000381469727,9.100000381469727,0
2012-05-17,9.100000381469727,9.100000381469727,9.100000381469727,9.100000381469727,9.100000381469727,176
2012-05-18,9.100000381469727,9.100000381469727,9.100000381469727,9.100000381469727,9.100000381469727,0
2012-05-21,9.100000381469727,9.100000381469727,9.100000381469727,9.100000381469727,9.100000381469727,0
2012-05-22,9.100000381469727,9.100000381469727,9.100000381469727,9.100000381469727,9.100000381469727,0
2012-05-23,9.100000381469727,9.100000381469727,9.100000381469727,9.100000381469727,9.100000381469727,0
2012-05-24,9.100000381469727,9.100000381469727,9.100000381469727,9.100000381469727,9.100000381469727,0
2012-05-25,9.100000381469727,9.100000381469727,9.100000381469727,9.100000381469727,9.100000381469727,0
2012-05-28,9.100000381469727,9.100000381469727,9.100000381469727,9.100000381469727,9.100000381469727,0
2012-05-29,9.100000381469727,9.100000381469727,9.100000381469727,9.100000381469727,9.100000381469727,0
2012-05-30,9.100000381469727,9.100000381469727,9.100000381469727,9.100000381469727,9.100000381469727,0
2012-05-31,9.100000381469727,9.100000381469727,9.100000381469727,9.100000381469727,9.100000381469727,0
2012-06-01,9.100000381469727,9.100000381469727,9.100000381469727,9.100000381469727,9.100000381469727,0
2012-06-04,8.649999618530273,9.0,8.649999618530273,9.0,9.0,1300
2012-06-05,9.0,9.0,8.5600004196167,8.5600004196167,8.5600004196167,1932
2012-06-06,8.5600004196167,8.5600004196167,8.5600004196167,8.5600004196167,8.5600004196167,0
2012-06-07,8.5600004196167,8.5600004196167,8.5600004196167,8.5600004196167,8.5600004196167,0
2012-06-08,8.979999542236328,8.979999542236328,8.149999618530273,8.149999618530273,8.149999618530273,13579
2012-06-11,7.75,7.75,7.75,7.75,7.75,370
2012-06-12,7.75,7.75,7.75,7.75,7.75,0
2012-06-13,7.75,7.75,7.75,7.75,7.75,0
2012-06-14,7.75,7.75,7.75,7.75,7.75,0
2012-06-15,7.75,7.75,7.75,7.75,7.75,1000
2012-06-18,8.0,8.0,7.75,7.75,7.75,319
2012-06-19,7.75,7.75,7.75,7.75,7.75,50
2012-06-20,8.100000381469727,8.100000381469727,8.100000381469727,8.100000381469727,8.100000381469727,100
2012-06-21,8.100000381469727,8.100000381469727,8.100000381469727,8.100000381469727,8.100000381469727,0
2012-06-22,7.75,7.75,7.75,7.75,7.75,28
2012-06-25,7.75,7.75,7.75,7.75,7.75,0
2012-06-26,7.75,7.75,7.75,7.75,7.75,0
2012-06-27,7.75,7.75,7.75,7.75,7.75,0
2012-06-28,7.75,7.75,7.75,7.75,7.75,0
2012-06-29,7.75,7.75,7.75,7.75,7.75,100
2012-07-02,7.5,7.5,7.400000095367432,7.400000095367432,7.400000095367432,300
2012-07-03,7.050000190734863,7.050000190734863,7.050000190734863,7.050000190734863,7.050000190734863,200
2012-07-04,6.75,6.75,6.75,6.75,6.75,200
2012-07-05,6.46999979019165,6.46999979019165,6.46999979019165,6.46999979019165,6.46999979019165,100
2012-07-06,6.46999979019165,6.46999979019165,6.46999979019165,6.46999979019165,6.46999979019165,0
2012-07-09,6.25,6.300000190734863,6.25,6.300000190734863,6.300000190734863,1900
2012-07-10,6.210000038146973,6.210000038146973,6.159999847412109,6.170000076293945,6.170000076293945,2000
2012-07-11,6.170000076293945,6.170000076293945,6.170000076293945,6.170000076293945,6.170000076293945,0
2012-07-12,6.170000076293945,6.170000076293945,6.170000076293945,6.170000076293945,6.170000076293945,0
2012-07-13,6.170000076293945,6.170000076293945,6.170000076293945,6.170000076293945,6.170000076293945,0
2012-07-16,5.909999847412109,5.909999847412109,5.909999847412109,5.909999847412109,5.909999847412109,100
2012-07-17,5.710000038146973,5.710000038146973,5.710000038146973,5.710000038146973,5.710000038146973,100
2012-07-18,5.710000038146973,5.710000038146973,5.710000038146973,5.710000038146973,5.710000038146973,0
2012-07-19,5.510000228881836,5.510000228881836,5.510000228881836,5.510000228881836,5.510000228881836,100
2012-07-20,5.510000228881836,5.510000228881836,5.510000228881836,5.510000228881836,5.510000228881836,0
2012-07-23,5.510000228881836,5.510000228881836,5.510000228881836,5.510000228881836,5.510000228881836,0
2012-07-24,5.510000228881836,5.510000228881836,5.510000228881836,5.510000228881836,5.510000228881836,0
2012-07-25,5.510000228881836,5.510000228881836,5.510000228881836,5.510000228881836,5.510000228881836,0
2012-07-26,5.78000020980835,5.78000020980835,5.550000190734863,5.550000190734863,5.550000190734863,186
2012-07-27,5.820000171661377,5.820000171661377,5.820000171661377,5.820000171661377,5.820000171661377,1000
2012-07-30,5.599999904632568,5.619999885559082,5.599999904632568,5.619999885559082,5.619999885559082,600
2012-07-31,5.619999885559082,5.619999885559082,5.619999885559082,5.619999885559082,5.619999885559082,0
2012-08-01,5.349999904632568,5.349999904632568,5.340000152587891,5.340000152587891,5.340000152587891,24000
2012-08-02,5.599999904632568,5.599999904632568,5.599999904632568,5.599999904632568,5.599999904632568,100
2012-08-03,5.880000114440918,5.880000114440918,5.880000114440918,5.880000114440918,5.880000114440918,100
2012-08-06,6.170000076293945,6.170000076293945,6.170000076293945,6.170000076293945,6.170000076293945,1040
2012-08-07,6.46999979019165,6.46999979019165,6.46999979019165,6.46999979019165,6.46999979019165,1060
2012-08-08,6.789999961853027,6.789999961853027,6.789999961853027,6.789999961853027,6.789999961853027,500
2012-08-09,7.099999904632568,7.099999904632568,7.090000152587891,7.090000152587891,7.090000152587891,550
2012-08-10,7.429999828338623,7.440000057220459,7.429999828338623,7.440000057220459,7.440000057220459,1200
2012-08-13,7.789999961853027,7.789999961853027,7.789999961853027,7.789999961853027,7.789999961853027,10
2012-08-14,7.760000228881836,7.760000228881836,7.760000228881836,7.760000228881836,7.760000228881836,300
2012-08-16,7.760000228881836,7.760000228881836,7.760000228881836,7.760000228881836,7.760000228881836,0
2012-08-17,7.760000228881836,7.760000228881836,7.760000228881836,7.760000228881836,7.760000228881836,0
2012-08-21,7.760000228881836,7.760000228881836,7.760000228881836,7.760000228881836,7.760000228881836,0
2012-08-22,7.760000228881836,7.760000228881836,7.760000228881836,7.760000228881836,7.760000228881836,0
2012-08-23,8.100000381469727,8.100000381469727,8.09000015258789,8.09000015258789,8.09000015258789,1004
2012-08-24,8.369999885559082,8.369999885559082,8.359999656677246,8.359999656677246,8.359999656677246,600
2012-08-27,8.680000305175781,8.680000305175781,8.680000305175781,8.680000305175781,8.680000305175781,200
2012-08-28,9.109999656677246,9.109999656677246,9.109999656677246,9.109999656677246,9.109999656677246,400
2012-08-29,9.109999656677246,9.109999656677246,9.109999656677246,9.109999656677246,9.109999656677246,0
2012-08-30,8.65999984741211,9.149999618530273,8.65999984741211,9.149999618530273,9.149999618530273,50
2012-08-31,9.140000343322754,9.140000343322754,9.140000343322754,9.140000343322754,9.140000343322754,1
2012-09-03,9.100000381469727,9.100000381469727,9.100000381469727,9.100000381469727,9.100000381469727,1
2012-09-04,9.100000381469727,9.100000381469727,9.100000381469727,9.100000381469727,9.100000381469727,0
2012-09-05,9.550000190734863,9.550000190734863,9.550000190734863,9.550000190734863,9.550000190734863,1
2012-09-06,9.550000190734863,9.550000190734863,9.550000190734863,9.550000190734863,9.550000190734863,0
2012-09-07,9.079999923706055,9.079999923706055,9.079999923706055,9.079999923706055,9.079999923706055,1
2012-09-10,9.489999771118164,9.489999771118164,9.489999771118164,9.489999771118164,9.489999771118164,1
2012-09-11,9.489999771118164,9.489999771118164,9.489999771118164,9.489999771118164,9.489999771118164,0
2012-09-12,9.489999771118164,9.489999771118164,9.489999771118164,9.489999771118164,9.489999771118164,0
2012-09-13,9.489999771118164,9.489999771118164,9.489999771118164,9.489999771118164,9.489999771118164,0
2012-09-14,9.899999618530273,9.899999618530273,9.899999618530273,9.899999618530273,9.899999618530273,10
2012-09-17,9.899999618530273,9.899999618530273,9.899999618530273,9.899999618530273,9.899999618530273,0
2012-09-18,9.40999984741211,9.40999984741211,9.40999984741211,9.40999984741211,9.40999984741211,20
2012-09-20,9.880000114440918,9.880000114440918,9.880000114440918,9.880000114440918,9.880000114440918,1
2012-09-21,10.369999885559082,10.369999885559082,10.369999885559082,10.369999885559082,10.369999885559082,10
2012-09-24,10.880000114440918,10.880000114440918,9.859999656677246,9.859999656677246,9.859999656677246,671
2012-09-25,9.859999656677246,9.859999656677246,9.859999656677246,9.859999656677246,9.859999656677246,0
2012-09-26,10.34000015258789,10.34000015258789,10.34000015258789,10.34000015258789,10.34000015258789,5
2012-09-27,10.34000015258789,10.34000015258789,10.34000015258789,10.34000015258789,10.34000015258789,0
2012-09-28,10.34000015258789,10.34000015258789,10.34000015258789,10.34000015258789,10.34000015258789,0
2012-10-01,9.829999923706055,9.829999923706055,9.829999923706055,9.829999923706055,9.829999923706055,250
2012-10-03,9.829999923706055,9.829999923706055,9.829999923706055,9.829999923706055,9.829999923706055,0
2012-10-04,9.829999923706055,9.829999923706055,9.829999923706055,9.829999923706055,9.829999923706055,0
2012-10-05,9.829999923706055,9.829999923706055,9.829999923706055,9.829999923706055,9.829999923706055,0
2012-10-08,9.829999923706055,9.829999923706055,9.829999923706055,9.829999923706055,9.829999923706055,0
2012-10-09,9.829999923706055,9.829999923706055,9.829999923706055,9.829999923706055,9.829999923706055,0
2012-10-10,9.34000015258789,9.34000015258789,9.34000015258789,9.34000015258789,9.34000015258789,200
2012-10-11,9.800000190734863,9.800000190734863,9.800000190734863,9.800000190734863,9.800000190734863,1
2012-10-12,9.800000190734863,9.800000190734863,9.800000190734863,9.800000190734863,9.800000190734863,0
2012-10-15,9.800000190734863,9.800000190734863,9.800000190734863,9.800000190734863,9.800000190734863,0
2012-10-16,9.800000190734863,9.800000190734863,9.800000190734863,9.800000190734863,9.800000190734863,0
2012-10-17,9.800000190734863,9.800000190734863,9.800000190734863,9.800000190734863,9.800000190734863,0
2012-10-18,9.800000190734863,9.800000190734863,9.800000190734863,9.800000190734863,9.800000190734863,0
2012-10-19,9.800000190734863,9.800000190734863,9.800000190734863,9.800000190734863,9.800000190734863,0
2012-10-22,9.800000190734863,9.800000190734863,9.800000190734863,9.800000190734863,9.800000190734863,0
2012-10-23,9.800000190734863,9.800000190734863,9.800000190734863,9.800000190734863,9.800000190734863,0
2012-10-25,9.800000190734863,9.800000190734863,9.800000190734863,9.800000190734863,9.800000190734863,0
2012-10-29,9.800000190734863,9.800000190734863,9.800000190734863,9.800000190734863,9.800000190734863,0
2012-10-30,9.800000190734863,9.800000190734863,9.800000190734863,9.800000190734863,9.800000190734863,0
2012-10-31,9.800000190734863,9.800000190734863,9.800000190734863,9.800000190734863,9.800000190734863,0
2012-11-01,9.800000190734863,9.800000190734863,9.800000190734863,9.800000190734863,9.800000190734863,0
2012-11-02,9.800000190734863,9.800000190734863,9.800000190734863,9.800000190734863,9.800000190734863,0
2012-11-05,9.800000190734863,9.800000190734863,9.800000190734863,9.800000190734863,9.800000190734863,0
2012-11-06,9.800000190734863,9.800000190734863,9.800000190734863,9.800000190734863,9.800000190734863,0
2012-11-07,9.800000190734863,9.800000190734863,9.800000190734863,9.800000190734863,9.800000190734863,0
2012-11-08,9.800000190734863,9.800000190734863,9.800000190734863,9.800000190734863,9.800000190734863,0
2012-11-09,9.800000190734863,9.800000190734863,9.800000190734863,9.800000190734863,9.800000190734863,0
2012-11-12,9.800000190734863,9.800000190734863,9.800000190734863,9.800000190734863,9.800000190734863,0
2012-11-15,9.800000190734863,9.800000190734863,9.800000190734863,9.800000190734863,9.800000190734863,0
2012-11-16,9.800000190734863,9.800000190734863,9.800000190734863,9.800000190734863,9.800000190734863,0
2012-11-19,9.800000190734863,9.800000190734863,9.800000190734863,9.800000190734863,9.800000190734863,0
2012-11-20,9.800000190734863,9.800000190734863,9.800000190734863,9.800000190734863,9.800000190734863,0
2012-11-21,9.800000190734863,9.800000190734863,9.800000190734863,9.800000190734863,9.800000190734863,0
2012-11-22,9.800000190734863,9.800000190734863,9.800000190734863,9.800000190734863,9.800000190734863,0
2012-11-23,9.800000190734863,9.800000190734863,9.800000190734863,9.800000190734863,9.800000190734863,0
2012-11-26,9.800000190734863,9.800000190734863,9.800000190734863,9.800000190734863,9.800000190734863,0
2012-11-27,9.800000190734863,9.800000190734863,9.800000190734863,9.800000190734863,9.800000190734863,0
2012-11-29,9.800000190734863,9.800000190734863,9.800000190734863,9.800000190734863,9.800000190734863,0
2012-11-30,9.800000190734863,9.800000190734863,9.800000190734863,9.800000190734863,9.800000190734863,0
2012-12-03,9.800000190734863,9.800000190734863,9.800000190734863,9.800000190734863,9.800000190734863,0
2012-12-04,9.800000190734863,9.800000190734863,9.800000190734863,9.800000190734863,9.800000190734863,0
2012-12-05,9.800000190734863,9.800000190734863,9.800000190734863,9.800000190734863,9.800000190734863,0
2012-12-06,9.800000190734863,9.800000190734863,9.800000190734863,9.800000190734863,9.800000190734863,0
2012-12-07,9.800000190734863,9.800000190734863,9.800000190734863,9.800000190734863,9.800000190734863,0
2012-12-10,9.800000190734863,9.800000190734863,9.800000190734863,9.800000190734863,9.800000190734863,0
2012-12-11,9.800000190734863,9.800000190734863,9.800000190734863,9.800000190734863,9.800000190734863,0
2012-12-12,9.800000190734863,9.800000190734863,9.800000190734863,9.800000190734863,9.800000190734863,0
2012-12-13,9.800000190734863,9.800000190734863,9.800000190734863,9.800000190734863,9.800000190734863,0
2012-12-14,9.800000190734863,9.800000190734863,9.800000190734863,9.800000190734863,9.800000190734863,0
2012-12-17,9.319999694824219,9.319999694824219,9.319999694824219,9.319999694824219,9.319999694824219,10
2012-12-18,9.0,9.0,8.859999656677246,8.989999771118164,8.989999771118164,510
2012-12-19,8.550000190734863,8.550000190734863,8.550000190734863,8.550000190734863,8.550000190734863,5
2012-12-20,8.550000190734863,8.550000190734863,8.550000190734863,8.550000190734863,8.550000190734863,0
2012-12-21,8.130000114440918,8.130000114440918,8.130000114440918,8.130000114440918,8.130000114440918,10
2012-12-24,8.130000114440918,8.130000114440918,8.130000114440918,8.130000114440918,8.130000114440918,0
2012-12-26,8.130000114440918,8.130000114440918,8.130000114440918,8.130000114440918,8.130000114440918,0
2012-12-27,8.489999771118164,8.489999771118164,8.489999771118164,8.489999771118164,8.489999771118164,1
2012-12-28,8.489999771118164,8.489999771118164,8.489999771118164,8.489999771118164,8.489999771118164,0
2012-12-31,8.489999771118164,8.489999771118164,8.489999771118164,8.489999771118164,8.489999771118164,0
2013-01-01,8.489999771118164,8.489999771118164,8.489999771118164,8.489999771118164,8.489999771118164,0
2013-01-02,8.489999771118164,8.489999771118164,8.489999771118164,8.489999771118164,8.489999771118164,0
2013-01-03,8.489999771118164,8.489999771118164,8.489999771118164,8.489999771118164,8.489999771118164,0
2013-01-04,8.489999771118164,8.489999771118164,8.489999771118164,8.489999771118164,8.489999771118164,0
2013-01-07,8.489999771118164,8.489999771118164,8.489999771118164,8.489999771118164,8.489999771118164,0
2013-01-08,8.079999923706055,8.079999923706055,8.079999923706055,8.079999923706055,8.079999923706055,340
2013-01-09,8.079999923706055,8.079999923706055,8.079999923706055,8.079999923706055,8.079999923706055,0
2013-01-10,8.079999923706055,8.079999923706055,8.079999923706055,8.079999923706055,8.079999923706055,0
2013-01-11,8.079999923706055,8.079999923706055,8.079999923706055,8.079999923706055,8.079999923706055,0
2013-01-14,7.679999828338623,7.679999828338623,7.679999828338623,7.679999828338623,7.679999828338623,1035
2013-01-15,7.309999942779541,7.309999942779541,7.309999942779541,7.309999942779541,7.309999942779541,3
2013-01-16,7.010000228881836,7.010000228881836,6.949999809265137,7.010000228881836,7.010000228881836,136
2013-01-17,6.659999847412109,6.659999847412109,6.659999847412109,6.659999847412109,6.659999847412109,505
2013-01-18,6.340000152587891,6.980000019073486,6.340000152587891,6.349999904632568,6.349999904632568,4040
2013-01-21,6.110000133514404,6.349999904632568,6.039999961853027,6.349999904632568,6.349999904632568,1000
2013-01-22,6.550000190734863,6.550000190734863,6.550000190734863,6.550000190734863,6.550000190734863,5
2013-01-23,6.349999904632568,6.869999885559082,6.230000019073486,6.309999942779541,6.309999942779541,4101
2013-01-24,6.010000228881836,6.610000133514404,6.010000228881836,6.610000133514404,6.610000133514404,7400
2013-01-25,6.940000057220459,6.940000057220459,6.659999847412109,6.659999847412109,6.659999847412109,2100
2013-01-28,6.659999847412109,6.659999847412109,6.659999847412109,6.659999847412109,6.659999847412109,700
2013-01-29,6.989999771118164,6.989999771118164,6.989999771118164,6.989999771118164,6.989999771118164,100
2013-01-30,7.199999809265137,7.329999923706055,7.010000228881836,7.010000228881836,7.010000228881836,1400
2013-01-31,7.360000133514404,7.360000133514404,7.360000133514404,7.360000133514404,7.360000133514404,1
2013-02-01,7.71999979019165,7.71999979019165,7.260000228881836,7.260000228881836,7.260000228881836,2350
2013-02-04,6.900000095367432,6.909999847412109,6.900000095367432,6.909999847412109,6.909999847412109,190
2013-02-05,6.570000171661377,6.570000171661377,6.570000171661377,6.570000171661377,6.570000171661377,207
2013-02-06,6.570000171661377,6.889999866485596,6.570000171661377,6.889999866485596,6.889999866485596,400
2013-02-07,7.230000019073486,7.230000019073486,7.230000019073486,7.230000019073486,7.230000019073486,1
2013-02-08,6.869999885559082,6.869999885559082,6.869999885559082,6.869999885559082,6.869999885559082,100
2013-02-11,7.210000038146973,7.210000038146973,6.869999885559082,6.869999885559082,6.869999885559082,1500
2013-02-12,6.869999885559082,6.869999885559082,6.869999885559082,6.869999885559082,6.869999885559082,0
2013-02-13,6.869999885559082,6.869999885559082,6.869999885559082,6.869999885559082,6.869999885559082,100
2013-02-14,7.210000038146973,7.210000038146973,6.869999885559082,6.869999885559082,6.869999885559082,200
2013-02-15,6.869999885559082,6.869999885559082,6.869999885559082,6.869999885559082,6.869999885559082,0
2013-02-18,6.869999885559082,6.869999885559082,6.869999885559082,6.869999885559082,6.869999885559082,0
2013-02-19,6.880000114440918,6.880000114440918,6.869999885559082,6.869999885559082,6.869999885559082,250
2013-02-20,7.210000038146973,7.210000038146973,7.010000228881836,7.010000228881836,7.010000228881836,1100
2013-02-21,7.349999904632568,7.360000133514404,6.659999847412109,7.360000133514404,7.360000133514404,4003
2013-02-22,7.71999979019165,7.71999979019165,7.71999979019165,7.71999979019165,7.71999979019165,30
2013-02-25,7.71999979019165,7.71999979019165,7.71999979019165,7.71999979019165,7.71999979019165,0
2013-02-26,7.71999979019165,7.71999979019165,7.71999979019165,7.71999979019165,7.71999979019165,1192
2013-02-27,7.349999904632568,7.349999904632568,7.349999904632568,7.349999904632568,7.349999904632568,5655
2013-02-28,7.710000038146973,7.710000038146973,6.989999771118164,6.989999771118164,6.989999771118164,36
2013-03-01,6.679999828338623,6.679999828338623,6.659999847412109,6.659999847412109,6.659999847412109,2216
2013-03-04,6.659999847412109,6.659999847412109,6.659999847412109,6.659999847412109,6.659999847412109,0
2013-03-05,6.659999847412109,6.659999847412109,6.659999847412109,6.659999847412109,6.659999847412109,0
2013-03-06,6.650000095367432,6.989999771118164,6.650000095367432,6.989999771118164,6.989999771118164,2000
2013-03-07,7.329999923706055,7.329999923706055,6.650000095367432,7.199999809265137,7.199999809265137,102
2013-03-08,7.5,7.559999942779541,7.5,7.550000190734863,7.550000190734863,2291
2013-03-11,7.179999828338623,7.179999828338623,7.179999828338623,7.179999828338623,7.179999828338623,50
2013-03-12,7.179999828338623,7.179999828338623,7.179999828338623,7.179999828338623,7.179999828338623,0
2013-03-13,7.179999828338623,7.179999828338623,7.179999828338623,7.179999828338623,7.179999828338623,0
2013-03-14,7.519999980926514,7.53000020980835,6.829999923706055,7.5,7.5,5856
2013-03-15,7.130000114440918,7.130000114440918,7.130000114440918,7.130000114440918,7.130000114440918,150
2013-03-18,6.789999961853027,6.789999961853027,6.789999961853027,6.789999961853027,6.789999961853027,740
2013-03-19,6.480000019073486,6.480000019073486,6.480000019073486,6.480000019073486,6.480000019073486,526
2013-03-20,6.159999847412109,6.159999847412109,6.159999847412109,6.159999847412109,6.159999847412109,100
2013-03-21,6.0,6.460000038146973,6.0,6.460000038146973,6.460000038146973,1903
2013-03-22,6.150000095367432,6.150000095367432,6.150000095367432,6.150000095367432,6.150000095367432,6000
2013-03-25,5.849999904632568,5.849999904632568,5.849999904632568,5.849999904632568,5.849999904632568,2058
2013-03-26,5.559999942779541,5.559999942779541,5.559999942779541,5.559999942779541,5.559999942779541,100
2013-03-28,5.829999923706055,5.829999923706055,5.289999961853027,5.289999961853027,5.289999961853027,501
2013-04-01,5.039999961853027,5.039999961853027,5.039999961853027,5.039999961853027,5.039999961853027,921
2013-04-02,5.039999961853027,5.039999961853027,5.039999961853027,5.039999961853027,5.039999961853027,0
2013-04-03,5.039999961853027,5.039999961853027,5.039999961853027,5.039999961853027,5.039999961853027,0
2013-04-04,5.289999961853027,5.289999961853027,5.0,5.0,5.0,401
2013-04-05,5.0,5.0,5.0,5.0,5.0,0
2013-04-08,5.0,5.0,5.0,5.0,5.0,0
2013-04-09,5.0,5.0,5.0,5.0,5.0,0
2013-04-10,5.0,5.0,5.0,5.0,5.0,0
2013-04-11,5.25,5.25,5.25,5.25,5.25,1
2013-04-12,5.25,5.25,5.25,5.25,5.25,0
2013-04-15,5.25,5.25,5.25,5.25,5.25,0
2013-04-16,5.0,5.0,4.989999771118164,4.989999771118164,4.989999771118164,150
2013-04-17,5.230000019073486,5.230000019073486,4.75,4.75,4.75,100
2013-04-18,4.96999979019165,4.96999979019165,4.519999980926514,4.519999980926514,4.519999980926514,700
2013-04-22,4.699999809265137,4.699999809265137,4.699999809265137,4.699999809265137,4.699999809265137,1650
2013-04-23,4.699999809265137,4.699999809265137,4.699999809265137,4.699999809265137,4.699999809265137,0
2013-04-25,4.929999828338623,4.929999828338623,4.929999828338623,4.929999828338623,4.929999828338623,3
2013-04-26,4.929999828338623,4.929999828338623,4.929999828338623,4.929999828338623,4.929999828338623,0
2013-04-29,4.929999828338623,4.929999828338623,4.929999828338623,4.929999828338623,4.929999828338623,0
2013-04-30,4.929999828338623,4.929999828338623,4.929999828338623,4.929999828338623,4.929999828338623,0
2013-05-02,4.929999828338623,4.929999828338623,4.929999828338623,4.929999828338623,4.929999828338623,0
2013-05-03,4.929999828338623,4.929999828338623,4.929999828338623,4.929999828338623,4.929999828338623,0
2013-05-06,4.929999828338623,4.929999828338623,4.929999828338623,4.929999828338623,4.929999828338623,0
2013-05-07,4.929999828338623,4.929999828338623,4.929999828338623,4.929999828338623,4.929999828338623,0
2013-05-08,4.929999828338623,4.929999828338623,4.929999828338623,4.929999828338623,4.929999828338623,0
2013-05-09,4.929999828338623,4.929999828338623,4.929999828338623,4.929999828338623,4.929999828338623,0
2013-05-10,4.929999828338623,4.929999828338623,4.929999828338623,4.929999828338623,4.929999828338623,0
2013-05-13,4.929999828338623,4.929999828338623,4.929999828338623,4.929999828338623,4.929999828338623,0
2013-05-14,4.929999828338623,4.929999828338623,4.929999828338623,4.929999828338623,4.929999828338623,0
2013-05-15,4.929999828338623,4.929999828338623,4.929999828338623,4.929999828338623,4.929999828338623,0
2013-05-16,4.929999828338623,4.929999828338623,4.929999828338623,4.929999828338623,4.929999828338623,0
2013-05-17,4.929999828338623,4.929999828338623,4.929999828338623,4.929999828338623,4.929999828338623,0
2013-05-20,4.929999828338623,4.929999828338623,4.929999828338623,4.929999828338623,4.929999828338623,0
2013-05-21,4.929999828338623,4.929999828338623,4.929999828338623,4.929999828338623,4.929999828338623,0
2013-05-22,5.170000076293945,5.170000076293945,5.170000076293945,5.170000076293945,5.170000076293945,2
2013-05-23,5.170000076293945,5.170000076293945,5.170000076293945,5.170000076293945,5.170000076293945,0
2013-05-24,5.170000076293945,5.170000076293945,5.170000076293945,5.170000076293945,5.170000076293945,0
2013-05-27,5.170000076293945,5.170000076293945,5.170000076293945,5.170000076293945,5.170000076293945,0
2013-05-28,5.170000076293945,5.170000076293945,5.170000076293945,5.170000076293945,5.170000076293945,0
2013-05-29,5.170000076293945,5.170000076293945,5.170000076293945,5.170000076293945,5.170000076293945,0
2013-05-30,5.170000076293945,5.170000076293945,5.170000076293945,5.170000076293945,5.170000076293945,0
2013-05-31,5.170000076293945,5.170000076293945,5.170000076293945,5.170000076293945,5.170000076293945,0
2013-06-03,5.170000076293945,5.170000076293945,5.170000076293945,5.170000076293945,5.170000076293945,0
2013-06-04,5.420000076293945,5.420000076293945,4.920000076293945,4.920000076293945,4.920000076293945,2
2013-06-05,4.920000076293945,4.920000076293945,4.920000076293945,4.920000076293945,4.920000076293945,0
2013-06-06,4.920000076293945,4.920000076293945,4.920000076293945,4.920000076293945,4.920000076293945,0
2013-06-07,4.920000076293945,4.920000076293945,4.920000076293945,4.920000076293945,4.920000076293945,0
2013-06-10,4.920000076293945,4.920000076293945,4.920000076293945,4.920000076293945,4.920000076293945,0
2013-06-11,5.159999847412109,5.159999847412109,5.159999847412109,5.159999847412109,5.159999847412109,45
2013-06-12,5.409999847412109,5.409999847412109,5.409999847412109,5.409999847412109,5.409999847412109,20
2013-06-13,5.409999847412109,5.409999847412109,5.409999847412109,5.409999847412109,5.409999847412109,0
2013-06-14,5.409999847412109,5.409999847412109,5.409999847412109,5.409999847412109,5.409999847412109,0
2013-06-17,5.409999847412109,5.409999847412109,5.409999847412109,5.409999847412109,5.409999847412109,0
2013-06-18,5.409999847412109,5.409999847412109,5.409999847412109,5.409999847412109,5.409999847412109,0
2013-06-19,5.139999866485596,5.139999866485596,5.139999866485596,5.139999866485596,5.139999866485596,50
2013-06-20,5.139999866485596,5.139999866485596,5.139999866485596,5.139999866485596,5.139999866485596,0
2013-06-21,5.139999866485596,5.139999866485596,5.139999866485596,5.139999866485596,5.139999866485596,0
2013-06-24,5.139999866485596,5.139999866485596,5.139999866485596,5.139999866485596,5.139999866485596,0
2013-06-25,5.139999866485596,5.139999866485596,5.139999866485596,5.139999866485596,5.139999866485596,0
2013-06-26,5.139999866485596,5.139999866485596,5.139999866485596,5.139999866485596,5.139999866485596,0
2013-06-27,5.139999866485596,5.139999866485596,5.139999866485596,5.139999866485596,5.139999866485596,0
2013-06-28,5.139999866485596,5.139999866485596,5.139999866485596,5.139999866485596,5.139999866485596,0
2013-07-01,5.389999866485596,5.389999866485596,5.389999866485596,5.389999866485596,5.389999866485596,6
2013-07-02,5.650000095367432,5.650000095367432,5.650000095367432,5.650000095367432,5.650000095367432,1
2013-07-03,5.929999828338623,5.929999828338623,5.929999828338623,5.929999828338623,5.929999828338623,1
2013-07-04,5.929999828338623,5.929999828338623,5.929999828338623,5.929999828338623,5.929999828338623,0
2013-07-05,5.929999828338623,5.929999828338623,5.929999828338623,5.929999828338623,5.929999828338623,0
2013-07-08,5.929999828338623,5.929999828338623,5.929999828338623,5.929999828338623,5.929999828338623,0
2013-07-09,5.929999828338623,5.929999828338623,5.929999828338623,5.929999828338623,5.929999828338623,0
2013-07-10,6.21999979019165,6.21999979019165,6.21999979019165,6.21999979019165,6.21999979019165,7
2013-07-11,6.21999979019165,6.21999979019165,6.21999979019165,6.21999979019165,6.21999979019165,0
2013-07-12,6.21999979019165,6.21999979019165,6.21999979019165,6.21999979019165,6.21999979019165,0
2013-07-15,6.21999979019165,6.21999979019165,6.21999979019165,6.21999979019165,6.21999979019165,0
2013-07-16,6.21999979019165,6.21999979019165,6.21999979019165,6.21999979019165,6.21999979019165,0
2013-07-17,6.21999979019165,6.21999979019165,6.21999979019165,6.21999979019165,6.21999979019165,0
2013-07-18,6.21999979019165,6.21999979019165,6.21999979019165,6.21999979019165,6.21999979019165,0
2013-07-19,6.53000020980835,6.53000020980835,6.53000020980835,6.53000020980835,6.53000020980835,10
2013-07-22,6.849999904632568,6.849999904632568,6.849999904632568,6.849999904632568,6.849999904632568,1
2013-07-23,6.849999904632568,6.849999904632568,6.849999904632568,6.849999904632568,6.849999904632568,0
2013-07-24,6.849999904632568,6.849999904632568,6.849999904632568,6.849999904632568,6.849999904632568,0
2013-07-25,6.849999904632568,6.849999904632568,6.849999904632568,6.849999904632568,6.849999904632568,0
2013-07-26,6.849999904632568,6.849999904632568,6.849999904632568,6.849999904632568,6.849999904632568,0
2013-07-29,6.849999904632568,6.849999904632568,6.849999904632568,6.849999904632568,6.849999904632568,0
2013-07-30,6.849999904632568,6.849999904632568,6.849999904632568,6.849999904632568,6.849999904632568,0
2013-07-31,6.849999904632568,6.849999904632568,6.849999904632568,6.849999904632568,6.849999904632568,0
2013-08-01,6.849999904632568,6.849999904632568,6.849999904632568,6.849999904632568,6.849999904632568,0
2013-08-02,6.849999904632568,6.849999904632568,6.849999904632568,6.849999904632568,6.849999904632568,0
2013-08-05,6.849999904632568,6.849999904632568,6.849999904632568,6.849999904632568,6.849999904632568,0
2013-08-06,6.849999904632568,6.849999904632568,6.849999904632568,6.849999904632568,6.849999904632568,0
2013-08-07,7.0,7.0,6.510000228881836,6.510000228881836,6.510000228881836,36
2013-08-08,6.510000228881836,6.510000228881836,6.510000228881836,6.510000228881836,6.510000228881836,0
2013-08-12,6.510000228881836,6.510000228881836,6.510000228881836,6.510000228881836,6.510000228881836,0
2013-08-13,6.510000228881836,6.510000228881836,6.510000228881836,6.510000228881836,6.510000228881836,0
2013-08-14,6.510000228881836,6.510000228881836,6.510000228881836,6.510000228881836,6.510000228881836,0
2013-08-16,6.510000228881836,6.510000228881836,6.510000228881836,6.510000228881836,6.510000228881836,0
2013-08-19,6.510000228881836,6.510000228881836,6.510000228881836,6.510000228881836,6.510000228881836,0
2013-08-20,6.510000228881836,6.510000228881836,6.510000228881836,6.510000228881836,6.510000228881836,0
2013-08-21,6.510000228881836,6.510000228881836,6.510000228881836,6.510000228881836,6.510000228881836,0
2013-08-22,6.510000228881836,6.510000228881836,6.510000228881836,6.510000228881836,6.510000228881836,0
2013-08-23,6.510000228881836,6.510000228881836,6.510000228881836,6.510000228881836,6.510000228881836,0
2013-08-26,6.510000228881836,6.510000228881836,6.510000228881836,6.510000228881836,6.510000228881836,0
2013-08-27,6.510000228881836,6.510000228881836,6.510000228881836,6.510000228881836,6.510000228881836,0
2013-08-28,6.510000228881836,6.510000228881836,6.510000228881836,6.510000228881836,6.510000228881836,0
2013-08-29,6.510000228881836,6.510000228881836,6.510000228881836,6.510000228881836,6.510000228881836,0
2013-08-30,6.510000228881836,6.510000228881836,6.510000228881836,6.510000228881836,6.510000228881836,0
2013-09-02,6.510000228881836,6.510000228881836,6.510000228881836,6.510000228881836,6.510000228881836,0
2013-09-03,6.510000228881836,6.510000228881836,6.510000228881836,6.510000228881836,6.510000228881836,0
2013-09-04,6.510000228881836,6.510000228881836,6.510000228881836,6.510000228881836,6.510000228881836,0
2013-09-05,6.510000228881836,6.510000228881836,6.510000228881836,6.510000228881836,6.510000228881836,0
2013-09-06,6.510000228881836,6.510000228881836,6.510000228881836,6.510000228881836,6.510000228881836,0
2013-09-10,6.510000228881836,6.510000228881836,6.510000228881836,6.510000228881836,6.510000228881836,3182
2013-09-11,6.510000228881836,6.510000228881836,6.510000228881836,6.510000228881836,6.510000228881836,3182
2013-09-12,6.510000228881836,6.510000228881836,6.510000228881836,6.510000228881836,6.510000228881836,0
2013-09-13,6.510000228881836,6.510000228881836,6.510000228881836,6.510000228881836,6.510000228881836,0
2013-09-16,6.510000228881836,6.510000228881836,6.510000228881836,6.510000228881836,6.510000228881836,0
2013-09-17,6.510000228881836,6.510000228881836,6.510000228881836,6.510000228881836,6.510000228881836,0
2013-09-18,6.510000228881836,6.510000228881836,6.510000228881836,6.510000228881836,6.510000228881836,0
2013-09-19,6.510000228881836,6.510000228881836,6.510000228881836,6.510000228881836,6.510000228881836,0
2013-09-20,6.510000228881836,6.510000228881836,6.510000228881836,6.510000228881836,6.510000228881836,0
2013-09-23,6.510000228881836,6.510000228881836,6.510000228881836,6.510000228881836,6.510000228881836,0
2013-09-24,6.510000228881836,6.510000228881836,6.510000228881836,6.510000228881836,6.510000228881836,0
2013-09-25,6.510000228881836,6.510000228881836,6.510000228881836,6.510000228881836,6.510000228881836,0
2013-09-26,6.510000228881836,6.510000228881836,6.510000228881836,6.510000228881836,6.510000228881836,0
2013-09-27,6.510000228881836,6.510000228881836,6.510000228881836,6.510000228881836,6.510000228881836,0
2013-09-30,6.510000228881836,6.510000228881836,6.510000228881836,6.510000228881836,6.510000228881836,0
2013-10-01,6.510000228881836,6.510000228881836,6.510000228881836,6.510000228881836,6.510000228881836,0
2013-10-03,6.829999923706055,6.829999923706055,6.829999923706055,6.829999923706055,6.829999923706055,10
2013-10-04,6.829999923706055,6.829999923706055,6.829999923706055,6.829999923706055,6.829999923706055,0
2013-10-07,6.829999923706055,6.829999923706055,6.829999923706055,6.829999923706055,6.829999923706055,0
2013-10-08,6.829999923706055,6.829999923706055,6.829999923706055,6.829999923706055,6.829999923706055,0
2013-10-09,6.829999923706055,6.829999923706055,6.829999923706055,6.829999923706055,6.829999923706055,0
2013-10-10,6.829999923706055,6.829999923706055,6.829999923706055,6.829999923706055,6.829999923706055,0
2013-10-11,6.829999923706055,6.829999923706055,6.829999923706055,6.829999923706055,6.829999923706055,0
2013-10-14,6.829999923706055,6.829999923706055,6.829999923706055,6.829999923706055,6.829999923706055,0
2013-10-15,6.829999923706055,6.829999923706055,6.829999923706055,6.829999923706055,6.829999923706055,0
2013-10-17,6.829999923706055,6.829999923706055,6.829999923706055,6.829999923706055,6.829999923706055,0
2013-10-18,6.829999923706055,6.829999923706055,6.829999923706055,6.829999923706055,6.829999923706055,0
2013-10-21,6.829999923706055,6.829999923706055,6.829999923706055,6.829999923706055,6.829999923706055,0
2013-10-22,6.829999923706055,6.829999923706055,6.829999923706055,6.829999923706055,6.829999923706055,0
2013-10-23,6.489999771118164,6.489999771118164,6.489999771118164,6.489999771118164,6.489999771118164,500
2013-10-24,6.489999771118164,6.489999771118164,6.489999771118164,6.489999771118164,6.489999771118164,0
2013-10-25,6.800000190734863,6.800000190734863,6.800000190734863,6.800000190734863,6.800000190734863,1
2013-10-28,7.099999904632568,7.099999904632568,7.099999904632568,7.099999904632568,7.099999904632568,1
2013-10-29,6.75,6.75,6.75,6.75,6.75,201
2013-10-30,6.75,6.75,6.75,6.75,6.75,0
2013-10-31,6.75,6.75,6.75,6.75,6.75,0
2013-11-01,6.75,6.75,6.75,6.75,6.75,0
2013-11-05,6.75,6.75,6.75,6.75,6.75,0
2013-11-06,6.75,6.75,6.75,6.75,6.75,0
2013-11-07,6.75,6.75,6.75,6.75,6.75,0
2013-11-08,6.75,6.75,6.75,6.75,6.75,0
2013-11-11,6.75,6.75,6.75,6.75,6.75,0
2013-11-12,6.75,6.75,6.75,6.75,6.75,0
2013-11-13,7.070000171661377,7.070000171661377,7.070000171661377,7.070000171661377,7.070000171661377,1
2013-11-14,7.070000171661377,7.070000171661377,7.070000171661377,7.070000171661377,7.070000171661377,0
2013-11-18,6.71999979019165,6.71999979019165,6.71999979019165,6.71999979019165,6.71999979019165,2
2013-11-19,6.71999979019165,6.71999979019165,6.71999979019165,6.71999979019165,6.71999979019165,1000
2013-11-20,6.71999979019165,6.71999979019165,6.71999979019165,6.71999979019165,6.71999979019165,0
2013-11-21,6.71999979019165,6.71999979019165,6.71999979019165,6.71999979019165,6.71999979019165,0
2013-11-22,6.71999979019165,6.71999979019165,6.71999979019165,6.71999979019165,6.71999979019165,0
2013-11-25,6.71999979019165,6.71999979019165,6.71999979019165,6.71999979019165,6.71999979019165,0
2013-11-26,6.71999979019165,6.71999979019165,6.71999979019165,6.71999979019165,6.71999979019165,0
2013-11-27,6.71999979019165,6.71999979019165,6.71999979019165,6.71999979019165,6.71999979019165,0
2013-11-28,6.71999979019165,6.71999979019165,6.71999979019165,6.71999979019165,6.71999979019165,0
2013-11-29,6.71999979019165,6.71999979019165,6.71999979019165,6.71999979019165,6.71999979019165,0
2013-12-02,6.71999979019165,6.71999979019165,6.71999979019165,6.71999979019165,6.71999979019165,0
2013-12-03,6.71999979019165,6.71999979019165,6.71999979019165,6.71999979019165,6.71999979019165,0
2013-12-04,6.71999979019165,6.71999979019165,6.71999979019165,6.71999979019165,6.71999979019165,0
2013-12-05,6.71999979019165,6.71999979019165,6.71999979019165,6.71999979019165,6.71999979019165,0
2013-12-06,6.71999979019165,6.71999979019165,6.71999979019165,6.71999979019165,6.71999979019165,0
2013-12-09,6.71999979019165,6.71999979019165,6.71999979019165,6.71999979019165,6.71999979019165,0
2013-12-10,6.71999979019165,6.71999979019165,6.71999979019165,6.71999979019165,6.71999979019165,0
2013-12-11,6.71999979019165,6.71999979019165,6.71999979019165,6.71999979019165,6.71999979019165,0
2013-12-12,7.050000190734863,7.050000190734863,7.050000190734863,7.050000190734863,7.050000190734863,1
2013-12-13,7.050000190734863,7.050000190734863,7.050000190734863,7.050000190734863,7.050000190734863,0
2013-12-16,7.050000190734863,7.050000190734863,7.050000190734863,7.050000190734863,7.050000190734863,0
2013-12-17,7.050000190734863,7.050000190734863,7.050000190734863,7.050000190734863,7.050000190734863,0
2013-12-18,7.050000190734863,7.050000190734863,7.050000190734863,7.050000190734863,7.050000190734863,0
2013-12-19,7.050000190734863,7.050000190734863,7.050000190734863,7.050000190734863,7.050000190734863,0
2013-12-20,7.050000190734863,7.050000190734863,7.050000190734863,7.050000190734863,7.050000190734863,0
2013-12-23,7.050000190734863,7.050000190734863,7.050000190734863,7.050000190734863,7.050000190734863,0
2013-12-24,7.050000190734863,7.050000190734863,7.050000190734863,7.050000190734863,7.050000190734863,0
2013-12-26,7.050000190734863,7.050000190734863,7.050000190734863,7.050000190734863,7.050000190734863,0
2013-12-27,7.050000190734863,7.050000190734863,7.050000190734863,7.050000190734863,7.050000190734863,0
2013-12-30,7.050000190734863,7.050000190734863,7.050000190734863,7.050000190734863,7.050000190734863,0
2013-12-31,7.050000190734863,7.050000190734863,7.050000190734863,7.050000190734863,7.050000190734863,0
2014-01-01,7.050000190734863,7.050000190734863,7.050000190734863,7.050000190734863,7.050000190734863,0
2014-01-02,7.050000190734863,7.050000190734863,7.050000190734863,7.050000190734863,7.050000190734863,1
2014-01-03,7.050000190734863,7.050000190734863,7.050000190734863,7.050000190734863,7.050000190734863,0
2014-01-06,7.050000190734863,7.050000190734863,7.050000190734863,7.050000190734863,7.050000190734863,0
2014-01-07,7.050000190734863,7.050000190734863,7.050000190734863,7.050000190734863,7.050000190734863,0
2014-01-08,6.699999809265137,6.699999809265137,6.699999809265137,6.699999809265137,6.699999809265137,560
2014-01-09,6.699999809265137,6.699999809265137,6.699999809265137,6.699999809265137,6.699999809265137,0
2014-01-10,6.699999809265137,6.699999809265137,6.699999809265137,6.699999809265137,6.699999809265137,0
2014-01-13,6.699999809265137,6.699999809265137,6.699999809265137,6.699999809265137,6.699999809265137,0
2014-01-14,6.699999809265137,6.699999809265137,6.699999809265137,6.699999809265137,6.699999809265137,0
2014-01-15,6.699999809265137,6.699999809265137,6.699999809265137,6.699999809265137,6.699999809265137,0
2014-01-16,6.699999809265137,6.699999809265137,6.699999809265137,6.699999809265137,6.699999809265137,0
2014-01-17,6.699999809265137,6.699999809265137,6.699999809265137,6.699999809265137,6.699999809265137,0
2014-01-20,6.699999809265137,6.699999809265137,6.699999809265137,6.699999809265137,6.699999809265137,0
2014-01-21,6.699999809265137,6.699999809265137,6.699999809265137,6.699999809265137,6.699999809265137,0
2014-01-22,6.699999809265137,6.699999809265137,6.699999809265137,6.699999809265137,6.699999809265137,0
2014-01-23,6.699999809265137,6.699999809265137,6.699999809265137,6.699999809265137,6.699999809265137,0
2014-01-24,6.699999809265137,6.699999809265137,6.699999809265137,6.699999809265137,6.699999809265137,0
2014-01-27,6.699999809265137,6.699999809265137,6.699999809265137,6.699999809265137,6.699999809265137,0
2014-01-28,7.03000020980835,7.03000020980835,7.03000020980835,7.03000020980835,7.03000020980835,1
2014-01-29,7.03000020980835,7.03000020980835,7.03000020980835,7.03000020980835,7.03000020980835,0
2014-01-30,7.03000020980835,7.03000020980835,7.03000020980835,7.03000020980835,7.03000020980835,0
2014-01-31,7.03000020980835,7.03000020980835,7.03000020980835,7.03000020980835,7.03000020980835,0
2014-02-03,7.03000020980835,7.03000020980835,7.03000020980835,7.03000020980835,7.03000020980835,0
2014-02-04,7.03000020980835,7.03000020980835,7.03000020980835,7.03000020980835,7.03000020980835,0
2014-02-05,7.03000020980835,7.03000020980835,7.03000020980835,7.03000020980835,7.03000020980835,0
2014-02-06,7.03000020980835,7.03000020980835,7.03000020980835,7.03000020980835,7.03000020980835,0
2014-02-07,7.03000020980835,7.03000020980835,7.03000020980835,7.03000020980835,7.03000020980835,0
2014-02-10,7.380000114440918,7.380000114440918,6.679999828338623,6.679999828338623,6.679999828338623,236
2014-02-11,7.010000228881836,7.010000228881836,6.349999904632568,6.349999904632568,6.349999904632568,23
2014-02-12,6.349999904632568,6.349999904632568,6.349999904632568,6.349999904632568,6.349999904632568,0
2014-02-13,6.349999904632568,6.349999904632568,6.349999904632568,6.349999904632568,6.349999904632568,0
2014-02-14,6.349999904632568,6.349999904632568,6.349999904632568,6.349999904632568,6.349999904632568,0
2014-02-17,6.349999904632568,6.349999904632568,6.349999904632568,6.349999904632568,6.349999904632568,0
2014-02-18,6.349999904632568,6.349999904632568,6.349999904632568,6.349999904632568,6.349999904632568,0
2014-02-19,6.349999904632568,6.349999904632568,6.349999904632568,6.349999904632568,6.349999904632568,0
2014-02-20,6.349999904632568,6.349999904632568,6.349999904632568,6.349999904632568,6.349999904632568,0
2014-02-21,6.349999904632568,6.349999904632568,6.349999904632568,6.349999904632568,6.349999904632568,0
2014-02-24,6.349999904632568,6.349999904632568,6.349999904632568,6.349999904632568,6.349999904632568,0
2014-02-25,6.349999904632568,6.349999904632568,6.349999904632568,6.349999904632568,6.349999904632568,0
2014-02-26,6.349999904632568,6.349999904632568,6.349999904632568,6.349999904632568,6.349999904632568,0
2014-02-28,6.349999904632568,6.349999904632568,6.349999904632568,6.349999904632568,6.349999904632568,0
2014-03-03,6.349999904632568,6.349999904632568,6.349999904632568,6.349999904632568,6.349999904632568,0
2014-03-04,6.5,6.5,6.039999961853027,6.039999961853027,6.039999961853027,160
2014-03-05,6.039999961853027,6.039999961853027,6.039999961853027,6.039999961853027,6.039999961853027,0
2014-03-06,5.739999771118164,5.739999771118164,5.739999771118164,5.739999771118164,5.739999771118164,101
2014-03-07,5.739999771118164,5.739999771118164,5.460000038146973,5.460000038146973,5.460000038146973,301
2014-03-10,5.460000038146973,5.460000038146973,5.460000038146973,5.460000038146973,5.460000038146973,536
2014-03-11,5.460000038146973,5.460000038146973,5.460000038146973,5.460000038146973,5.460000038146973,0
2014-03-12,5.460000038146973,5.460000038146973,5.460000038146973,5.460000038146973,5.460000038146973,0
2014-03-13,5.699999809265137,5.699999809265137,5.699999809265137,5.699999809265137,5.699999809265137,500
2014-03-14,5.420000076293945,5.420000076293945,5.420000076293945,5.420000076293945,5.420000076293945,50
2014-03-18,5.150000095367432,5.150000095367432,5.150000095367432,5.150000095367432,5.150000095367432,50
2014-03-19,5.150000095367432,5.150000095367432,5.150000095367432,5.150000095367432,5.150000095367432,0
2014-03-20,5.400000095367432,5.400000095367432,5.400000095367432,5.400000095367432,5.400000095367432,376
2014-03-21,5.150000095367432,5.150000095367432,5.150000095367432,5.150000095367432,5.150000095367432,100
2014-03-24,4.900000095367432,4.900000095367432,4.900000095367432,4.900000095367432,4.900000095367432,128
2014-03-25,4.659999847412109,4.659999847412109,4.659999847412109,4.659999847412109,4.659999847412109,3
2014-03-26,4.659999847412109,4.659999847412109,4.659999847412109,4.659999847412109,4.659999847412109,0
2014-03-27,4.429999828338623,4.429999828338623,4.429999828338623,4.429999828338623,4.429999828338623,30
2014-03-28,4.429999828338623,4.429999828338623,4.429999828338623,4.429999828338623,4.429999828338623,0
2014-03-31,4.210000038146973,4.210000038146973,4.210000038146973,4.210000038146973,4.210000038146973,100
2014-04-01,4.0,4.0,4.0,4.0,4.0,23
2014-04-02,4.0,4.0,3.9000000953674316,3.9000000953674316,3.9000000953674316,710
2014-04-03,3.7100000381469727,3.7200000286102295,3.7100000381469727,3.7200000286102295,3.7200000286102295,551
2014-04-04,3.9000000953674316,3.9000000953674316,3.559999942779541,3.890000104904175,3.890000104904175,550
2014-04-07,3.890000104904175,3.890000104904175,3.890000104904175,3.890000104904175,3.890000104904175,0
2014-04-09,3.890000104904175,3.890000104904175,3.890000104904175,3.890000104904175,3.890000104904175,0
2014-04-10,3.890000104904175,3.890000104904175,3.890000104904175,3.890000104904175,3.890000104904175,0
2014-04-11,3.890000104904175,3.890000104904175,3.890000104904175,3.890000104904175,3.890000104904175,0
2014-04-15,3.890000104904175,3.890000104904175,3.890000104904175,3.890000104904175,3.890000104904175,0
2014-04-16,3.890000104904175,3.890000104904175,3.890000104904175,3.890000104904175,3.890000104904175,0
2014-04-17,3.890000104904175,3.890000104904175,3.890000104904175,3.890000104904175,3.890000104904175,0
2014-04-21,3.890000104904175,3.890000104904175,3.890000104904175,3.890000104904175,3.890000104904175,0
2014-04-22,3.8399999141693115,3.8399999141693115,3.8399999141693115,3.8399999141693115,3.8399999141693115,1300
2014-04-23,3.8399999141693115,3.8399999141693115,3.8399999141693115,3.8399999141693115,3.8399999141693115,0
2014-04-24,3.8399999141693115,3.8399999141693115,3.8399999141693115,3.8399999141693115,3.8399999141693115,0
2014-04-25,3.8399999141693115,3.8399999141693115,3.8399999141693115,3.8399999141693115,3.8399999141693115,0
2014-04-28,4.210000038146973,4.409999847412109,4.210000038146973,4.409999847412109,4.409999847412109,20449
2014-04-29,4.190000057220459,4.190000057220459,4.190000057220459,4.190000057220459,4.190000057220459,100
2014-04-30,4.210000038146973,4.210000038146973,4.210000038146973,4.210000038146973,4.210000038146973,20000
2014-05-02,4.420000076293945,4.420000076293945,4.420000076293945,4.420000076293945,4.420000076293945,100
2014-05-05,4.639999866485596,4.639999866485596,4.639999866485596,4.639999866485596,4.639999866485596,50
2014-05-06,4.650000095367432,4.650000095367432,4.650000095367432,4.650000095367432,4.650000095367432,20000
2014-05-07,4.880000114440918,4.880000114440918,4.880000114440918,4.880000114440918,4.880000114440918,500
2014-05-08,4.639999866485596,4.639999866485596,4.639999866485596,4.639999866485596,4.639999866485596,1000
2014-05-09,4.650000095367432,4.869999885559082,4.650000095367432,4.869999885559082,4.869999885559082,20300
2014-05-12,4.869999885559082,4.869999885559082,4.869999885559082,4.869999885559082,4.869999885559082,0
2014-05-13,4.639999866485596,4.800000190734863,4.639999866485596,4.800000190734863,4.800000190734863,20300
2014-05-14,4.800000190734863,4.800000190734863,4.800000190734863,4.800000190734863,4.800000190734863,500
2014-05-15,4.800000190734863,4.800000190734863,4.800000190734863,4.800000190734863,4.800000190734863,20150
2014-05-16,4.849999904632568,4.849999904632568,4.849999904632568,4.849999904632568,4.849999904632568,100
2014-05-19,4.800000190734863,5.090000152587891,4.610000133514404,5.090000152587891,5.090000152587891,1300
2014-05-20,4.840000152587891,4.840000152587891,4.840000152587891,4.840000152587891,4.840000152587891,100
2014-05-21,4.599999904632568,5.079999923706055,4.599999904632568,5.079999923706055,5.079999923706055,200
2014-05-22,5.329999923706055,5.329999923706055,4.849999904632568,4.849999904632568,4.849999904632568,1150
2014-05-23,4.619999885559082,5.0,4.619999885559082,4.75,4.75,511
2014-05-26,4.599999904632568,4.980000019073486,4.599999904632568,4.980000019073486,4.980000019073486,166
2014-05-27,5.21999979019165,5.21999979019165,5.21999979019165,5.21999979019165,5.21999979019165,1
2014-05-28,5.21999979019165,5.21999979019165,5.21999979019165,5.21999979019165,5.21999979019165,0
2014-05-29,4.960000038146973,4.960000038146973,4.960000038146973,4.960000038146973,4.960000038146973,199
2014-05-30,4.960000038146973,4.960000038146973,4.960000038146973,4.960000038146973,4.960000038146973,0
2014-06-02,5.199999809265137,5.199999809265137,5.0,5.0,5.0,200
2014-06-03,4.75,4.75,4.75,4.75,4.75,100
2014-06-04,4.980000019073486,4.980000019073486,4.980000019073486,4.980000019073486,4.980000019073486,100
2014-06-05,4.980000019073486,4.980000019073486,4.980000019073486,4.980000019073486,4.980000019073486,0
2014-06-06,5.21999979019165,5.21999979019165,5.21999979019165,5.21999979019165,5.21999979019165,1101
2014-06-09,5.480000019073486,5.480000019073486,5.480000019073486,5.480000019073486,5.480000019073486,1150
2014-06-10,5.480000019073486,5.480000019073486,5.480000019073486,5.480000019073486,5.480000019073486,0
2014-06-11,5.75,5.75,5.75,5.75,5.75,2198
2014-06-12,6.0,6.03000020980835,6.0,6.03000020980835,6.03000020980835,4600
2014-06-13,5.75,6.329999923706055,5.75,6.329999923706055,6.329999923706055,2100
2014-06-16,6.639999866485596,6.639999866485596,6.639999866485596,6.639999866485596,6.639999866485596,2000
2014-06-17,6.96999979019165,6.96999979019165,6.96999979019165,6.96999979019165,6.96999979019165,2000
2014-06-18,7.309999942779541,7.309999942779541,7.309999942779541,7.309999942779541,7.309999942779541,750
2014-06-19,6.949999809265137,6.949999809265137,6.949999809265137,6.949999809265137,6.949999809265137,50
2014-06-20,7.289999961853027,7.289999961853027,7.289999961853027,7.289999961853027,7.289999961853027,2000
2014-06-23,7.599999904632568,7.599999904632568,7.599999904632568,7.599999904632568,7.599999904632568,466
2014-06-24,7.980000019073486,7.980000019073486,7.980000019073486,7.980000019073486,7.980000019073486,414
2014-06-25,7.980000019073486,7.980000019073486,7.980000019073486,7.980000019073486,7.980000019073486,0
2014-06-26,7.980000019073486,7.980000019073486,7.980000019073486,7.980000019073486,7.980000019073486,50
2014-06-27,8.0,8.0,8.0,8.0,8.0,100
2014-06-30,8.0,8.0,8.0,8.0,8.0,0
2014-07-01,7.599999904632568,7.599999904632568,7.599999904632568,7.599999904632568,7.599999904632568,400
2014-07-02,7.25,7.25,7.25,7.25,7.25,150
2014-07-03,7.25,7.25,7.25,7.25,7.25,0
2014-07-04,7.0,7.0,7.0,7.0,7.0,100
2014-07-07,6.710000038146973,6.75,6.710000038146973,6.75,6.75,100
2014-07-08,6.420000076293945,7.079999923706055,6.420000076293945,7.079999923706055,7.079999923706055,1294
2014-07-09,7.429999828338623,7.429999828338623,7.429999828338623,7.429999828338623,7.429999828338623,1000
2014-07-10,7.429999828338623,7.429999828338623,7.429999828338623,7.429999828338623,7.429999828338623,0
2014-07-11,7.800000190734863,7.800000190734863,7.800000190734863,7.800000190734863,7.800000190734863,100
2014-07-14,8.1899995803833,8.1899995803833,8.1899995803833,8.1899995803833,8.1899995803833,1209
2014-07-15,8.59000015258789,8.59000015258789,8.59000015258789,8.59000015258789,8.59000015258789,125
2014-07-16,9.0,9.010000228881836,9.0,9.010000228881836,9.010000228881836,525
2014-07-17,9.460000038146973,9.460000038146973,9.460000038146973,9.460000038146973,9.460000038146973,1225
2014-07-18,9.930000305175781,9.930000305175781,9.930000305175781,9.930000305175781,9.930000305175781,1920
2014-07-21,9.930000305175781,9.930000305175781,9.930000305175781,9.930000305175781,9.930000305175781,0
2014-07-22,10.420000076293945,10.420000076293945,10.420000076293945,10.420000076293945,10.420000076293945,100
2014-07-23,10.9399995803833,10.9399995803833,10.9399995803833,10.9399995803833,10.9399995803833,1480
2014-07-24,10.9399995803833,10.9399995803833,10.9399995803833,10.9399995803833,10.9399995803833,0
2014-07-25,11.479999542236328,11.479999542236328,11.479999542236328,11.479999542236328,11.479999542236328,505
2014-07-28,12.050000190734863,12.050000190734863,12.0,12.050000190734863,12.050000190734863,2780
2014-07-30,12.600000381469727,12.600000381469727,12.300000190734863,12.300000190734863,12.300000190734863,522
2014-07-31,12.300000190734863,12.300000190734863,12.300000190734863,12.300000190734863,12.300000190734863,0
2014-08-01,12.300000190734863,12.300000190734863,12.300000190734863,12.300000190734863,12.300000190734863,204
2014-08-04,12.90999984741211,12.90999984741211,11.6899995803833,11.6899995803833,11.6899995803833,550
2014-08-05,12.270000457763672,12.270000457763672,12.270000457763672,12.270000457763672,12.270000457763672,100
2014-08-06,12.270000457763672,12.270000457763672,12.270000457763672,12.270000457763672,12.270000457763672,0
2014-08-07,12.270000457763672,12.270000457763672,12.270000457763672,12.270000457763672,12.270000457763672,0
2014-08-08,12.270000457763672,12.270000457763672,12.270000457763672,12.270000457763672,12.270000457763672,0
2014-08-11,12.270000457763672,12.270000457763672,12.270000457763672,12.270000457763672,12.270000457763672,0
2014-08-12,12.270000457763672,12.270000457763672,12.270000457763672,12.270000457763672,12.270000457763672,0
2014-08-13,12.25,12.25,12.25,12.25,12.25,2
2014-08-14,12.25,12.25,12.25,12.25,12.25,0
2014-08-18,12.0,12.0,12.0,12.0,12.0,200
2014-08-19,12.0,12.0,12.0,12.0,12.0,0
2014-08-20,12.0,12.0,12.0,12.0,12.0,500
2014-08-21,12.0,12.0,12.0,12.0,12.0,0
2014-08-22,12.0,12.0,12.0,12.0,12.0,0
2014-08-25,12.0,12.0,12.0,12.0,12.0,0
2014-08-26,12.0,12.0,12.0,12.0,12.0,0
2014-08-27,12.0,12.0,12.0,12.0,12.0,0
2014-08-28,12.0,12.100000381469727,12.0,12.0,12.0,1425
2014-09-01,12.0,12.0,12.0,12.0,12.0,0
2014-09-02,12.0,12.0,12.0,12.0,12.0,0
2014-09-03,12.0,12.0,12.0,12.0,12.0,0
2014-09-04,12.600000381469727,12.600000381469727,12.600000381469727,12.600000381469727,12.600000381469727,1
2014-09-05,12.600000381469727,12.600000381469727,12.600000381469727,12.600000381469727,12.600000381469727,0
2014-09-08,12.600000381469727,12.600000381469727,12.600000381469727,12.600000381469727,12.600000381469727,0
2014-09-09,11.970000267028809,11.970000267028809,11.970000267028809,11.970000267028809,11.970000267028809,400
2014-09-10,11.380000114440918,11.380000114440918,11.380000114440918,11.380000114440918,11.380000114440918,100
2014-09-11,11.359999656677246,11.359999656677246,10.850000381469727,10.850000381469727,10.850000381469727,350
2014-09-12,10.850000381469727,10.850000381469727,10.850000381469727,10.850000381469727,10.850000381469727,0
2014-09-15,10.3100004196167,10.3100004196167,10.3100004196167,10.3100004196167,10.3100004196167,50
2014-09-16,10.3100004196167,10.3100004196167,10.3100004196167,10.3100004196167,10.3100004196167,0
2014-09-17,9.800000190734863,9.800000190734863,9.800000190734863,9.800000190734863,9.800000190734863,50
2014-09-18,9.399999618530273,9.399999618530273,9.399999618530273,9.399999618530273,9.399999618530273,312
2014-09-19,9.399999618530273,9.399999618530273,9.399999618530273,9.399999618530273,9.399999618530273,0
2014-09-22,9.399999618530273,9.399999618530273,9.399999618530273,9.399999618530273,9.399999618530273,0
2014-09-23,9.399999618530273,9.399999618530273,9.399999618530273,9.399999618530273,9.399999618530273,0
2014-09-24,9.399999618530273,9.399999618530273,9.399999618530273,9.399999618530273,9.399999618530273,0
2014-09-25,9.399999618530273,9.399999618530273,9.399999618530273,9.399999618530273,9.399999618530273,0
2014-09-26,9.399999618530273,9.399999618530273,9.399999618530273,9.399999618530273,9.399999618530273,0
2014-09-29,9.399999618530273,9.399999618530273,9.399999618530273,9.399999618530273,9.399999618530273,0
2014-09-30,8.930000305175781,9.869999885559082,8.930000305175781,8.930000305175781,8.930000305175781,1060
2014-10-01,8.930000305175781,8.930000305175781,8.930000305175781,8.930000305175781,8.930000305175781,0
2014-10-07,8.489999771118164,8.489999771118164,8.489999771118164,8.489999771118164,8.489999771118164,5
2014-10-08,8.899999618530273,8.899999618530273,8.069999694824219,8.069999694824219,8.069999694824219,312
2014-10-09,8.069999694824219,8.069999694824219,8.069999694824219,8.069999694824219,8.069999694824219,0
2014-10-10,8.069999694824219,8.069999694824219,8.069999694824219,8.069999694824219,8.069999694824219,0
2014-10-13,8.069999694824219,8.069999694824219,8.069999694824219,8.069999694824219,8.069999694824219,0
2014-10-14,7.670000076293945,7.670000076293945,7.670000076293945,7.670000076293945,7.670000076293945,1299
2014-10-15,7.670000076293945,7.670000076293945,7.670000076293945,7.670000076293945,7.670000076293945,0
2014-10-16,7.5,7.5,7.5,7.5,7.5,100
2014-10-17,7.5,7.5,7.5,7.5,7.5,0
2014-10-20,7.130000114440918,7.130000114440918,7.130000114440918,7.130000114440918,7.130000114440918,5
2014-10-21,6.800000190734863,6.800000190734863,6.800000190734863,6.800000190734863,6.800000190734863,600
2014-10-22,7.119999885559082,7.139999866485596,7.119999885559082,7.139999866485596,7.139999866485596,820
2014-10-27,7.25,7.489999771118164,7.25,7.489999771118164,7.489999771118164,7094
2014-10-28,7.489999771118164,7.489999771118164,7.489999771118164,7.489999771118164,7.489999771118164,0
2014-10-29,7.489999771118164,7.489999771118164,7.489999771118164,7.489999771118164,7.489999771118164,0
2014-10-30,7.489999771118164,7.489999771118164,7.489999771118164,7.489999771118164,7.489999771118164,0
2014-10-31,7.489999771118164,7.489999771118164,7.489999771118164,7.489999771118164,7.489999771118164,0
2014-11-03,7.489999771118164,7.489999771118164,7.489999771118164,7.489999771118164,7.489999771118164,0
2014-11-05,7.489999771118164,7.489999771118164,7.489999771118164,7.489999771118164,7.489999771118164,0
2014-11-07,7.119999885559082,7.489999771118164,7.119999885559082,7.489999771118164,7.489999771118164,631
2014-11-10,7.119999885559082,7.119999885559082,7.119999885559082,7.119999885559082,7.119999885559082,150
2014-11-11,7.0,7.0,6.769999980926514,6.769999980926514,6.769999980926514,1025
2014-11-12,7.0,7.019999980926514,7.0,7.019999980926514,7.019999980926514,793
2014-11-13,7.369999885559082,7.369999885559082,7.369999885559082,7.369999885559082,7.369999885559082,220
2014-11-14,7.010000228881836,7.5,7.010000228881836,7.5,7.5,998
2014-11-17,7.159999847412109,7.159999847412109,7.159999847412109,7.159999847412109,7.159999847412109,500
2014-11-18,7.159999847412109,7.159999847412109,7.159999847412109,7.159999847412109,7.159999847412109,1470
2014-11-19,6.849999904632568,6.849999904632568,6.849999904632568,6.849999904632568,6.849999904632568,1000
2014-11-20,7.0,7.010000228881836,7.0,7.010000228881836,7.010000228881836,530
2014-11-21,7.360000133514404,7.360000133514404,7.360000133514404,7.360000133514404,7.360000133514404,20
2014-11-24,7.150000095367432,7.150000095367432,7.150000095367432,7.150000095367432,7.150000095367432,100
2014-11-25,7.150000095367432,7.150000095367432,7.150000095367432,7.150000095367432,7.150000095367432,0
2014-11-26,7.150000095367432,7.150000095367432,7.150000095367432,7.150000095367432,7.150000095367432,1000
2014-11-27,7.150000095367432,7.150000095367432,7.150000095367432,7.150000095367432,7.150000095367432,0
2014-11-28,7.0,7.0,7.0,7.0,7.0,200
2014-12-01,7.139999866485596,7.139999866485596,7.139999866485596,7.139999866485596,7.139999866485596,1100
2014-12-02,7.139999866485596,7.139999866485596,7.139999866485596,7.139999866485596,7.139999866485596,0
2014-12-03,7.130000114440918,7.130000114440918,7.130000114440918,7.130000114440918,7.130000114440918,1000
2014-12-04,7.130000114440918,7.130000114440918,7.130000114440918,7.130000114440918,7.130000114440918,0
2014-12-05,7.130000114440918,7.130000114440918,7.130000114440918,7.130000114440918,7.130000114440918,1000
2014-12-08,7.130000114440918,7.130000114440918,7.130000114440918,7.130000114440918,7.130000114440918,0
2014-12-09,7.119999885559082,7.119999885559082,7.119999885559082,7.119999885559082,7.119999885559082,1000
2014-12-10,7.119999885559082,7.119999885559082,7.119999885559082,7.119999885559082,7.119999885559082,0
2014-12-11,7.130000114440918,7.130000114440918,7.130000114440918,7.130000114440918,7.130000114440918,1000
2014-12-12,7.119999885559082,7.119999885559082,7.119999885559082,7.119999885559082,7.119999885559082,993
2014-12-15,7.119999885559082,7.119999885559082,7.119999885559082,7.119999885559082,7.119999885559082,0
2014-12-16,7.119999885559082,7.119999885559082,7.119999885559082,7.119999885559082,7.119999885559082,1000
2014-12-17,7.110000133514404,7.110000133514404,7.110000133514404,7.110000133514404,7.110000133514404,500
2014-12-18,7.110000133514404,7.110000133514404,7.110000133514404,7.110000133514404,7.110000133514404,0
2014-12-19,7.460000038146973,7.460000038146973,7.460000038146973,7.460000038146973,7.460000038146973,180
2014-12-22,7.460000038146973,7.460000038146973,7.460000038146973,7.460000038146973,7.460000038146973,0
2014-12-23,7.119999885559082,7.119999885559082,7.119999885559082,7.119999885559082,7.119999885559082,700
2014-12-24,7.119999885559082,7.130000114440918,7.119999885559082,7.130000114440918,7.130000114440918,350
2014-12-26,7.130000114440918,7.130000114440918,7.130000114440918,7.130000114440918,7.130000114440918,0
2014-12-29,7.130000114440918,7.130000114440918,7.130000114440918,7.130000114440918,7.130000114440918,0
2014-12-30,7.110000133514404,7.110000133514404,6.78000020980835,6.78000020980835,6.78000020980835,1050
2014-12-31,6.78000020980835,6.78000020980835,6.78000020980835,6.78000020980835,6.78000020980835,0
2015-01-01,6.78000020980835,6.78000020980835,6.78000020980835,6.78000020980835,6.78000020980835,0
2015-01-02,6.78000020980835,6.78000020980835,6.78000020980835,6.78000020980835,6.78000020980835,0
2015-01-05,6.78000020980835,6.78000020980835,6.78000020980835,6.78000020980835,6.78000020980835,0
2015-01-06,6.449999809265137,6.5,6.449999809265137,6.5,6.5,900
2015-01-07,6.5,6.5,6.5,6.5,6.5,0
2015-01-08,6.820000171661377,6.820000171661377,6.820000171661377,6.820000171661377,6.820000171661377,600
2015-01-09,6.820000171661377,6.900000095367432,6.820000171661377,6.900000095367432,6.900000095367432,200
2015-01-12,6.900000095367432,6.900000095367432,6.900000095367432,6.900000095367432,6.900000095367432,500
2015-01-13,6.559999942779541,6.559999942779541,6.559999942779541,6.559999942779541,6.559999942779541,246
2015-01-14,6.239999771118164,6.239999771118164,6.239999771118164,6.239999771118164,6.239999771118164,100
2015-01-15,6.0,6.0,6.0,6.0,6.0,500
2015-01-16,6.0,6.0,6.0,6.0,6.0,0
2015-01-19,6.0,6.0,6.0,6.0,6.0,0
2015-01-20,6.0,6.010000228881836,6.0,6.010000228881836,6.010000228881836,400
2015-01-21,6.309999942779541,6.309999942779541,6.309999942779541,6.309999942779541,6.309999942779541,1
2015-01-22,6.619999885559082,6.619999885559082,6.619999885559082,6.619999885559082,6.619999885559082,400
2015-01-23,6.949999809265137,6.949999809265137,6.949999809265137,6.949999809265137,6.949999809265137,17
2015-01-27,6.610000133514404,6.699999809265137,6.610000133514404,6.699999809265137,6.699999809265137,200
2015-01-28,7.03000020980835,7.03000020980835,7.03000020980835,7.03000020980835,7.03000020980835,8522
2015-01-29,7.03000020980835,7.03000020980835,7.03000020980835,7.03000020980835,7.03000020980835,0
2015-01-30,7.0,7.0,7.0,7.0,7.0,1500
2015-02-02,7.0,7.0,7.0,7.0,7.0,1500
2015-02-03,7.0,7.0,7.0,7.0,7.0,0
2015-02-04,7.0,7.0,7.0,7.0,7.0,0
2015-02-05,7.349999904632568,7.349999904632568,7.0,7.0,7.0,948
2015-02-06,7.0,7.0,7.0,7.0,7.0,200
2015-02-09,7.0,7.0,7.0,7.0,7.0,0
2015-02-10,7.0,7.0,7.0,7.0,7.0,0
2015-02-11,7.0,7.0,7.0,7.0,7.0,0
2015-02-12,7.0,7.0,7.0,7.0,7.0,500
2015-02-13,7.0,7.0,7.0,7.0,7.0,0
2015-02-16,7.0,7.0,7.0,7.0,7.0,0
2015-02-18,7.0,7.0,7.0,7.0,7.0,0
2015-02-19,7.0,7.0,7.0,7.0,7.0,0
2015-02-20,7.0,7.0,7.0,7.0,7.0,0
2015-02-23,6.650000095367432,6.650000095367432,6.650000095367432,6.650000095367432,6.650000095367432,200
2015-02-24,6.650000095367432,6.650000095367432,6.650000095367432,6.650000095367432,6.650000095367432,0
2015-02-25,6.320000171661377,6.320000171661377,6.320000171661377,6.650000095367432,6.650000095367432,0
2015-02-26,6.650000095367432,6.650000095367432,6.650000095367432,6.650000095367432,6.650000095367432,0
2015-02-27,6.980000019073486,6.980000019073486,6.980000019073486,6.980000019073486,6.980000019073486,500
2015-03-02,6.980000019073486,6.980000019073486,6.980000019073486,6.980000019073486,6.980000019073486,0
2015-03-03,6.980000019073486,6.980000019073486,6.980000019073486,6.980000019073486,6.980000019073486,0
2015-03-04,6.980000019073486,6.980000019073486,6.980000019073486,6.980000019073486,6.980000019073486,0
2015-03-05,6.980000019073486,6.980000019073486,6.980000019073486,6.980000019073486,6.980000019073486,0
2015-03-09,6.980000019073486,6.980000019073486,6.980000019073486,6.980000019073486,6.980000019073486,0
2015-03-10,6.980000019073486,6.980000019073486,6.980000019073486,6.980000019073486,6.980000019073486,0
2015-03-11,6.650000095367432,6.650000095367432,6.650000095367432,6.650000095367432,6.650000095367432,1
2015-03-12,6.650000095367432,6.650000095367432,6.650000095367432,6.650000095367432,6.650000095367432,0
2015-03-13,6.650000095367432,6.650000095367432,6.650000095367432,6.650000095367432,6.650000095367432,0
2015-03-16,6.650000095367432,6.650000095367432,6.650000095367432,6.650000095367432,6.650000095367432,0
2015-03-17,6.650000095367432,6.650000095367432,6.650000095367432,6.650000095367432,6.650000095367432,0
2015-03-18,6.650000095367432,6.650000095367432,6.650000095367432,6.650000095367432,6.650000095367432,0
2015-03-19,6.650000095367432,6.650000095367432,6.650000095367432,6.650000095367432,6.650000095367432,0
2015-03-20,6.650000095367432,6.650000095367432,6.650000095367432,6.650000095367432,6.650000095367432,0
2015-03-23,6.650000095367432,6.650000095367432,6.650000095367432,6.650000095367432,6.650000095367432,0
2015-03-24,6.980000019073486,6.980000019073486,6.980000019073486,6.980000019073486,6.980000019073486,1000
2015-03-25,7.0,7.0,7.0,7.0,7.0,100
2015-03-26,7.0,7.0,7.0,7.0,7.0,0
2015-03-27,7.0,7.0,7.0,7.0,7.0,0
2015-03-30,7.0,7.0,7.0,7.0,7.0,0
2015-03-31,7.0,7.0,7.0,7.0,7.0,0
2015-04-01,7.0,7.0,7.0,7.0,7.0,0
2015-04-06,7.0,7.0,7.0,7.0,7.0,0
2015-04-07,7.0,7.0,7.0,7.0,7.0,0
2015-04-08,7.0,7.0,7.0,7.0,7.0,0
2015-04-09,7.0,7.0,7.0,7.0,7.0,0
2015-04-10,7.0,7.0,7.0,7.0,7.0,0
2015-04-13,7.0,7.0,7.0,7.0,7.0,0
2015-04-15,7.0,7.0,7.0,7.0,7.0,0
2015-04-16,7.0,7.0,7.0,7.0,7.0,0
2015-04-17,7.0,7.0,7.0,7.0,7.0,0
2015-04-20,7.349999904632568,7.349999904632568,7.349999904632568,7.349999904632568,7.349999904632568,1100
2015-04-21,7.349999904632568,7.349999904632568,7.349999904632568,7.349999904632568,7.349999904632568,0
2015-04-22,7.349999904632568,7.349999904632568,7.349999904632568,7.349999904632568,7.349999904632568,0
2015-04-23,7.349999904632568,7.349999904632568,7.349999904632568,7.349999904632568,7.349999904632568,0
2015-04-24,7.349999904632568,7.349999904632568,7.349999904632568,7.349999904632568,7.349999904632568,0
2015-04-27,7.710000038146973,7.710000038146973,7.5,7.5,7.5,1000
2015-04-28,7.5,7.5,7.5,7.5,7.5,0
2015-04-29,7.5,7.5,7.5,7.5,7.5,0
2015-04-30,7.5,7.5,7.5,7.5,7.5,0
2015-05-04,7.5,7.5,7.5,7.5,7.5,0
2015-05-05,7.5,7.5,7.5,7.5,7.5,0
2015-05-06,7.5,7.5,7.5,7.5,7.5,200
2015-05-07,7.5,7.5,7.5,7.5,7.5,0
2015-05-08,7.5,7.5,7.5,7.5,7.5,0
2015-05-11,7.5,7.5,7.5,7.5,7.5,0
2015-05-12,7.5,7.5,7.5,7.5,7.5,0
2015-05-13,7.5,7.5,7.5,7.5,7.5,0
2015-05-14,7.5,7.5,7.5,7.5,7.5,0
2015-05-15,7.5,7.5,7.5,7.5,7.5,0
2015-05-18,7.5,7.5,7.5,7.5,7.5,0
2015-05-19,7.5,7.5,7.5,7.5,7.5,0
2015-05-20,7.5,7.5,7.5,7.5,7.5,0
2015-05-21,7.5,7.5,7.5,7.5,7.5,0
2015-05-22,7.5,7.5,7.5,7.5,7.5,0
2015-05-25,7.5,7.5,7.5,7.5,7.5,0
2015-05-26,7.5,7.5,7.5,7.5,7.5,0
2015-05-27,7.5,7.5,7.5,7.5,7.5,0
2015-05-28,7.5,7.5,7.5,7.5,7.5,0
2015-05-29,7.5,7.5,7.5,7.5,7.5,0
2015-06-01,7.5,7.5,7.5,7.5,7.5,0
2015-06-02,7.5,7.5,7.5,7.5,7.5,0
2015-06-03,7.5,7.5,7.5,7.5,7.5,0
2015-06-04,7.5,7.5,7.5,7.5,7.5,0
2015-06-05,7.5,7.5,7.5,7.5,7.5,0
2015-06-08,7.5,7.5,7.5,7.5,7.5,83
2015-06-09,7.5,7.5,7.5,7.5,7.5,0
2015-06-10,7.130000114440918,7.130000114440918,7.130000114440918,7.130000114440918,7.130000114440918,500
2015-06-11,7.130000114440918,7.130000114440918,7.130000114440918,7.130000114440918,7.130000114440918,0
2015-06-12,7.0,7.0,7.0,7.0,7.0,700
2015-06-15,7.0,7.0,7.0,7.0,7.0,200
2015-06-16,7.0,7.0,7.0,7.0,7.0,0
2015-06-17,7.0,7.0,7.0,7.0,7.0,1000
2015-06-18,7.0,7.0,7.0,7.0,7.0,0
2015-06-19,7.0,7.0,7.0,7.0,7.0,0
2015-06-22,7.0,7.0,7.0,7.0,7.0,700
2015-06-23,7.0,7.0,7.0,7.0,7.0,400
2015-06-24,7.0,7.0,7.0,7.0,7.0,0
2015-06-25,7.0,7.0,7.0,7.0,7.0,0
2015-06-26,7.0,7.0,7.0,7.0,7.0,0
2015-06-29,7.0,7.0,7.0,7.0,7.0,0
2015-06-30,7.0,7.0,7.0,7.0,7.0,500
2015-07-01,7.0,7.0,7.0,7.0,7.0,0
2015-07-02,7.0,7.0,7.0,7.0,7.0,0
2015-07-03,7.0,7.0,7.0,7.0,7.0,0
2015-07-06,7.0,7.0,7.0,7.0,7.0,1
2015-07-07,6.699999809265137,7.0,6.699999809265137,7.0,7.0,699
2015-07-08,7.0,7.0,7.0,7.0,7.0,373
2015-07-09,6.650000095367432,6.650000095367432,6.650000095367432,6.650000095367432,6.650000095367432,200
2015-07-10,6.650000095367432,6.650000095367432,6.650000095367432,6.650000095367432,6.650000095367432,0
2015-07-13,6.650000095367432,6.650000095367432,6.650000095367432,6.650000095367432,6.650000095367432,0
2015-07-14,6.650000095367432,6.650000095367432,6.650000095367432,6.650000095367432,6.650000095367432,0
2015-07-15,6.650000095367432,6.650000095367432,6.650000095367432,6.650000095367432,6.650000095367432,1700
2015-07-16,6.650000095367432,6.650000095367432,6.320000171661377,6.320000171661377,6.320000171661377,110
2015-07-17,6.010000228881836,6.630000114440918,6.010000228881836,6.630000114440918,6.630000114440918,210
2015-07-20,6.960000038146973,6.960000038146973,6.960000038146973,6.960000038146973,6.960000038146973,560
2015-07-21,7.300000190734863,7.300000190734863,7.300000190734863,7.300000190734863,7.300000190734863,225
2015-07-22,7.300000190734863,7.300000190734863,7.300000190734863,7.300000190734863,7.300000190734863,500
2015-07-23,7.659999847412109,7.659999847412109,7.659999847412109,7.659999847412109,7.659999847412109,30
2015-07-24,8.039999961853027,8.039999961853027,8.039999961853027,8.039999961853027,8.039999961853027,2000
2015-07-27,8.039999961853027,8.039999961853027,8.039999961853027,8.039999961853027,8.039999961853027,0
2015-07-28,8.4399995803833,8.4399995803833,8.4399995803833,8.4399995803833,8.4399995803833,210
2015-07-29,8.4399995803833,8.4399995803833,8.4399995803833,8.4399995803833,8.4399995803833,0
2015-07-30,8.4399995803833,8.4399995803833,8.4399995803833,8.4399995803833,8.4399995803833,0
2015-07-31,8.4399995803833,8.4399995803833,8.4399995803833,8.4399995803833,8.4399995803833,0
2015-08-03,8.4399995803833,8.4399995803833,8.4399995803833,8.4399995803833,8.4399995803833,0
2015-08-04,8.850000381469727,8.850000381469727,8.850000381469727,8.850000381469727,8.850000381469727,43
2015-08-05,8.850000381469727,8.850000381469727,8.850000381469727,8.850000381469727,8.850000381469727,43
2015-08-06,8.5,8.5,8.5,8.5,8.5,300
2015-08-07,8.5,8.5,8.5,8.5,8.5,0
2015-08-10,8.5,8.5,8.5,8.5,8.5,0
2015-08-11,8.5,8.5,8.5,8.5,8.5,0
2015-08-12,8.800000190734863,8.800000190734863,8.800000190734863,8.800000190734863,8.800000190734863,400
2015-08-13,8.359999656677246,8.359999656677246,8.359999656677246,8.359999656677246,8.359999656677246,2000
2015-08-14,8.359999656677246,8.359999656677246,8.359999656677246,8.359999656677246,8.359999656677246,0
2015-08-17,8.359999656677246,8.359999656677246,8.359999656677246,8.359999656677246,8.359999656677246,0
2015-08-18,8.399999618530273,8.399999618530273,7.949999809265137,7.960000038146973,7.960000038146973,650
2015-08-19,8.0,8.0,8.0,8.0,8.0,2000
2015-08-20,7.599999904632568,7.599999904632568,7.599999904632568,7.599999904632568,7.599999904632568,300
2015-08-21,7.980000019073486,7.980000019073486,7.21999979019165,7.21999979019165,7.21999979019165,2078
2015-08-24,7.579999923706055,7.579999923706055,7.570000171661377,7.570000171661377,7.570000171661377,2100
2015-08-25,7.300000190734863,7.940000057220459,7.300000190734863,7.940000057220459,7.940000057220459,5024
2015-08-26,7.940000057220459,7.940000057220459,7.940000057220459,7.940000057220459,7.940000057220459,0
2015-08-27,8.319999694824219,8.319999694824219,8.319999694824219,8.319999694824219,8.319999694824219,1000
2015-08-28,8.319999694824219,8.319999694824219,8.319999694824219,8.319999694824219,8.319999694824219,0
2015-08-31,8.319999694824219,8.319999694824219,8.319999694824219,8.319999694824219,8.319999694824219,0
2015-09-01,8.729999542236328,8.729999542236328,8.729999542236328,8.729999542236328,8.729999542236328,1000
2015-09-02,8.729999542236328,8.729999542236328,8.729999542236328,8.729999542236328,8.729999542236328,0
2015-09-03,8.729999542236328,8.729999542236328,8.729999542236328,8.729999542236328,8.729999542236328,0
2015-09-04,8.729999542236328,8.729999542236328,8.729999542236328,8.729999542236328,8.729999542236328,0
2015-09-07,9.0,9.0,8.300000190734863,8.300000190734863,8.300000190734863,1508
2015-09-08,8.300000190734863,8.300000190734863,8.300000190734863,8.300000190734863,8.300000190734863,0
2015-09-09,7.900000095367432,8.100000381469727,7.900000095367432,8.100000381469727,8.100000381469727,200
2015-09-10,8.399999618530273,8.399999618530273,8.350000381469727,8.350000381469727,8.350000381469727,2000
2015-09-11,8.760000228881836,8.760000228881836,8.760000228881836,8.760000228881836,8.760000228881836,2000
2015-09-14,8.760000228881836,8.760000228881836,8.760000228881836,8.760000228881836,8.760000228881836,0
2015-09-15,8.760000228881836,8.760000228881836,8.760000228881836,8.760000228881836,8.760000228881836,0
2015-09-16,8.760000228881836,8.760000228881836,8.760000228881836,8.760000228881836,8.760000228881836,0
2015-09-18,8.760000228881836,8.760000228881836,8.760000228881836,8.760000228881836,8.760000228881836,0
2015-09-21,8.760000228881836,8.760000228881836,8.760000228881836,8.760000228881836,8.760000228881836,0
2015-09-22,8.760000228881836,8.760000228881836,8.760000228881836,8.760000228881836,8.760000228881836,0
2015-09-23,8.760000228881836,8.760000228881836,8.760000228881836,8.760000228881836,8.760000228881836,0
2015-09-24,8.760000228881836,8.760000228881836,8.760000228881836,8.760000228881836,8.760000228881836,0
2015-09-28,8.760000228881836,8.760000228881836,8.760000228881836,8.760000228881836,8.760000228881836,0
2015-09-29,8.760000228881836,8.760000228881836,8.760000228881836,8.760000228881836,8.760000228881836,0
2015-09-30,8.760000228881836,8.760000228881836,8.760000228881836,8.760000228881836,8.760000228881836,0
2015-10-01,8.760000228881836,8.760000228881836,8.760000228881836,8.760000228881836,8.760000228881836,0
2015-10-05,8.760000228881836,8.760000228881836,8.760000228881836,8.760000228881836,8.760000228881836,0
2015-10-06,8.760000228881836,8.760000228881836,8.760000228881836,8.760000228881836,8.760000228881836,0
2015-10-07,8.760000228881836,8.760000228881836,8.760000228881836,8.760000228881836,8.760000228881836,0
2015-10-08,8.760000228881836,8.760000228881836,8.760000228881836,8.760000228881836,8.760000228881836,0
2015-10-09,8.760000228881836,8.760000228881836,8.760000228881836,8.760000228881836,8.760000228881836,0
2015-10-12,8.760000228881836,8.760000228881836,8.760000228881836,8.760000228881836,8.760000228881836,0
2015-10-13,8.760000228881836,8.760000228881836,8.760000228881836,8.760000228881836,8.760000228881836,0
2015-10-14,8.760000228881836,8.760000228881836,8.760000228881836,8.760000228881836,8.760000228881836,0
2015-10-15,8.760000228881836,8.760000228881836,8.760000228881836,8.760000228881836,8.760000228881836,0
2015-10-16,8.760000228881836,8.760000228881836,8.760000228881836,8.760000228881836,8.760000228881836,0
2015-10-19,8.760000228881836,8.760000228881836,8.760000228881836,8.760000228881836,8.760000228881836,0
2015-10-20,9.1899995803833,9.1899995803833,8.329999923706055,8.329999923706055,8.329999923706055,271
2015-10-21,8.329999923706055,8.329999923706055,8.329999923706055,8.329999923706055,8.329999923706055,0
2015-10-23,8.329999923706055,8.329999923706055,8.329999923706055,8.329999923706055,8.329999923706055,0
2015-10-26,8.329999923706055,8.329999923706055,8.329999923706055,8.329999923706055,8.329999923706055,0
2015-10-27,8.329999923706055,8.329999923706055,8.329999923706055,8.329999923706055,8.329999923706055,0
2015-10-28,8.329999923706055,8.329999923706055,8.329999923706055,8.329999923706055,8.329999923706055,0
2015-10-29,8.329999923706055,8.329999923706055,8.329999923706055,8.329999923706055,8.329999923706055,0
2015-10-30,8.329999923706055,8.329999923706055,8.329999923706055,8.329999923706055,8.329999923706055,0
2015-11-02,8.329999923706055,8.329999923706055,8.329999923706055,8.329999923706055,8.329999923706055,0
2015-11-03,8.329999923706055,8.329999923706055,8.329999923706055,8.329999923706055,8.329999923706055,0
2015-11-04,8.329999923706055,8.329999923706055,8.329999923706055,8.329999923706055,8.329999923706055,0
2015-11-05,8.329999923706055,8.329999923706055,8.329999923706055,8.329999923706055,8.329999923706055,0
2015-11-06,8.329999923706055,8.329999923706055,8.329999923706055,8.329999923706055,8.329999923706055,0
2015-11-09,8.329999923706055,8.329999923706055,8.329999923706055,8.329999923706055,8.329999923706055,0
2015-11-10,8.329999923706055,8.329999923706055,8.329999923706055,8.329999923706055,8.329999923706055,0
2015-11-13,8.329999923706055,8.329999923706055,8.329999923706055,8.329999923706055,8.329999923706055,0
2015-11-16,8.329999923706055,8.329999923706055,8.329999923706055,8.329999923706055,8.329999923706055,0
2015-11-17,8.329999923706055,8.329999923706055,8.329999923706055,8.329999923706055,8.329999923706055,0
2015-11-18,8.329999923706055,8.329999923706055,8.329999923706055,8.329999923706055,8.329999923706055,0
2015-11-19,8.329999923706055,8.329999923706055,8.329999923706055,8.329999923706055,8.329999923706055,0
2015-11-20,8.329999923706055,8.329999923706055,8.329999923706055,8.329999923706055,8.329999923706055,0
2015-11-23,8.329999923706055,8.329999923706055,8.329999923706055,8.329999923706055,8.329999923706055,0
2015-11-24,7.920000076293945,7.920000076293945,7.920000076293945,7.920000076293945,7.920000076293945,809
2015-11-26,8.3100004196167,8.3100004196167,8.3100004196167,8.3100004196167,8.3100004196167,500
2015-11-27,8.720000267028809,8.720000267028809,8.720000267028809,8.720000267028809,8.720000267028809,250
2015-11-30,8.720000267028809,8.720000267028809,8.720000267028809,8.720000267028809,8.720000267028809,0
2015-12-01,8.699999809265137,8.699999809265137,8.699999809265137,8.699999809265137,8.699999809265137,1200
2015-12-02,8.699999809265137,8.699999809265137,8.699999809265137,8.699999809265137,8.699999809265137,400
2015-12-03,8.699999809265137,8.699999809265137,8.699999809265137,8.699999809265137,8.699999809265137,0
2015-12-04,9.100000381469727,9.100000381469727,9.100000381469727,9.100000381469727,9.100000381469727,1000
2015-12-07,9.100000381469727,9.100000381469727,9.100000381469727,9.100000381469727,9.100000381469727,0
2015-12-08,8.699999809265137,8.699999809265137,8.699999809265137,8.699999809265137,8.699999809265137,209
2015-12-09,9.100000381469727,9.130000114440918,9.100000381469727,9.130000114440918,9.130000114440918,2550
2015-12-10,9.579999923706055,9.579999923706055,9.579999923706055,9.579999923706055,9.579999923706055,100
2015-12-11,10.050000190734863,10.050000190734863,10.050000190734863,10.050000190734863,10.050000190734863,2200
2015-12-14,10.0,10.0,10.0,10.0,10.0,10
2015-12-15,10.050000190734863,10.5,10.050000190734863,10.5,10.5,700
2015-12-16,11.020000457763672,11.020000457763672,11.020000457763672,11.020000457763672,11.020000457763672,453
2015-12-17,11.329999923706055,11.329999923706055,11.329999923706055,11.329999923706055,11.329999923706055,328
2015-12-18,11.329999923706055,11.329999923706055,11.329999923706055,11.329999923706055,11.329999923706055,405
2015-12-21,11.329999923706055,11.329999923706055,11.199999809265137,11.300000190734863,11.300000190734863,202
2015-12-22,11.329999923706055,11.329999923706055,11.300000190734863,11.300000190734863,11.300000190734863,2100
2015-12-23,11.329999923706055,11.329999923706055,11.0,11.319999694824219,11.319999694824219,2008
2015-12-24,10.819999694824219,11.319999694824219,10.819999694824219,11.319999694824219,11.319999694824219,2136
2015-12-28,11.319999694824219,11.329999923706055,11.319999694824219,11.329999923706055,11.329999923706055,1050
2015-12-29,10.869999885559082,11.25,10.869999885559082,11.25,11.25,400
2015-12-30,11.25,11.25,11.25,11.25,11.25,300
2015-12-31,11.149999618530273,11.300000190734863,11.149999618530273,11.300000190734863,11.300000190734863,1998
2016-01-01,11.859999656677246,11.859999656677246,11.800000190734863,11.800000190734863,11.800000190734863,1050
2016-01-04,11.800000190734863,11.800000190734863,11.800000190734863,11.800000190734863,11.800000190734863,0
2016-01-05,12.350000381469727,12.350000381469727,12.350000381469727,12.350000381469727,12.350000381469727,100
2016-01-06,12.350000381469727,12.350000381469727,12.350000381469727,12.350000381469727,12.350000381469727,0
2016-01-07,12.350000381469727,12.350000381469727,12.350000381469727,12.350000381469727,12.350000381469727,0
2016-01-08,12.350000381469727,12.350000381469727,12.350000381469727,12.350000381469727,12.350000381469727,0
2016-01-11,12.350000381469727,12.350000381469727,12.350000381469727,12.350000381469727,12.350000381469727,0
2016-01-12,12.350000381469727,12.350000381469727,12.350000381469727,12.350000381469727,12.350000381469727,0
2016-01-13,12.350000381469727,12.350000381469727,12.350000381469727,12.350000381469727,12.350000381469727,0
2016-01-14,12.350000381469727,12.350000381469727,12.350000381469727,12.350000381469727,12.350000381469727,0
2016-01-15,12.350000381469727,12.350000381469727,12.350000381469727,12.350000381469727,12.350000381469727,0
2016-01-18,12.350000381469727,12.350000381469727,12.350000381469727,12.350000381469727,12.350000381469727,0
2016-01-19,12.350000381469727,12.350000381469727,12.350000381469727,12.350000381469727,12.350000381469727,0
2016-01-20,12.300000190734863,12.300000190734863,11.739999771118164,11.739999771118164,11.739999771118164,200
2016-01-21,11.15999984741211,11.15999984741211,11.15999984741211,11.15999984741211,11.15999984741211,102
2016-01-22,11.15999984741211,11.15999984741211,11.15999984741211,11.15999984741211,11.15999984741211,100
2016-01-25,11.15999984741211,11.15999984741211,11.15999984741211,11.15999984741211,11.15999984741211,0
2016-01-27,11.15999984741211,11.15999984741211,11.15999984741211,11.15999984741211,11.15999984741211,100
2016-01-28,11.5,11.5,11.5,11.5,11.5,100
2016-01-29,11.5,11.5,11.5,11.5,11.5,0
2016-02-01,11.5,11.5,11.5,11.5,11.5,0
2016-02-02,12.069999694824219,12.069999694824219,12.069999694824219,12.069999694824219,12.069999694824219,600
2016-02-03,12.069999694824219,12.069999694824219,12.069999694824219,12.069999694824219,12.069999694824219,0
2016-02-04,12.069999694824219,12.069999694824219,12.069999694824219,12.069999694824219,12.069999694824219,0
2016-02-05,12.069999694824219,12.069999694824219,12.069999694824219,12.069999694824219,12.069999694824219,0
2016-02-08,12.069999694824219,12.069999694824219,12.069999694824219,12.069999694824219,12.069999694824219,0
2016-02-09,12.069999694824219,12.069999694824219,12.069999694824219,12.069999694824219,12.069999694824219,0
2016-02-10,12.069999694824219,12.069999694824219,12.069999694824219,12.069999694824219,12.069999694824219,0
2016-02-11,12.069999694824219,12.069999694824219,12.069999694824219,12.069999694824219,12.069999694824219,0
2016-02-12,12.069999694824219,12.069999694824219,12.069999694824219,12.069999694824219,12.069999694824219,0
2016-02-15,11.470000267028809,11.470000267028809,11.470000267028809,11.470000267028809,11.470000267028809,1820
2016-02-16,10.899999618530273,12.0,10.899999618530273,10.899999618530273,10.899999618530273,2502
2016-02-17,10.359999656677246,10.359999656677246,10.359999656677246,10.359999656677246,10.359999656677246,921
2016-02-18,10.359999656677246,10.359999656677246,10.359999656677246,10.359999656677246,10.359999656677246,0
2016-02-19,10.869999885559082,10.869999885559082,10.0,10.0,10.0,200
2016-02-22,10.0,10.0,10.0,10.0,10.0,0
2016-02-23,10.0,10.0,10.0,10.0,10.0,0
2016-02-24,10.5,10.5,10.5,10.5,10.5,1800
2016-02-25,10.0,10.0,10.0,10.0,10.0,116
2016-02-26,10.5,10.5,10.5,10.5,10.5,1500
2016-02-29,10.5,10.5,10.5,10.5,10.5,0
2016-03-01,10.5,10.5,10.5,10.5,10.5,0
2016-03-02,10.5,10.5,10.5,10.5,10.5,0
2016-03-03,10.5,10.5,10.5,10.5,10.5,200
2016-03-04,10.5,10.5,10.5,10.5,10.5,0
2016-03-08,10.0,11.0,10.0,11.0,11.0,120
2016-03-09,10.449999809265137,10.449999809265137,10.449999809265137,10.449999809265137,10.449999809265137,2000
2016-03-10,10.970000267028809,10.970000267028809,10.970000267028809,10.970000267028809,10.970000267028809,2000
2016-03-11,10.430000305175781,11.0,10.430000305175781,10.430000305175781,10.430000305175781,2200
2016-03-14,10.899999618530273,10.899999618530273,10.899999618530273,10.899999618530273,10.899999618530273,2000
2016-03-15,10.399999618530273,11.399999618530273,10.399999618530273,11.050000190734863,11.050000190734863,1081
2016-03-16,11.050000190734863,11.050000190734863,11.050000190734863,11.050000190734863,11.050000190734863,0
2016-03-17,10.5,10.5,10.5,10.5,10.5,1000
2016-03-18,11.020000457763672,11.020000457763672,11.020000457763672,11.020000457763672,11.020000457763672,100
2016-03-21,11.050000190734863,11.149999618530273,10.899999618530273,10.899999618530273,10.899999618530273,1700
2016-03-22,10.5,10.899999618530273,10.5,10.5,10.5,2500
2016-03-23,9.979999542236328,10.0,9.979999542236328,10.0,10.0,300
2016-03-28,10.0,10.0,10.0,10.0,10.0,1275
2016-03-29,9.5,10.399999618530273,9.5,10.0,10.0,984
2016-03-30,10.0,10.0,10.0,10.0,10.0,550
2016-03-31,10.0,10.0,10.0,10.0,10.0,0
2016-04-01,10.0,10.0,10.0,10.0,10.0,0
2016-04-04,9.800000190734863,10.0,9.800000190734863,10.0,10.0,554
2016-04-05,10.0,10.0,10.0,10.0,10.0,600
2016-04-06,10.0,10.0,10.0,10.0,10.0,100
2016-04-07,10.0,10.0,10.0,10.0,10.0,0
2016-04-08,10.0,10.0,10.0,10.0,10.0,0
2016-04-11,10.0,10.0,10.0,10.0,10.0,0
2016-04-12,10.0,10.0,10.0,10.0,10.0,0
2016-04-13,10.0,10.0,10.0,10.0,10.0,0
2016-04-18,10.0,10.0,10.0,10.0,10.0,0
2016-04-20,10.0,10.0,10.0,10.0,10.0,0
2016-04-21,10.0,10.0,10.0,10.0,10.0,0
2016-04-22,10.0,10.0,10.0,10.0,10.0,0
2016-04-25,10.0,10.0,10.0,10.0,10.0,0
2016-04-26,10.0,10.0,10.0,10.0,10.0,0
2016-04-27,10.0,10.0,10.0,10.0,10.0,0
2016-04-28,10.0,10.0,10.0,10.0,10.0,0
2016-04-29,10.0,10.0,10.0,10.0,10.0,0
2016-05-02,10.0,10.0,10.0,10.0,10.0,0
2016-05-03,10.0,10.0,10.0,10.0,10.0,389
2016-05-04,10.0,10.0,10.0,10.0,10.0,0
2016-05-05,10.0,10.0,10.0,10.0,10.0,200
2016-05-06,10.0,10.0,10.0,10.0,10.0,0
2016-05-09,10.0,10.0,10.0,10.0,10.0,0
2016-05-10,10.0,10.0,10.0,10.0,10.0,0
2016-05-11,10.0,10.0,10.0,10.0,10.0,400
2016-05-12,10.5,10.5,10.449999809265137,10.449999809265137,10.449999809265137,686
2016-05-13,10.5,10.5,10.5,10.5,10.5,400
2016-05-16,10.5,10.5,10.5,10.5,10.5,0
2016-05-17,10.5,10.5,10.5,10.5,10.5,0
2016-05-18,10.5,10.5,10.5,10.5,10.5,0
2016-05-19,10.5,10.5,10.5,10.5,10.5,0
2016-05-20,10.5,10.5,10.5,10.5,10.5,0
2016-05-23,10.5,10.5,10.5,10.5,10.5,0
2016-05-24,10.5,10.5,10.5,10.5,10.5,0
2016-05-25,10.5,10.5,10.5,10.5,10.5,0
2016-05-26,10.5,10.5,10.5,10.5,10.5,0
2016-05-27,10.5,10.5,10.5,10.5,10.5,0
2016-05-30,10.5,10.5,10.5,10.5,10.5,0
2016-05-31,10.5,10.5,10.5,10.5,10.5,0
2016-06-01,10.5,10.5,10.5,10.5,10.5,0
2016-06-02,10.5,10.5,10.5,10.5,10.5,0
2016-06-03,10.5,10.5,10.5,10.5,10.5,2011
2016-06-06,10.5,10.5,10.5,10.5,10.5,0
2016-06-07,10.5,10.5,10.5,10.5,10.5,0
2016-06-08,9.979999542236328,9.979999542236328,9.979999542236328,9.979999542236328,9.979999542236328,100
2016-06-09,10.0,10.0,10.0,10.0,10.0,500
2016-06-10,10.5,10.5,10.5,10.5,10.5,150
2016-06-13,10.5,10.5,10.5,10.5,10.5,0
2016-06-14,10.5,10.5,10.5,10.5,10.5,0
2016-06-15,10.5,10.5,10.5,10.5,10.5,0
2016-06-16,10.5,10.5,10.5,10.5,10.5,0
2016-06-17,9.979999542236328,9.979999542236328,9.979999542236328,9.979999542236328,9.979999542236328,2
2016-06-20,9.979999542236328,9.979999542236328,9.979999542236328,9.979999542236328,9.979999542236328,0
2016-06-21,10.0,10.0,10.0,10.0,10.0,200
2016-06-22,10.5,10.5,10.5,10.5,10.5,50
2016-06-23,10.5,10.800000190734863,10.5,10.800000190734863,10.800000190734863,40
2016-06-24,10.800000190734863,10.800000190734863,10.800000190734863,10.800000190734863,10.800000190734863,0
2016-06-27,11.25,11.25,11.25,11.25,11.25,575
2016-06-28,11.649999618530273,11.649999618530273,11.649999618530273,11.649999618530273,11.649999618530273,25
2016-06-29,12.0,12.0,11.069999694824219,11.069999694824219,11.069999694824219,100
2016-06-30,11.5,11.600000381469727,11.5,11.5,11.5,280
2016-07-01,12.0,12.0,12.0,12.0,12.0,1025
2016-07-04,11.399999618530273,12.5,11.399999618530273,12.5,12.5,220
2016-07-05,12.5,13.0,12.5,13.0,13.0,370
2016-07-07,13.600000381469727,13.600000381469727,13.5,13.5,13.5,100
2016-07-08,13.0,13.0,12.829999923706055,12.829999923706055,12.829999923706055,193
2016-07-11,12.829999923706055,12.829999923706055,12.829999923706055,12.829999923706055,12.829999923706055,0
2016-07-12,12.829999923706055,12.829999923706055,12.829999923706055,12.829999923706055,12.829999923706055,0
2016-07-13,12.829999923706055,12.949999809265137,12.829999923706055,12.949999809265137,12.949999809265137,200
2016-07-14,12.949999809265137,12.949999809265137,12.949999809265137,12.949999809265137,12.949999809265137,0
2016-07-15,12.949999809265137,12.949999809265137,12.949999809265137,12.949999809265137,12.949999809265137,0
2016-07-18,13.550000190734863,13.550000190734863,13.550000190734863,13.550000190734863,13.550000190734863,10
2016-07-19,13.550000190734863,13.550000190734863,13.550000190734863,13.550000190734863,13.550000190734863,0
2016-07-20,13.550000190734863,13.550000190734863,13.550000190734863,13.550000190734863,13.550000190734863,0
2016-07-21,13.550000190734863,13.550000190734863,13.550000190734863,13.550000190734863,13.550000190734863,0
2016-07-22,13.550000190734863,13.550000190734863,13.550000190734863,13.550000190734863,13.550000190734863,0
2016-07-25,13.0,13.5,13.0,13.5,13.5,220
2016-07-26,13.5,13.5,13.5,13.5,13.5,271
2016-07-27,13.5,13.5,13.5,13.5,13.5,0
2016-07-28,13.5,13.5,13.5,13.5,13.5,0
2016-07-29,13.5,13.5,13.5,13.5,13.5,0
2016-08-01,13.5,13.5,13.5,13.5,13.5,0
2016-08-02,13.5,13.5,13.5,13.5,13.5,0
2016-08-03,14.149999618530273,14.149999618530273,14.149999618530273,14.149999618530273,14.149999618530273,1
2016-08-04,13.449999809265137,13.449999809265137,13.449999809265137,13.449999809265137,13.449999809265137,101
2016-08-05,13.449999809265137,13.449999809265137,13.449999809265137,13.449999809265137,13.449999809265137,0
2016-08-08,13.449999809265137,13.449999809265137,13.449999809265137,13.449999809265137,13.449999809265137,0
2016-08-09,13.449999809265137,13.449999809265137,13.449999809265137,13.449999809265137,13.449999809265137,0
2016-08-10,13.449999809265137,13.449999809265137,13.449999809265137,13.449999809265137,13.449999809265137,0
2016-08-11,13.449999809265137,13.449999809265137,13.449999809265137,13.449999809265137,13.449999809265137,0
2016-08-12,13.449999809265137,13.449999809265137,13.449999809265137,13.449999809265137,13.449999809265137,0
2016-08-16,13.449999809265137,13.449999809265137,13.449999809265137,13.449999809265137,13.449999809265137,70
2016-08-17,12.779999732971191,12.779999732971191,12.779999732971191,12.779999732971191,12.779999732971191,350
2016-08-18,12.779999732971191,12.779999732971191,12.779999732971191,12.779999732971191,12.779999732971191,0
2016-08-19,12.779999732971191,12.779999732971191,12.779999732971191,12.779999732971191,12.779999732971191,0
2016-08-22,12.779999732971191,12.779999732971191,12.779999732971191,12.779999732971191,12.779999732971191,0
2016-08-23,12.779999732971191,12.779999732971191,12.779999732971191,12.779999732971191,12.779999732971191,0
2016-08-24,12.149999618530273,12.149999618530273,12.149999618530273,12.149999618530273,12.149999618530273,100
2016-08-25,12.149999618530273,12.149999618530273,12.149999618530273,12.149999618530273,12.149999618530273,0
2016-08-26,11.550000190734863,11.550000190734863,11.550000190734863,11.550000190734863,11.550000190734863,50
2016-08-29,11.550000190734863,11.550000190734863,11.550000190734863,11.550000190734863,11.550000190734863,0
2016-08-30,11.550000190734863,11.550000190734863,11.550000190734863,11.550000190734863,11.550000190734863,0
2016-08-31,11.550000190734863,11.550000190734863,11.550000190734863,11.550000190734863,11.550000190734863,0
2016-09-01,11.550000190734863,11.550000190734863,11.550000190734863,11.550000190734863,11.550000190734863,0
2016-09-02,11.550000190734863,11.550000190734863,11.550000190734863,11.550000190734863,11.550000190734863,0
2016-09-06,11.0,11.0,10.979999542236328,10.979999542236328,10.979999542236328,200
2016-09-07,10.4399995803833,10.4399995803833,10.4399995803833,10.4399995803833,10.4399995803833,195
2016-09-08,10.899999618530273,10.960000038146973,10.899999618530273,10.899999618530273,10.899999618530273,300
2016-09-09,10.359999656677246,10.359999656677246,10.359999656677246,10.359999656677246,10.359999656677246,149
2016-09-12,9.850000381469727,9.850000381469727,9.850000381469727,9.850000381469727,9.850000381469727,100
2016-09-14,10.0,10.0,10.0,10.0,10.0,1242
2016-09-15,10.0,10.0,10.0,10.0,10.0,0
2016-09-16,9.5,9.5,9.5,9.5,9.5,100
2016-09-19,9.5,9.5,9.5,9.5,9.5,0
2016-09-20,9.5,9.5,9.5,9.5,9.5,200
2016-09-21,9.029999732971191,9.029999732971191,9.029999732971191,9.029999732971191,9.029999732971191,100
2016-09-22,9.029999732971191,9.029999732971191,9.029999732971191,9.029999732971191,9.029999732971191,0
2016-09-23,9.029999732971191,9.029999732971191,9.029999732971191,9.029999732971191,9.029999732971191,0
2016-09-26,9.029999732971191,9.029999732971191,9.029999732971191,9.029999732971191,9.029999732971191,0
2016-09-27,8.600000381469727,9.479999542236328,8.600000381469727,9.479999542236328,9.479999542236328,250
2016-09-28,9.479999542236328,9.479999542236328,9.479999542236328,9.479999542236328,9.479999542236328,0
2016-09-29,9.479999542236328,9.479999542236328,9.479999542236328,9.479999542236328,9.479999542236328,0
2016-09-30,9.479999542236328,9.479999542236328,9.479999542236328,9.479999542236328,9.479999542236328,0
2016-10-03,9.479999542236328,9.479999542236328,9.479999542236328,9.479999542236328,9.479999542236328,0
2016-10-04,9.010000228881836,9.010000228881836,9.010000228881836,9.010000228881836,9.010000228881836,100
2016-10-05,8.609999656677246,9.460000038146973,8.609999656677246,9.460000038146973,9.460000038146973,200
2016-10-06,9.029999732971191,9.029999732971191,9.029999732971191,9.029999732971191,9.029999732971191,268
2016-10-07,9.029999732971191,9.029999732971191,9.029999732971191,9.029999732971191,9.029999732971191,0
2016-10-10,8.600000381469727,8.600000381469727,8.600000381469727,8.600000381469727,8.600000381469727,200
2016-10-13,8.170000076293945,9.029999732971191,8.170000076293945,9.029999732971191,9.029999732971191,230
2016-10-14,9.479999542236328,9.479999542236328,9.479999542236328,9.479999542236328,9.479999542236328,20
2016-10-17,9.479999542236328,9.479999542236328,9.479999542236328,9.479999542236328,9.479999542236328,0
2016-10-18,9.479999542236328,9.479999542236328,9.479999542236328,9.479999542236328,9.479999542236328,0
2016-10-19,9.479999542236328,9.479999542236328,9.479999542236328,9.479999542236328,9.479999542236328,0
2016-10-20,9.479999542236328,9.479999542236328,9.479999542236328,9.479999542236328,9.479999542236328,0
2016-10-21,9.479999542236328,9.479999542236328,9.479999542236328,9.479999542236328,9.479999542236328,0
2016-10-24,9.479999542236328,9.479999542236328,9.479999542236328,9.479999542236328,9.479999542236328,0
2016-10-25,9.020000457763672,9.020000457763672,9.020000457763672,9.020000457763672,9.020000457763672,100
2016-10-26,9.100000381469727,9.470000267028809,9.100000381469727,9.470000267028809,9.470000267028809,800
2016-10-27,9.9399995803833,9.9399995803833,9.9399995803833,9.9399995803833,9.9399995803833,100
2016-10-28,9.9399995803833,9.9399995803833,9.9399995803833,9.9399995803833,9.9399995803833,0
2016-11-01,9.449999809265137,9.449999809265137,9.449999809265137,9.449999809265137,9.449999809265137,20
2016-11-02,8.979999542236328,8.979999542236328,8.979999542236328,8.979999542236328,8.979999542236328,100
2016-11-03,8.600000381469727,8.600000381469727,8.550000190734863,8.550000190734863,8.550000190734863,700
2016-11-04,8.550000190734863,8.550000190734863,8.550000190734863,8.550000190734863,8.550000190734863,0
2016-11-07,8.550000190734863,8.550000190734863,8.550000190734863,8.550000190734863,8.550000190734863,0
2016-11-08,8.550000190734863,8.550000190734863,8.550000190734863,8.550000190734863,8.550000190734863,0
2016-11-09,8.600000381469727,8.970000267028809,8.600000381469727,8.970000267028809,8.970000267028809,400
2016-11-10,8.970000267028809,8.970000267028809,8.970000267028809,8.970000267028809,8.970000267028809,0
2016-11-11,8.970000267028809,8.970000267028809,8.970000267028809,8.970000267028809,8.970000267028809,0
2016-11-15,8.970000267028809,8.970000267028809,8.970000267028809,8.970000267028809,8.970000267028809,0
2016-11-16,8.970000267028809,8.970000267028809,8.970000267028809,8.970000267028809,8.970000267028809,0
2016-11-17,8.970000267028809,8.970000267028809,8.970000267028809,8.970000267028809,8.970000267028809,0
2016-11-18,8.970000267028809,8.970000267028809,8.970000267028809,8.970000267028809,8.970000267028809,0
2016-11-21,8.529999732971191,9.0,8.529999732971191,9.0,9.0,200
2016-11-22,9.0,9.0,9.0,9.0,9.0,0
2016-11-23,9.0,9.0,9.0,9.0,9.0,0
2016-11-24,9.0,9.0,9.0,9.0,9.0,0
2016-11-25,9.0,9.0,9.0,9.0,9.0,0
2016-11-28,9.0,9.0,9.0,9.0,9.0,0
2016-11-29,8.550000190734863,8.550000190734863,8.550000190734863,8.550000190734863,8.550000190734863,25
2016-11-30,8.130000114440918,8.970000267028809,8.130000114440918,8.970000267028809,8.970000267028809,750
2016-12-01,8.970000267028809,8.970000267028809,8.970000267028809,8.970000267028809,8.970000267028809,0
2016-12-02,9.350000381469727,9.350000381469727,9.350000381469727,9.350000381469727,9.350000381469727,500
2016-12-05,9.399999618530273,9.399999618530273,9.399999618530273,9.399999618530273,9.399999618530273,100
2016-12-06,9.399999618530273,9.399999618530273,9.399999618530273,9.399999618530273,9.399999618530273,0
2016-12-07,9.850000381469727,9.850000381469727,9.850000381469727,9.850000381469727,9.850000381469727,100
2016-12-08,9.850000381469727,10.329999923706055,9.850000381469727,10.329999923706055,10.329999923706055,600
2016-12-09,10.84000015258789,10.84000015258789,10.84000015258789,10.84000015258789,10.84000015258789,919
2016-12-12,10.800000190734863,10.800000190734863,10.800000190734863,10.800000190734863,10.800000190734863,100
2016-12-13,11.34000015258789,11.34000015258789,11.34000015258789,11.34000015258789,11.34000015258789,1375
2016-12-14,11.65999984741211,11.65999984741211,11.65999984741211,11.65999984741211,11.65999984741211,1000
2016-12-15,11.65999984741211,11.65999984741211,11.65999984741211,11.65999984741211,11.65999984741211,1400
2016-12-16,11.65999984741211,11.65999984741211,11.65999984741211,11.65999984741211,11.65999984741211,1250
2016-12-19,11.65999984741211,11.65999984741211,11.65999984741211,11.65999984741211,11.65999984741211,300
2016-12-20,11.65999984741211,11.65999984741211,11.65999984741211,11.65999984741211,11.65999984741211,0
2016-12-21,11.65999984741211,11.65999984741211,11.65999984741211,11.65999984741211,11.65999984741211,150
2016-12-22,11.65999984741211,11.65999984741211,11.65999984741211,11.65999984741211,11.65999984741211,250
2016-12-23,11.65999984741211,11.65999984741211,11.65999984741211,11.65999984741211,11.65999984741211,1250
2016-12-26,11.65999984741211,11.65999984741211,11.65999984741211,11.65999984741211,11.65999984741211,0
2016-12-27,11.65999984741211,11.65999984741211,11.65999984741211,11.65999984741211,11.65999984741211,420
2016-12-28,11.65999984741211,11.65999984741211,11.65999984741211,11.65999984741211,11.65999984741211,350
2016-12-29,11.5,11.5,11.5,11.5,11.5,500
2016-12-30,11.65999984741211,11.65999984741211,11.65999984741211,11.65999984741211,11.65999984741211,350
2017-01-02,11.65999984741211,11.65999984741211,11.65999984741211,11.65999984741211,11.65999984741211,0
2017-01-03,11.800000190734863,11.800000190734863,11.800000190734863,11.800000190734863,11.800000190734863,25
2017-01-04,12.390000343322754,12.390000343322754,11.25,11.25,11.25,900
2017-01-05,11.800000190734863,11.800000190734863,11.800000190734863,11.800000190734863,11.800000190734863,600
2017-01-06,11.800000190734863,11.800000190734863,11.800000190734863,11.800000190734863,11.800000190734863,0
2017-01-09,11.800000190734863,11.800000190734863,11.800000190734863,11.800000190734863,11.800000190734863,0
2017-01-10,12.350000381469727,12.350000381469727,12.350000381469727,12.350000381469727,12.350000381469727,100
2017-01-11,11.739999771118164,11.739999771118164,11.739999771118164,11.739999771118164,11.739999771118164,163
2017-01-12,12.300000190734863,12.300000190734863,11.15999984741211,11.15999984741211,11.15999984741211,230
2017-01-13,11.15999984741211,11.15999984741211,11.15999984741211,11.15999984741211,11.15999984741211,0
2017-01-16,11.15999984741211,11.15999984741211,11.15999984741211,11.15999984741211,11.15999984741211,0
2017-01-17,11.15999984741211,11.15999984741211,11.15999984741211,11.15999984741211,11.15999984741211,0
2017-01-18,11.699999809265137,11.699999809265137,11.699999809265137,11.699999809265137,11.699999809265137,100
2017-01-19,11.699999809265137,11.699999809265137,11.699999809265137,11.699999809265137,11.699999809265137,0
2017-01-20,11.699999809265137,11.699999809265137,11.699999809265137,11.699999809265137,11.699999809265137,0
2017-01-23,12.279999732971191,12.279999732971191,12.279999732971191,12.279999732971191,12.279999732971191,100
2017-01-24,12.279999732971191,12.279999732971191,11.710000038146973,11.710000038146973,11.710000038146973,200
2017-01-25,11.710000038146973,11.710000038146973,11.710000038146973,11.710000038146973,11.710000038146973,0
2017-01-27,11.710000038146973,11.710000038146973,11.710000038146973,11.710000038146973,11.710000038146973,0
2017-01-30,11.710000038146973,11.710000038146973,11.710000038146973,11.710000038146973,11.710000038146973,0
2017-01-31,11.710000038146973,11.710000038146973,11.710000038146973,11.710000038146973,11.710000038146973,0
2017-02-01,11.25,11.25,11.199999809265137,11.199999809265137,11.199999809265137,950
2017-02-02,11.199999809265137,11.199999809265137,11.199999809265137,11.199999809265137,11.199999809265137,0
2017-02-03,11.199999809265137,11.199999809265137,11.199999809265137,11.199999809265137,11.199999809265137,0
2017-02-06,11.760000228881836,11.760000228881836,11.760000228881836,11.760000228881836,11.760000228881836,2
2017-02-07,11.739999771118164,11.739999771118164,11.699999809265137,11.699999809265137,11.699999809265137,117
2017-02-08,11.699999809265137,11.699999809265137,11.699999809265137,11.699999809265137,11.699999809265137,0
2017-02-09,11.699999809265137,11.699999809265137,11.699999809265137,11.699999809265137,11.699999809265137,0
2017-02-10,12.0,12.0,12.0,12.0,12.0,332
2017-02-13,12.600000381469727,12.600000381469727,12.5,12.5,12.5,600
2017-02-14,12.5,12.5,11.880000114440918,11.880000114440918,11.880000114440918,115
2017-02-15,11.880000114440918,11.880000114440918,11.880000114440918,11.880000114440918,11.880000114440918,0
2017-02-16,11.880000114440918,11.880000114440918,11.880000114440918,11.880000114440918,11.880000114440918,0
2017-02-17,11.880000114440918,11.880000114440918,11.880000114440918,11.880000114440918,11.880000114440918,0
2017-02-20,11.289999961853027,11.289999961853027,11.289999961853027,11.289999961853027,11.289999961853027,10
2017-02-21,11.850000381469727,11.850000381469727,11.850000381469727,11.850000381469727,11.850000381469727,20
2017-02-22,11.850000381469727,11.850000381469727,11.850000381469727,11.850000381469727,11.850000381469727,1020
2017-02-23,11.850000381469727,11.850000381469727,11.850000381469727,11.850000381469727,11.850000381469727,0
2017-02-27,11.850000381469727,11.850000381469727,11.260000228881836,11.850000381469727,11.850000381469727,2312
2017-02-28,11.850000381469727,11.850000381469727,11.850000381469727,11.850000381469727,11.850000381469727,345
2017-03-01,11.850000381469727,11.850000381469727,11.850000381469727,11.850000381469727,11.850000381469727,0
2017-03-02,11.850000381469727,11.850000381469727,11.850000381469727,11.850000381469727,11.850000381469727,0
2017-03-03,11.850000381469727,11.850000381469727,11.850000381469727,11.850000381469727,11.850000381469727,0
2017-03-06,12.350000381469727,12.350000381469727,11.850000381469727,11.850000381469727,11.850000381469727,505
2017-03-07,12.4399995803833,12.4399995803833,12.399999618530273,12.399999618530273,12.399999618530273,100
2017-03-08,13.020000457763672,13.020000457763672,13.020000457763672,13.020000457763672,13.020000457763672,340
2017-03-09,12.5,12.5,12.5,12.5,12.5,100
2017-03-10,12.899999618530273,12.899999618530273,12.899999618530273,12.899999618530273,12.899999618530273,250
2017-03-14,12.899999618530273,13.199999809265137,12.899999618530273,12.949999809265137,12.949999809265137,1326
2017-03-15,13.100000381469727,13.100000381469727,12.899999618530273,12.899999618530273,12.899999618530273,1700
2017-03-16,13.100000381469727,13.449999809265137,13.100000381469727,13.449999809265137,13.449999809265137,3450
2017-03-17,13.449999809265137,13.449999809265137,13.449999809265137,13.449999809265137,13.449999809265137,950
2017-03-20,14.0,14.0,13.5,13.5,13.5,1510
2017-03-21,14.170000076293945,14.170000076293945,13.0,13.4399995803833,13.4399995803833,1106
2017-03-22,13.4399995803833,13.4399995803833,13.4399995803833,13.4399995803833,13.4399995803833,0
2017-03-23,13.449999809265137,13.449999809265137,13.449999809265137,13.449999809265137,13.449999809265137,600
2017-03-24,13.399999618530273,13.449999809265137,13.399999618530273,13.449999809265137,13.449999809265137,2000
2017-03-27,13.449999809265137,13.449999809265137,13.449999809265137,13.449999809265137,13.449999809265137,0
2017-03-28,13.449999809265137,13.449999809265137,13.449999809265137,13.449999809265137,13.449999809265137,0
2017-03-29,13.449999809265137,13.449999809265137,13.449999809265137,13.449999809265137,13.449999809265137,0
2017-03-30,13.449999809265137,13.449999809265137,13.449999809265137,13.449999809265137,13.449999809265137,0
2017-03-31,13.449999809265137,13.449999809265137,13.449999809265137,13.449999809265137,13.449999809265137,0
2017-04-03,13.449999809265137,13.449999809265137,13.449999809265137,13.449999809265137,13.449999809265137,0
2017-04-05,13.449999809265137,13.449999809265137,13.449999809265137,13.449999809265137,13.449999809265137,0
2017-04-06,13.449999809265137,13.449999809265137,13.449999809265137,13.449999809265137,13.449999809265137,0
2017-04-07,13.449999809265137,13.449999809265137,13.449999809265137,13.449999809265137,13.449999809265137,0
2017-04-10,13.449999809265137,13.449999809265137,13.449999809265137,13.449999809265137,13.449999809265137,0
2017-04-11,13.449999809265137,13.449999809265137,13.449999809265137,13.449999809265137,13.449999809265137,0
2017-04-12,13.449999809265137,13.449999809265137,13.449999809265137,13.449999809265137,13.449999809265137,0
2017-04-13,13.449999809265137,13.449999809265137,13.449999809265137,13.449999809265137,13.449999809265137,0
2017-04-17,13.449999809265137,13.449999809265137,13.449999809265137,13.449999809265137,13.449999809265137,0
2017-04-18,13.449999809265137,13.449999809265137,13.449999809265137,13.449999809265137,13.449999809265137,0
2017-04-19,12.800000190734863,12.800000190734863,12.800000190734863,12.800000190734863,12.800000190734863,100
2017-04-20,12.800000190734863,12.800000190734863,12.800000190734863,12.800000190734863,12.800000190734863,150
2017-04-21,12.800000190734863,12.800000190734863,12.800000190734863,12.800000190734863,12.800000190734863,0
2017-04-24,13.4399995803833,13.4399995803833,13.4399995803833,13.4399995803833,13.4399995803833,100
2017-04-25,14.109999656677246,14.109999656677246,12.770000457763672,12.770000457763672,12.770000457763672,200
2017-04-26,12.770000457763672,12.770000457763672,12.770000457763672,12.770000457763672,12.770000457763672,0
2017-04-27,12.770000457763672,12.770000457763672,12.770000457763672,12.770000457763672,12.770000457763672,0
2017-04-28,12.770000457763672,12.770000457763672,12.770000457763672,12.770000457763672,12.770000457763672,0
2017-05-02,12.770000457763672,12.770000457763672,12.770000457763672,12.770000457763672,12.770000457763672,0
2017-05-03,12.770000457763672,12.770000457763672,12.770000457763672,12.770000457763672,12.770000457763672,0
2017-05-04,12.140000343322754,12.140000343322754,12.140000343322754,12.140000343322754,12.140000343322754,100
2017-05-05,12.140000343322754,12.140000343322754,12.140000343322754,12.140000343322754,12.140000343322754,0
2017-05-08,12.0,12.0,12.0,12.0,12.0,20
2017-05-09,12.0,12.0,12.0,12.0,12.0,0
2017-05-10,12.0,12.0,12.0,12.0,12.0,0
2017-05-11,11.399999618530273,12.600000381469727,11.399999618530273,12.100000381469727,12.100000381469727,900
2017-05-12,12.100000381469727,12.100000381469727,12.100000381469727,12.100000381469727,12.100000381469727,0
2017-05-15,11.5,11.5,11.5,11.5,11.5,15
2017-05-16,11.5,11.5,11.5,11.5,11.5,0
2017-05-17,11.5,11.5,11.5,11.5,11.5,0
2017-05-18,11.5,11.5,11.5,11.5,11.5,0
2017-05-19,11.5,11.5,11.5,11.5,11.5,0
2017-05-22,11.5,11.5,11.5,11.5,11.5,0
2017-05-23,11.5,11.5,11.5,11.5,11.5,0
2017-05-24,10.930000305175781,10.930000305175781,10.930000305175781,10.930000305175781,10.930000305175781,20
2017-05-25,10.930000305175781,10.930000305175781,10.930000305175781,10.930000305175781,10.930000305175781,0
2017-05-26,10.930000305175781,10.930000305175781,10.930000305175781,10.930000305175781,10.930000305175781,0
2017-05-29,10.930000305175781,10.930000305175781,10.930000305175781,10.930000305175781,10.930000305175781,0
2017-05-30,10.930000305175781,10.930000305175781,10.930000305175781,10.930000305175781,10.930000305175781,0
2017-05-31,10.390000343322754,10.390000343322754,10.390000343322754,10.390000343322754,10.390000343322754,79
2017-06-01,10.390000343322754,10.390000343322754,10.390000343322754,10.390000343322754,10.390000343322754,0
2017-06-02,10.390000343322754,10.390000343322754,10.390000343322754,10.390000343322754,10.390000343322754,0
2017-06-05,10.390000343322754,10.390000343322754,10.390000343322754,10.390000343322754,10.390000343322754,0
2017-06-06,9.880000114440918,9.880000114440918,9.880000114440918,9.880000114440918,9.880000114440918,50
2017-06-07,9.880000114440918,9.880000114440918,9.880000114440918,9.880000114440918,9.880000114440918,0
2017-06-08,9.880000114440918,9.880000114440918,9.880000114440918,9.880000114440918,9.880000114440918,0
2017-06-09,9.880000114440918,9.880000114440918,9.880000114440918,9.880000114440918,9.880000114440918,0
2017-06-12,9.880000114440918,9.880000114440918,9.880000114440918,9.880000114440918,9.880000114440918,0
2017-06-13,9.880000114440918,9.880000114440918,9.880000114440918,9.880000114440918,9.880000114440918,0
2017-06-14,9.880000114440918,9.880000114440918,9.880000114440918,9.880000114440918,9.880000114440918,0
2017-06-15,9.880000114440918,9.880000114440918,9.880000114440918,9.880000114440918,9.880000114440918,0
2017-06-16,9.880000114440918,9.880000114440918,9.880000114440918,9.880000114440918,9.880000114440918,0
2017-06-19,9.880000114440918,9.880000114440918,9.880000114440918,9.880000114440918,9.880000114440918,0
2017-06-20,9.880000114440918,9.880000114440918,9.880000114440918,9.880000114440918,9.880000114440918,0
2017-06-21,9.880000114440918,9.880000114440918,9.880000114440918,9.880000114440918,9.880000114440918,0
2017-06-22,9.880000114440918,9.880000114440918,9.880000114440918,9.880000114440918,9.880000114440918,0
2017-06-23,9.880000114440918,9.880000114440918,9.880000114440918,9.880000114440918,9.880000114440918,0
2017-06-27,9.880000114440918,9.880000114440918,9.880000114440918,9.880000114440918,9.880000114440918,0
2017-06-28,9.399999618530273,9.399999618530273,9.399999618530273,9.399999618530273,9.399999618530273,100
2017-06-29,9.399999618530273,9.399999618530273,9.399999618530273,9.399999618530273,9.399999618530273,0
2017-06-30,9.399999618530273,9.399999618530273,9.399999618530273,9.399999618530273,9.399999618530273,0
2017-07-03,9.399999618530273,9.399999618530273,9.399999618530273,9.399999618530273,9.399999618530273,0
2017-07-04,9.399999618530273,9.399999618530273,9.399999618530273,9.399999618530273,9.399999618530273,1300
2017-07-05,9.399999618530273,9.399999618530273,9.399999618530273,9.399999618530273,9.399999618530273,100
2017-07-06,9.399999618530273,9.399999618530273,9.399999618530273,9.399999618530273,9.399999618530273,0
2017-07-07,9.399999618530273,9.399999618530273,9.399999618530273,9.399999618530273,9.399999618530273,0
2017-07-10,9.399999618530273,9.399999618530273,9.399999618530273,9.399999618530273,9.399999618530273,0
2017-07-11,9.399999618530273,9.399999618530273,9.399999618530273,9.399999618530273,9.399999618530273,0
2017-07-12,9.399999618530273,9.399999618530273,9.399999618530273,9.399999618530273,9.399999618530273,0
2017-07-13,8.930000305175781,8.930000305175781,8.930000305175781,8.930000305175781,8.930000305175781,100
2017-07-14,8.930000305175781,8.930000305175781,8.930000305175781,8.930000305175781,8.930000305175781,0
2017-07-17,8.930000305175781,8.930000305175781,8.930000305175781,8.930000305175781,8.930000305175781,0
2017-07-18,8.930000305175781,8.930000305175781,8.930000305175781,8.930000305175781,8.930000305175781,0
2017-07-19,8.930000305175781,8.930000305175781,8.930000305175781,8.930000305175781,8.930000305175781,0
2017-07-20,8.930000305175781,8.930000305175781,8.930000305175781,8.930000305175781,8.930000305175781,0
2017-07-21,8.930000305175781,8.930000305175781,8.930000305175781,8.930000305175781,8.930000305175781,0
2017-07-24,8.930000305175781,8.930000305175781,8.930000305175781,8.930000305175781,8.930000305175781,0
2017-07-25,8.930000305175781,8.930000305175781,8.930000305175781,8.930000305175781,8.930000305175781,0
2017-07-26,8.5,8.5,8.5,8.5,8.5,50
2017-07-27,8.5,8.5,8.5,8.5,8.5,0
2017-07-28,8.5,8.5,8.5,8.5,8.5,360
2017-07-31,8.920000076293945,8.920000076293945,8.920000076293945,8.920000076293945,8.920000076293945,501
2017-08-01,9.300000190734863,9.359999656677246,8.5,9.359999656677246,9.359999656677246,800
2017-08-02,9.0,9.0,9.0,9.0,9.0,1706
2017-08-03,8.600000381469727,8.600000381469727,8.600000381469727,8.600000381469727,8.600000381469727,200
2017-08-04,8.600000381469727,9.029999732971191,8.600000381469727,9.029999732971191,9.029999732971191,600
2017-08-07,9.029999732971191,9.449999809265137,9.029999732971191,9.449999809265137,9.449999809265137,1000
2017-08-08,9.0,9.0,9.0,9.0,9.0,1100
2017-08-09,8.600000381469727,8.600000381469727,8.600000381469727,8.600000381469727,8.600000381469727,18
2017-08-10,9.0,9.029999732971191,9.0,9.029999732971191,9.029999732971191,600
2017-08-11,9.029999732971191,9.029999732971191,9.029999732971191,9.029999732971191,9.029999732971191,0
2017-08-14,9.029999732971191,9.029999732971191,9.029999732971191,9.029999732971191,9.029999732971191,0
2017-08-16,8.600000381469727,8.600000381469727,8.600000381469727,8.600000381469727,8.600000381469727,100
2017-08-17,8.649999618530273,8.649999618530273,8.649999618530273,8.649999618530273,8.649999618530273,400
2017-08-18,8.600000381469727,8.600000381469727,8.600000381469727,8.600000381469727,8.600000381469727,1212
2017-08-21,8.5,8.5,8.5,8.5,8.5,1700
2017-08-22,8.100000381469727,8.149999618530273,8.100000381469727,8.149999618530273,8.149999618530273,600
2017-08-23,7.800000190734863,7.809999942779541,7.800000190734863,7.809999942779541,7.809999942779541,101
2017-08-24,7.599999904632568,8.199999809265137,7.599999904632568,8.199999809265137,8.199999809265137,300
2017-08-28,8.109999656677246,8.109999656677246,8.109999656677246,8.109999656677246,8.109999656677246,275
2017-08-29,8.109999656677246,8.109999656677246,8.109999656677246,8.109999656677246,8.109999656677246,0
2017-08-30,8.510000228881836,8.510000228881836,7.849999904632568,8.510000228881836,8.510000228881836,3370
2017-08-31,8.100000381469727,8.100000381469727,8.100000381469727,8.100000381469727,8.100000381469727,450
2017-09-01,8.100000381469727,8.100000381469727,8.100000381469727,8.100000381469727,8.100000381469727,100
2017-09-04,8.0,8.050000190734863,8.0,8.050000190734863,8.050000190734863,1425
2017-09-05,8.0,8.0,8.0,8.0,8.0,300
2017-09-06,8.0,8.0,8.0,8.0,8.0,1128
2017-09-07,8.0,8.0,8.0,8.0,8.0,0
2017-09-08,8.0,8.0,8.0,8.0,8.0,0
2017-09-11,7.610000133514404,8.350000381469727,7.610000133514404,8.350000381469727,8.350000381469727,200
2017-09-12,8.760000228881836,8.760000228881836,8.760000228881836,8.760000228881836,8.760000228881836,100
2017-09-13,8.760000228881836,8.760000228881836,8.760000228881836,8.760000228881836,8.760000228881836,0
2017-09-14,8.760000228881836,8.760000228881836,8.760000228881836,8.760000228881836,8.760000228881836,0
2017-09-15,8.760000228881836,8.760000228881836,8.760000228881836,8.760000228881836,8.760000228881836,0
2017-09-18,8.760000228881836,8.760000228881836,8.760000228881836,8.760000228881836,8.760000228881836,0
2017-09-19,8.760000228881836,8.760000228881836,8.760000228881836,8.760000228881836,8.760000228881836,0
2017-09-20,8.760000228881836,8.760000228881836,8.760000228881836,8.760000228881836,8.760000228881836,0
2017-09-21,8.760000228881836,8.760000228881836,8.760000228881836,8.760000228881836,8.760000228881836,0
2017-09-22,8.989999771118164,8.989999771118164,8.989999771118164,8.989999771118164,8.989999771118164,266
2017-09-25,8.989999771118164,8.989999771118164,8.989999771118164,8.989999771118164,8.989999771118164,0
2017-09-26,8.989999771118164,8.989999771118164,8.989999771118164,8.989999771118164,8.989999771118164,0
2017-09-27,8.989999771118164,8.989999771118164,8.989999771118164,8.989999771118164,8.989999771118164,0
2017-09-28,8.989999771118164,8.989999771118164,8.989999771118164,8.989999771118164,8.989999771118164,0
2017-09-29,8.989999771118164,8.989999771118164,8.989999771118164,8.989999771118164,8.989999771118164,0
2017-10-03,8.989999771118164,8.989999771118164,8.989999771118164,8.989999771118164,8.989999771118164,0
2017-10-04,8.989999771118164,8.989999771118164,8.989999771118164,8.989999771118164,8.989999771118164,0
2017-10-05,8.989999771118164,8.989999771118164,8.989999771118164,8.989999771118164,8.989999771118164,0
2017-10-06,8.989999771118164,8.989999771118164,8.989999771118164,8.989999771118164,8.989999771118164,0
2017-10-09,8.989999771118164,8.989999771118164,8.989999771118164,8.989999771118164,8.989999771118164,0
2017-10-10,8.989999771118164,8.989999771118164,8.989999771118164,8.989999771118164,8.989999771118164,0
2017-10-11,8.989999771118164,8.989999771118164,8.989999771118164,8.989999771118164,8.989999771118164,0
2017-10-12,8.989999771118164,8.989999771118164,8.989999771118164,8.989999771118164,8.989999771118164,0
2017-10-13,8.989999771118164,8.989999771118164,8.989999771118164,8.989999771118164,8.989999771118164,0
2017-10-16,8.989999771118164,8.989999771118164,8.989999771118164,8.989999771118164,8.989999771118164,0
2017-10-17,8.989999771118164,8.989999771118164,8.989999771118164,8.989999771118164,8.989999771118164,0
2017-10-18,8.550000190734863,8.550000190734863,8.550000190734863,8.550000190734863,8.550000190734863,100
2017-10-19,8.550000190734863,8.550000190734863,8.550000190734863,8.550000190734863,8.550000190734863,0
2017-10-23,8.550000190734863,8.550000190734863,8.550000190734863,8.550000190734863,8.550000190734863,0
2017-10-24,8.970000267028809,8.970000267028809,8.970000267028809,8.970000267028809,8.970000267028809,250
2017-10-25,8.970000267028809,8.970000267028809,8.970000267028809,8.970000267028809,8.970000267028809,200
2017-10-26,8.970000267028809,8.970000267028809,8.970000267028809,8.970000267028809,8.970000267028809,0
2017-10-27,8.970000267028809,8.970000267028809,8.970000267028809,8.970000267028809,8.970000267028809,0
2017-10-30,8.970000267028809,8.970000267028809,8.970000267028809,8.970000267028809,8.970000267028809,0
2017-10-31,8.970000267028809,8.970000267028809,8.970000267028809,8.970000267028809,8.970000267028809,0
2017-11-01,8.970000267028809,8.970000267028809,8.970000267028809,8.970000267028809,8.970000267028809,0
2017-11-02,9.0,9.0,9.0,9.0,9.0,100
2017-11-03,9.449999809265137,9.449999809265137,9.449999809265137,9.449999809265137,9.449999809265137,250
2017-11-06,9.449999809265137,9.449999809265137,9.449999809265137,9.449999809265137,9.449999809265137,100
2017-11-07,9.920000076293945,9.920000076293945,9.920000076293945,9.920000076293945,9.920000076293945,50
2017-11-08,9.920000076293945,9.920000076293945,9.920000076293945,9.920000076293945,9.920000076293945,0
2017-11-09,9.920000076293945,9.920000076293945,9.920000076293945,9.920000076293945,9.920000076293945,0
2017-11-10,9.920000076293945,9.920000076293945,9.920000076293945,9.920000076293945,9.920000076293945,0
2017-11-13,10.399999618530273,10.399999618530273,10.399999618530273,10.399999618530273,10.399999618530273,100
2017-11-14,10.899999618530273,10.920000076293945,10.899999618530273,10.920000076293945,10.920000076293945,866
2017-11-15,11.460000038146973,11.460000038146973,11.460000038146973,11.460000038146973,11.460000038146973,645
2017-11-16,11.460000038146973,12.0,11.460000038146973,12.0,12.0,300
2017-11-17,12.0,12.0,12.0,12.0,12.0,200
2017-11-20,12.0,12.0,11.800000190734863,11.800000190734863,11.800000190734863,500
2017-11-21,11.800000190734863,12.350000381469727,11.800000190734863,12.350000381469727,12.350000381469727,501
2017-11-22,12.899999618530273,12.899999618530273,12.899999618530273,12.899999618530273,12.899999618530273,400
2017-11-23,12.899999618530273,13.399999618530273,12.899999618530273,13.399999618530273,13.399999618530273,800
2017-11-24,13.399999618530273,13.5,13.399999618530273,13.399999618530273,13.399999618530273,800
2017-11-27,13.399999618530273,13.399999618530273,12.899999618530273,13.0,13.0,1070
2017-11-28,13.0,13.399999618530273,13.0,13.399999618530273,13.399999618530273,2500
2017-11-29,13.399999618530273,13.399999618530273,13.399999618530273,13.399999618530273,13.399999618530273,0
2017-11-30,13.399999618530273,13.399999618530273,13.399999618530273,13.399999618530273,13.399999618530273,0
2017-12-01,13.399999618530273,13.449999809265137,13.399999618530273,13.399999618530273,13.399999618530273,600
2017-12-04,13.399999618530273,13.399999618530273,13.399999618530273,13.399999618530273,13.399999618530273,1400
2017-12-05,13.0,13.399999618530273,13.0,13.25,13.25,555
2017-12-06,13.25,13.25,13.25,13.25,13.25,0
2017-12-07,13.899999618530273,13.90999984741211,13.449999809265137,13.800000190734863,13.800000190734863,1480
2017-12-08,13.109999656677246,13.989999771118164,13.109999656677246,13.989999771118164,13.989999771118164,199100
2017-12-11,14.680000305175781,14.680000305175781,14.680000305175781,14.680000305175781,14.680000305175781,9400
2017-12-12,14.0,14.680000305175781,14.0,14.680000305175781,14.680000305175781,200
2017-12-13,15.350000381469727,15.350000381469727,15.350000381469727,15.350000381469727,15.350000381469727,2523
2017-12-14,15.350000381469727,15.369999885559082,15.350000381469727,15.369999885559082,15.369999885559082,5530
2017-12-15,15.369999885559082,15.369999885559082,15.369999885559082,15.369999885559082,15.369999885559082,0
2017-12-18,15.369999885559082,15.369999885559082,15.369999885559082,15.369999885559082,15.369999885559082,0
2017-12-19,15.369999885559082,15.369999885559082,15.369999885559082,15.369999885559082,15.369999885559082,0
2017-12-20,15.369999885559082,15.369999885559082,15.369999885559082,15.369999885559082,15.369999885559082,0
2017-12-21,15.369999885559082,15.369999885559082,15.369999885559082,15.369999885559082,15.369999885559082,0
2017-12-22,15.369999885559082,15.369999885559082,15.369999885559082,15.369999885559082,15.369999885559082,0
2017-12-26,15.369999885559082,15.369999885559082,15.369999885559082,15.369999885559082,15.369999885559082,0
2017-12-27,15.369999885559082,15.369999885559082,15.369999885559082,15.369999885559082,15.369999885559082,0
2017-12-28,15.369999885559082,15.369999885559082,15.369999885559082,15.369999885559082,15.369999885559082,0
2017-12-29,15.369999885559082,15.369999885559082,15.369999885559082,15.369999885559082,15.369999885559082,0
2018-01-01,15.369999885559082,15.369999885559082,15.369999885559082,15.369999885559082,15.369999885559082,0
2018-01-02,15.369999885559082,15.369999885559082,15.369999885559082,15.369999885559082,15.369999885559082,0
2018-01-03,15.369999885559082,15.369999885559082,15.369999885559082,15.369999885559082,15.369999885559082,0
2018-01-04,15.369999885559082,15.369999885559082,15.369999885559082,15.369999885559082,15.369999885559082,0
2018-01-05,15.369999885559082,15.369999885559082,15.369999885559082,15.369999885559082,15.369999885559082,0
2018-01-08,15.350000381469727,15.350000381469727,14.75,14.75,14.75,1000
2018-01-09,14.75,14.75,14.75,14.75,14.75,0
2018-01-10,14.75,14.75,14.75,14.75,14.75,0
2018-01-11,14.75,14.75,14.75,14.75,14.75,0
2018-01-12,14.75,14.75,14.75,14.75,14.75,0
2018-01-15,14.75,15.479999542236328,14.020000457763672,14.3100004196167,14.3100004196167,5000
2018-01-16,14.3100004196167,14.3100004196167,14.3100004196167,14.3100004196167,14.3100004196167,0
2018-01-17,14.3100004196167,14.3100004196167,14.3100004196167,14.3100004196167,14.3100004196167,0
2018-01-18,14.3100004196167,14.3100004196167,14.3100004196167,14.3100004196167,14.3100004196167,0
2018-01-19,14.3100004196167,14.3100004196167,14.3100004196167,14.3100004196167,14.3100004196167,0
2018-01-22,15.0,15.0,13.649999618530273,13.649999618530273,13.649999618530273,600
2018-01-23,13.649999618530273,13.649999618530273,13.649999618530273,13.649999618530273,13.649999618530273,0
2018-01-24,13.649999618530273,13.649999618530273,13.649999618530273,13.649999618530273,13.649999618530273,0
2018-01-25,13.649999618530273,13.649999618530273,13.649999618530273,13.649999618530273,13.649999618530273,0
2018-01-29,13.050000190734863,13.050000190734863,12.970000267028809,13.0,13.0,3500
2018-01-30,13.0,13.0,13.0,13.0,13.0,0
2018-01-31,13.0,13.0,13.0,13.0,13.0,0
2018-02-01,13.0,13.0,13.0,13.0,13.0,0
2018-02-02,13.0,13.0,13.0,13.0,13.0,0
2018-02-05,12.350000381469727,12.350000381469727,12.350000381469727,12.350000381469727,12.350000381469727,400
2018-02-06,12.350000381469727,12.350000381469727,12.350000381469727,12.350000381469727,12.350000381469727,0
2018-02-07,12.350000381469727,12.350000381469727,12.350000381469727,12.350000381469727,12.350000381469727,0
2018-02-08,12.350000381469727,12.350000381469727,12.350000381469727,12.350000381469727,12.350000381469727,0
2018-02-09,12.350000381469727,12.350000381469727,12.350000381469727,12.350000381469727,12.350000381469727,0
2018-02-12,11.739999771118164,12.960000038146973,11.739999771118164,12.960000038146973,12.960000038146973,157
2018-02-14,12.960000038146973,12.960000038146973,12.960000038146973,12.960000038146973,12.960000038146973,0
2018-02-15,12.960000038146973,12.960000038146973,12.960000038146973,12.960000038146973,12.960000038146973,0
2018-02-16,12.960000038146973,12.960000038146973,12.960000038146973,12.960000038146973,12.960000038146973,0
2018-02-19,12.319999694824219,12.319999694824219,12.319999694824219,12.319999694824219,12.319999694824219,859
2018-02-20,12.319999694824219,12.319999694824219,12.319999694824219,12.319999694824219,12.319999694824219,0
2018-02-21,12.319999694824219,12.319999694824219,12.319999694824219,12.319999694824219,12.319999694824219,0
2018-02-22,12.319999694824219,12.319999694824219,12.319999694824219,12.319999694824219,12.319999694824219,0
2018-02-23,12.319999694824219,12.319999694824219,12.319999694824219,12.319999694824219,12.319999694824219,0
2018-02-26,11.710000038146973,11.710000038146973,11.710000038146973,11.710000038146973,11.710000038146973,200
2018-02-27,11.710000038146973,11.710000038146973,11.710000038146973,11.710000038146973,11.710000038146973,0
2018-02-28,11.710000038146973,11.710000038146973,11.710000038146973,11.710000038146973,11.710000038146973,0
2018-03-01,11.710000038146973,11.710000038146973,11.710000038146973,11.710000038146973,11.710000038146973,0
2018-03-05,11.130000114440918,11.130000114440918,11.130000114440918,11.130000114440918,11.130000114440918,300
2018-03-06,11.130000114440918,11.130000114440918,11.130000114440918,11.130000114440918,11.130000114440918,0
2018-03-07,11.130000114440918,11.130000114440918,11.130000114440918,11.130000114440918,11.130000114440918,0
2018-03-08,11.130000114440918,11.130000114440918,11.130000114440918,11.130000114440918,11.130000114440918,0
2018-03-09,11.130000114440918,11.130000114440918,11.130000114440918,11.130000114440918,11.130000114440918,0
2018-03-12,11.130000114440918,11.130000114440918,11.130000114440918,11.130000114440918,11.130000114440918,0
2018-03-13,11.130000114440918,11.130000114440918,11.130000114440918,11.130000114440918,11.130000114440918,0
2018-03-14,11.130000114440918,11.130000114440918,11.130000114440918,11.130000114440918,11.130000114440918,0
2018-03-15,11.130000114440918,11.130000114440918,11.130000114440918,11.130000114440918,11.130000114440918,0
2018-03-16,11.130000114440918,11.130000114440918,11.130000114440918,11.130000114440918,11.130000114440918,0
2018-03-19,11.130000114440918,11.130000114440918,11.130000114440918,11.130000114440918,11.130000114440918,0
2018-03-20,11.130000114440918,11.130000114440918,11.130000114440918,11.130000114440918,11.130000114440918,0
2018-03-21,11.130000114440918,11.130000114440918,11.130000114440918,11.130000114440918,11.130000114440918,0
2018-03-22,11.130000114440918,11.130000114440918,11.130000114440918,11.130000114440918,11.130000114440918,0
2018-03-23,11.130000114440918,11.130000114440918,11.130000114440918,11.130000114440918,11.130000114440918,0
2018-03-26,10.600000381469727,10.600000381469727,10.600000381469727,10.600000381469727,10.600000381469727,100
2018-03-27,10.600000381469727,10.600000381469727,10.600000381469727,10.600000381469727,10.600000381469727,0
2018-03-28,10.600000381469727,10.600000381469727,10.600000381469727,10.600000381469727,10.600000381469727,0
2018-04-02,11.0,11.0,11.0,11.0,11.0,35
2018-04-03,11.0,11.0,11.0,11.0,11.0,0
2018-04-04,11.0,11.0,11.0,11.0,11.0,0
2018-04-05,11.0,11.0,11.0,11.0,11.0,0
2018-04-06,11.0,11.0,11.0,11.0,11.0,0
2018-04-09,11.25,11.300000190734863,10.449999809265137,10.449999809265137,10.449999809265137,540
2018-04-10,10.449999809265137,10.449999809265137,10.449999809265137,10.449999809265137,10.449999809265137,0
2018-04-11,10.970000267028809,10.970000267028809,10.949999809265137,10.949999809265137,10.949999809265137,560
2018-04-12,11.25,11.25,11.25,11.25,11.25,300
2018-04-13,11.25,11.25,11.25,11.25,11.25,0
2018-04-16,11.550000190734863,11.550000190734863,11.550000190734863,11.550000190734863,11.550000190734863,100
2018-04-17,12.0,12.0,11.550000190734863,11.850000381469727,11.850000381469727,300
2018-04-18,12.4399995803833,12.4399995803833,11.300000190734863,11.90999984741211,11.90999984741211,550
2018-04-19,11.75,11.75,11.75,11.75,11.75,271
2018-04-20,11.75,11.75,11.75,11.75,11.75,0
2018-04-23,11.75,11.75,11.75,11.75,11.75,250
2018-04-24,11.850000381469727,12.0,11.850000381469727,11.949999809265137,11.949999809265137,600
2018-04-25,11.550000190734863,11.550000190734863,11.550000190734863,11.550000190734863,11.550000190734863,100
2018-04-26,12.050000190734863,12.050000190734863,12.050000190734863,12.050000190734863,12.050000190734863,100
2018-04-27,12.050000190734863,12.050000190734863,12.050000190734863,12.050000190734863,12.050000190734863,0
2018-04-30,12.25,12.649999618530273,11.949999809265137,12.649999618530273,12.649999618530273,450
2018-05-02,12.649999618530273,12.649999618530273,12.649999618530273,12.649999618530273,12.649999618530273,0
2018-05-03,12.75,13.149999618530273,12.75,12.850000381469727,12.850000381469727,360
2018-05-04,12.210000038146973,13.449999809265137,12.210000038146973,13.4399995803833,13.4399995803833,305
2018-05-07,13.149999618530273,13.899999618530273,13.149999618530273,13.899999618530273,13.899999618530273,210
2018-05-08,14.25,14.5,13.75,14.0,14.0,750
2018-05-09,14.050000190734863,14.050000190734863,14.050000190734863,14.050000190734863,14.050000190734863,50
2018-05-10,14.25,14.25,14.25,14.25,14.25,100
2018-05-11,14.75,14.75,14.25,14.699999809265137,14.699999809265137,250
2018-05-14,15.100000381469727,15.100000381469727,14.350000381469727,15.100000381469727,15.100000381469727,750
2018-05-15,15.600000381469727,15.600000381469727,14.350000381469727,15.130000114440918,15.130000114440918,850
2018-05-16,15.850000381469727,15.850000381469727,14.850000381469727,15.649999618530273,15.649999618530273,595
2018-05-17,15.850000381469727,16.200000762939453,15.850000381469727,16.200000762939453,16.200000762939453,125
2018-05-18,16.700000762939453,16.850000381469727,16.0,16.200000762939453,16.200000762939453,600
2018-05-21,17.0,17.010000228881836,16.25,16.399999618530273,16.399999618530273,1525
2018-05-22,17.100000381469727,17.100000381469727,15.649999618530273,16.450000762939453,16.450000762939453,1061
2018-05-23,17.149999618530273,17.149999618530273,15.699999809265137,15.699999809265137,15.699999809265137,325
2018-05-24,15.300000190734863,15.300000190734863,15.0,15.0,15.0,1200
2018-05-25,14.399999618530273,14.399999618530273,14.399999618530273,14.399999618530273,14.399999618530273,100
2018-05-28,14.0,14.0,13.800000190734863,13.880000114440918,13.880000114440918,250
2018-05-29,14.569999694824219,14.569999694824219,13.300000190734863,14.550000190734863,14.550000190734863,1551
2018-05-30,14.550000190734863,14.550000190734863,14.550000190734863,14.550000190734863,14.550000190734863,0
2018-05-31,15.229999542236328,15.270000457763672,15.229999542236328,15.270000457763672,15.270000457763672,225
2018-06-01,15.800000190734863,15.800000190734863,15.75,15.75,15.75,100
2018-06-04,16.049999237060547,16.049999237060547,15.75,15.75,15.75,126
2018-06-05,16.25,16.25,15.850000381469727,15.850000381469727,15.850000381469727,150
2018-06-06,16.0,16.549999237060547,15.149999618530273,16.049999237060547,16.049999237060547,1600
2018-06-07,16.450000762939453,16.450000762939453,16.200000762939453,16.200000762939453,16.200000762939453,100
2018-06-08,15.899999618530273,16.649999618530273,15.899999618530273,16.549999237060547,16.549999237060547,575
2018-06-11,17.350000381469727,17.350000381469727,16.25,17.0,17.0,625
2018-06-12,17.25,17.700000762939453,17.25,17.700000762939453,17.700000762939453,200
2018-06-13,18.350000381469727,18.350000381469727,17.75,18.25,18.25,1057
2018-06-14,19.049999237060547,19.049999237060547,18.399999618530273,18.75,18.75,150
2018-06-15,18.75,18.75,18.75,18.75,18.75,0
2018-06-18,18.75,18.75,18.75,18.75,18.75,0
2018-06-19,18.75,18.75,18.75,18.75,18.75,0
2018-06-20,18.75,18.75,18.75,18.75,18.75,0
2018-06-21,18.75,18.75,18.75,18.75,18.75,0
2018-06-22,18.75,18.75,18.75,18.75,18.75,0
2018-06-25,19.549999237060547,19.549999237060547,19.399999618530273,19.399999618530273,19.399999618530273,100
2018-06-26,19.399999618530273,19.399999618530273,19.399999618530273,19.399999618530273,19.399999618530273,0
2018-06-27,19.399999618530273,19.399999618530273,19.399999618530273,19.399999618530273,19.399999618530273,0
2018-06-28,19.399999618530273,19.399999618530273,19.399999618530273,19.399999618530273,19.399999618530273,0
2018-06-29,19.399999618530273,19.399999618530273,19.399999618530273,19.399999618530273,19.399999618530273,0
2018-07-02,19.950000762939453,20.350000381469727,18.5,19.350000381469727,19.350000381469727,1359
2018-07-03,19.350000381469727,19.350000381469727,19.350000381469727,19.350000381469727,19.350000381469727,0
2018-07-04,19.350000381469727,19.350000381469727,19.350000381469727,19.350000381469727,19.350000381469727,0
2018-07-05,19.350000381469727,19.350000381469727,19.350000381469727,19.350000381469727,19.350000381469727,0
2018-07-06,19.350000381469727,19.350000381469727,19.350000381469727,19.350000381469727,19.350000381469727,0
2018-07-09,19.950000762939453,20.25,18.399999618530273,19.700000762939453,19.700000762939453,3910
2018-07-10,19.700000762939453,19.700000762939453,19.700000762939453,19.700000762939453,19.700000762939453,0
2018-07-11,19.700000762939453,19.700000762939453,19.700000762939453,19.700000762939453,19.700000762939453,0
2018-07-12,19.700000762939453,19.700000762939453,19.700000762939453,19.700000762939453,19.700000762939453,0
2018-07-13,19.700000762939453,19.700000762939453,19.700000762939453,19.700000762939453,19.700000762939453,0
2018-07-16,20.549999237060547,20.549999237060547,18.75,18.75,18.75,1550
2018-07-17,18.75,18.75,18.75,18.75,18.75,0
2018-07-18,18.75,18.75,18.75,18.75,18.75,0
2018-07-19,18.75,18.75,18.75,18.75,18.75,0
2018-07-20,18.75,18.75,18.75,18.75,18.75,0
2018-07-23,19.549999237060547,19.649999618530273,17.899999618530273,17.899999618530273,17.899999618530273,1595
2018-07-24,17.899999618530273,17.899999618530273,17.899999618530273,17.899999618530273,17.899999618530273,0
2018-07-25,17.899999618530273,17.899999618530273,17.899999618530273,17.899999618530273,17.899999618530273,0
2018-07-26,17.899999618530273,17.899999618530273,17.899999618530273,17.899999618530273,17.899999618530273,0
2018-07-27,17.899999618530273,17.899999618530273,17.899999618530273,17.899999618530273,17.899999618530273,0
2018-07-30,17.100000381469727,17.899999618530273,17.049999237060547,17.350000381469727,17.350000381469727,1882
2018-07-31,17.350000381469727,17.350000381469727,17.350000381469727,17.350000381469727,17.350000381469727,0
2018-08-01,17.350000381469727,17.350000381469727,17.350000381469727,17.350000381469727,17.350000381469727,0
2018-08-02,17.350000381469727,17.350000381469727,17.350000381469727,17.350000381469727,17.350000381469727,0
2018-08-03,17.350000381469727,17.350000381469727,17.350000381469727,17.350000381469727,17.350000381469727,0
2018-08-06,18.200000762939453,18.200000762939453,16.5,17.799999237060547,17.799999237060547,2258
2018-08-07,17.799999237060547,17.799999237060547,17.799999237060547,17.799999237060547,17.799999237060547,0
2018-08-08,17.799999237060547,17.799999237060547,17.799999237060547,17.799999237060547,17.799999237060547,0
2018-08-09,17.799999237060547,17.799999237060547,17.799999237060547,17.799999237060547,17.799999237060547,0
2018-08-10,17.799999237060547,17.799999237060547,17.799999237060547,17.799999237060547,17.799999237060547,0
2018-08-13,17.899999618530273,18.450000762939453,16.950000762939453,16.950000762939453,16.950000762939453,1475
2018-08-14,16.950000762939453,16.950000762939453,16.950000762939453,16.950000762939453,16.950000762939453,0
2018-08-16,16.950000762939453,16.950000762939453,16.950000762939453,16.950000762939453,16.950000762939453,0
2018-08-17,16.950000762939453,16.950000762939453,16.950000762939453,16.950000762939453,16.950000762939453,0
2018-08-20,16.149999618530273,17.0,16.149999618530273,16.450000762939453,16.450000762939453,1110
2018-08-21,16.450000762939453,16.450000762939453,16.450000762939453,16.450000762939453,16.450000762939453,0
2018-08-23,16.450000762939453,16.450000762939453,16.450000762939453,16.450000762939453,16.450000762939453,0
2018-08-24,16.450000762939453,16.450000762939453,16.450000762939453,16.450000762939453,16.450000762939453,0
2018-08-27,17.149999618530273,17.149999618530273,15.649999618530273,15.649999618530273,15.649999618530273,1595
2018-08-28,15.649999618530273,15.649999618530273,15.649999618530273,15.649999618530273,15.649999618530273,0
2018-08-29,15.649999618530273,15.649999618530273,15.649999618530273,15.649999618530273,15.649999618530273,0
2018-08-30,15.649999618530273,15.649999618530273,15.649999618530273,15.649999618530273,15.649999618530273,0
2018-08-31,15.649999618530273,15.649999618530273,15.649999618530273,15.649999618530273,15.649999618530273,0
2018-09-03,16.200000762939453,16.200000762939453,14.899999618530273,15.899999618530273,15.899999618530273,967
2018-09-04,15.899999618530273,15.899999618530273,15.899999618530273,15.899999618530273,15.899999618530273,0
2018-09-05,15.899999618530273,15.899999618530273,15.899999618530273,15.899999618530273,15.899999618530273,0
2018-09-06,15.899999618530273,15.899999618530273,15.899999618530273,15.899999618530273,15.899999618530273,0
2018-09-07,15.899999618530273,15.899999618530273,15.899999618530273,15.899999618530273,15.899999618530273,0
2018-09-10,15.5,16.450000762939453,15.5,16.200000762939453,16.200000762939453,350
2018-09-11,16.200000762939453,16.200000762939453,16.200000762939453,16.200000762939453,16.200000762939453,0
2018-09-12,16.200000762939453,16.200000762939453,16.200000762939453,16.200000762939453,16.200000762939453,0
2018-09-14,16.200000762939453,16.200000762939453,16.200000762939453,16.200000762939453,16.200000762939453,0
2018-09-17,17.0,17.0,16.600000381469727,16.950000762939453,16.950000762939453,605
2018-09-18,16.950000762939453,16.950000762939453,16.950000762939453,16.950000762939453,16.950000762939453,0
2018-09-19,16.950000762939453,16.950000762939453,16.950000762939453,16.950000762939453,16.950000762939453,0
2018-09-21,16.950000762939453,16.950000762939453,16.950000762939453,16.950000762939453,16.950000762939453,0
2018-09-24,17.75,17.75,17.75,17.75,17.75,100
2018-09-25,17.75,17.75,17.75,17.75,17.75,0
2018-09-26,17.75,17.75,17.75,17.75,17.75,0
2018-09-27,17.75,17.75,17.75,17.75,17.75,0
2018-09-28,17.75,17.75,17.75,17.75,17.75,0
2018-10-01,16.899999618530273,18.600000381469727,16.899999618530273,18.299999237060547,18.299999237060547,1550
2018-10-03,18.299999237060547,18.299999237060547,18.299999237060547,18.299999237060547,18.299999237060547,0
2018-10-04,18.299999237060547,18.299999237060547,18.299999237060547,18.299999237060547,18.299999237060547,0
2018-10-05,18.299999237060547,18.299999237060547,18.299999237060547,18.299999237060547,18.299999237060547,0
2018-10-08,17.399999618530273,19.049999237060547,17.399999618530273,18.450000762939453,18.450000762939453,703
2018-10-09,18.450000762939453,18.450000762939453,18.450000762939453,18.450000762939453,18.450000762939453,0
2018-10-10,18.450000762939453,18.450000762939453,18.450000762939453,18.450000762939453,18.450000762939453,0
2018-10-11,18.450000762939453,18.450000762939453,18.450000762939453,18.450000762939453,18.450000762939453,0
2018-10-12,19.350000381469727,19.350000381469727,17.549999237060547,19.200000762939453,19.200000762939453,1303
2018-10-15,19.200000762939453,20.149999618530273,18.25,19.950000762939453,19.950000762939453,717
2018-10-16,20.899999618530273,20.899999618530273,19.950000762939453,19.950000762939453,19.950000762939453,400
2018-10-17,20.899999618530273,20.899999618530273,19.0,20.049999237060547,20.049999237060547,930
2018-10-19,21.0,21.0,19.5,20.799999237060547,20.799999237060547,450
2018-10-22,20.799999237060547,21.799999237060547,19.799999237060547,21.549999237060547,21.549999237060547,3818
2018-10-23,21.549999237060547,21.549999237060547,21.549999237060547,21.549999237060547,21.549999237060547,0
2018-10-24,21.549999237060547,21.549999237060547,21.549999237060547,21.549999237060547,21.549999237060547,0
2018-10-25,21.549999237060547,21.549999237060547,21.549999237060547,21.549999237060547,21.549999237060547,0
2018-10-26,21.549999237060547,21.549999237060547,21.549999237060547,21.549999237060547,21.549999237060547,0
2018-10-29,22.450000762939453,22.600000381469727,20.5,20.600000381469727,20.600000381469727,1675
2018-10-30,20.600000381469727,20.600000381469727,20.600000381469727,20.600000381469727,20.600000381469727,0
2018-10-31,20.600000381469727,20.600000381469727,20.600000381469727,20.600000381469727,20.600000381469727,0
2018-11-01,20.600000381469727,20.600000381469727,20.600000381469727,20.600000381469727,20.600000381469727,0
2018-11-02,20.600000381469727,20.600000381469727,20.600000381469727,20.600000381469727,20.600000381469727,0
2018-11-05,21.700000762939453,22.0,20.049999237060547,21.899999618530273,21.899999618530273,2300
2018-11-06,21.899999618530273,21.899999618530273,21.899999618530273,21.899999618530273,21.899999618530273,0
2018-11-07,21.899999618530273,21.899999618530273,21.899999618530273,21.899999618530273,21.899999618530273,0
2018-11-09,21.899999618530273,21.899999618530273,21.899999618530273,21.899999618530273,21.899999618530273,0
2018-11-12,22.350000381469727,22.5,20.850000381469727,21.850000381469727,21.850000381469727,1281
2018-11-13,21.850000381469727,21.850000381469727,21.850000381469727,21.850000381469727,21.850000381469727,0
2018-11-14,21.850000381469727,21.850000381469727,21.850000381469727,21.850000381469727,21.850000381469727,0
2018-11-15,21.850000381469727,21.850000381469727,21.850000381469727,21.850000381469727,21.850000381469727,0
2018-11-16,21.850000381469727,21.850000381469727,21.850000381469727,21.850000381469727,21.850000381469727,0
2018-11-19,22.549999237060547,22.75,20.799999237060547,21.649999618530273,21.649999618530273,1242
2018-11-20,21.649999618530273,21.649999618530273,21.649999618530273,21.649999618530273,21.649999618530273,0
2018-11-21,21.649999618530273,21.649999618530273,21.649999618530273,21.649999618530273,21.649999618530273,0
2018-11-22,21.649999618530273,21.649999618530273,21.649999618530273,21.649999618530273,21.649999618530273,0
2018-11-26,21.700000762939453,21.700000762939453,20.600000381469727,21.0,21.0,1708
2018-11-27,21.0,21.0,21.0,21.0,21.0,0
2018-11-28,21.0,21.0,21.0,21.0,21.0,0
2018-11-29,21.0,21.0,21.0,21.0,21.0,0
2018-11-30,21.0,21.0,21.0,21.0,21.0,0
2018-12-03,21.5,21.850000381469727,19.950000762939453,21.799999237060547,21.799999237060547,500
2018-12-04,21.799999237060547,21.799999237060547,21.799999237060547,21.799999237060547,21.799999237060547,0
2018-12-05,21.799999237060547,21.799999237060547,21.799999237060547,21.799999237060547,21.799999237060547,0
2018-12-06,21.799999237060547,21.799999237060547,21.799999237060547,21.799999237060547,21.799999237060547,0
2018-12-07,21.799999237060547,21.799999237060547,21.799999237060547,21.799999237060547,21.799999237060547,0
2018-12-10,21.600000381469727,21.600000381469727,20.549999237060547,20.549999237060547,20.549999237060547,2125
2018-12-11,20.549999237060547,20.549999237060547,20.549999237060547,20.549999237060547,20.549999237060547,0
2018-12-12,20.549999237060547,20.549999237060547,20.549999237060547,20.549999237060547,20.549999237060547,0
2018-12-13,20.549999237060547,20.549999237060547,20.549999237060547,20.549999237060547,20.549999237060547,0
2018-12-14,20.549999237060547,20.549999237060547,20.549999237060547,20.549999237060547,20.549999237060547,0
2018-12-17,19.549999237060547,19.549999237060547,19.549999237060547,19.549999237060547,19.549999237060547,400
2018-12-18,19.549999237060547,19.549999237060547,19.549999237060547,19.549999237060547,19.549999237060547,0
2018-12-19,19.549999237060547,19.549999237060547,19.549999237060547,19.549999237060547,19.549999237060547,0
2018-12-20,19.549999237060547,19.549999237060547,19.549999237060547,19.549999237060547,19.549999237060547,0
2018-12-21,19.549999237060547,19.549999237060547,19.549999237060547,19.549999237060547,19.549999237060547,0
2018-12-24,19.549999237060547,19.549999237060547,19.549999237060547,19.549999237060547,19.549999237060547,0
2018-12-26,19.549999237060547,19.549999237060547,19.549999237060547,19.549999237060547,19.549999237060547,0
2018-12-27,19.549999237060547,19.549999237060547,19.549999237060547,19.549999237060547,19.549999237060547,0
2018-12-28,19.549999237060547,19.549999237060547,19.549999237060547,19.549999237060547,19.549999237060547,0
2018-12-31,19.549999237060547,19.549999237060547,19.549999237060547,19.549999237060547,19.549999237060547,0
2019-01-01,19.549999237060547,19.549999237060547,19.549999237060547,19.549999237060547,19.549999237060547,0
2019-01-02,19.549999237060547,19.549999237060547,19.549999237060547,19.549999237060547,19.549999237060547,0
2019-01-03,19.549999237060547,19.549999237060547,19.549999237060547,19.549999237060547,19.549999237060547,0
2019-01-04,19.549999237060547,19.549999237060547,19.549999237060547,19.549999237060547,19.549999237060547,0
2019-01-07,19.549999237060547,19.549999237060547,19.549999237060547,19.549999237060547,19.549999237060547,0
2019-01-08,19.549999237060547,19.549999237060547,19.549999237060547,19.549999237060547,19.549999237060547,0
2019-01-09,19.549999237060547,19.549999237060547,19.549999237060547,19.549999237060547,19.549999237060547,0
2019-01-10,19.549999237060547,19.549999237060547,19.549999237060547,19.549999237060547,19.549999237060547,0
2019-01-11,19.549999237060547,19.549999237060547,19.549999237060547,19.549999237060547,19.549999237060547,0
2019-01-14,19.549999237060547,19.549999237060547,19.549999237060547,19.549999237060547,19.549999237060547,0
2019-01-15,19.549999237060547,19.549999237060547,19.549999237060547,19.549999237060547,19.549999237060547,0
2019-01-16,19.549999237060547,19.549999237060547,19.549999237060547,19.549999237060547,19.549999237060547,0
2019-01-17,19.549999237060547,19.549999237060547,19.549999237060547,19.549999237060547,19.549999237060547,0
2019-01-18,19.549999237060547,19.549999237060547,19.549999237060547,19.549999237060547,19.549999237060547,0
2019-01-21,19.549999237060547,19.549999237060547,19.549999237060547,19.549999237060547,19.549999237060547,0
2019-01-22,19.549999237060547,19.549999237060547,19.549999237060547,19.549999237060547,19.549999237060547,0
2019-01-23,19.549999237060547,19.549999237060547,19.549999237060547,19.549999237060547,19.549999237060547,0
2019-01-24,19.549999237060547,19.549999237060547,19.549999237060547,19.549999237060547,19.549999237060547,0
2019-01-25,19.549999237060547,19.549999237060547,19.549999237060547,19.549999237060547,19.549999237060547,0
2019-01-28,19.549999237060547,19.549999237060547,19.549999237060547,19.549999237060547,19.549999237060547,0
2019-01-29,19.549999237060547,19.549999237060547,19.549999237060547,19.549999237060547,19.549999237060547,0
2019-01-30,19.549999237060547,19.549999237060547,19.549999237060547,19.549999237060547,19.549999237060547,0
2019-01-31,19.549999237060547,19.549999237060547,19.549999237060547,19.549999237060547,19.549999237060547,0
2019-02-01,19.549999237060547,19.549999237060547,19.549999237060547,19.549999237060547,19.549999237060547,0
2019-02-04,13.800000190734863,14.5,13.800000190734863,14.5,14.5,2000
2019-02-05,14.5,14.5,14.5,14.5,14.5,0
2019-02-06,14.5,14.5,14.5,14.5,14.5,0
2019-02-07,14.5,14.5,14.5,14.5,14.5,0
2019-02-08,14.5,14.5,14.5,14.5,14.5,0
2019-02-11,13.350000381469727,14.25,13.350000381469727,14.25,14.25,1650
2019-02-12,14.25,14.25,14.25,14.25,14.25,0
2019-02-14,14.25,14.25,14.25,14.25,14.25,0
2019-02-15,14.25,14.25,14.25,14.25,14.25,0
2019-02-18,13.550000190734863,14.949999809265137,13.550000190734863,14.800000190734863,14.800000190734863,1560
2019-02-19,14.800000190734863,14.800000190734863,14.800000190734863,14.800000190734863,14.800000190734863,0
2019-02-20,14.800000190734863,14.800000190734863,14.800000190734863,14.800000190734863,14.800000190734863,0
2019-02-21,14.800000190734863,14.800000190734863,14.800000190734863,14.800000190734863,14.800000190734863,0
2019-02-22,14.800000190734863,14.800000190734863,14.800000190734863,14.800000190734863,14.800000190734863,0
2019-02-25,15.25,15.25,15.25,15.25,15.25,50
2019-02-26,15.25,15.25,15.25,15.25,15.25,0
2019-02-27,15.25,15.25,15.25,15.25,15.25,0
2019-02-28,15.25,15.25,15.25,15.25,15.25,0
2019-03-01,15.25,15.25,15.25,15.25,15.25,0
2019-03-05,16.0,16.0,14.5,15.75,15.75,805
2019-03-06,15.75,15.75,15.75,15.75,15.75,0
2019-03-07,15.75,15.75,15.75,15.75,15.75,0
2019-03-08,15.75,15.75,15.75,15.75,15.75,0
2019-03-11,16.25,16.5,15.0,16.5,16.5,1400
2019-03-12,16.5,16.5,16.5,16.5,16.5,0
2019-03-13,16.5,16.5,16.5,16.5,16.5,0
2019-03-14,16.5,16.5,16.5,16.5,16.5,0
2019-03-15,16.5,16.5,16.5,16.5,16.5,0
2019-03-18,16.200000762939453,16.950000762939453,15.699999809265137,16.700000762939453,16.700000762939453,1825
2019-03-19,16.700000762939453,16.700000762939453,16.700000762939453,16.700000762939453,16.700000762939453,0
2019-03-20,16.700000762939453,16.700000762939453,16.700000762939453,16.700000762939453,16.700000762939453,0
2019-03-22,16.700000762939453,16.700000762939453,16.700000762939453,16.700000762939453,16.700000762939453,0
2019-03-25,15.899999618530273,15.899999618530273,15.899999618530273,15.899999618530273,15.899999618530273,2055
2019-03-26,15.899999618530273,15.899999618530273,15.899999618530273,15.899999618530273,15.899999618530273,0
2019-03-27,15.899999618530273,15.899999618530273,15.899999618530273,15.899999618530273,15.899999618530273,0
2019-03-28,15.899999618530273,15.899999618530273,15.899999618530273,15.899999618530273,15.899999618530273,0
2019-04-01,15.149999618530273,16.25,15.149999618530273,16.25,16.25,980
2019-04-02,16.25,16.25,16.25,16.25,16.25,0
2019-04-03,16.25,16.25,16.25,16.25,16.25,0
2019-04-04,16.25,16.25,16.25,16.25,16.25,0
2019-04-05,16.25,16.25,16.25,16.25,16.25,0
2019-04-08,16.5,16.5,15.449999809265137,16.5,16.5,775
2019-04-09,16.5,16.5,16.5,16.5,16.5,0
2019-04-10,16.5,16.5,16.5,16.5,16.5,0
2019-04-11,16.5,16.5,16.5,16.5,16.5,0
2019-04-12,16.950000762939453,16.950000762939453,16.850000381469727,16.850000381469727,16.850000381469727,100
2019-04-15,16.049999237060547,16.75,16.049999237060547,16.75,16.75,1800
2019-04-16,15.949999809265137,15.949999809265137,15.949999809265137,15.949999809265137,15.949999809265137,500
2019-04-18,15.949999809265137,15.949999809265137,15.949999809265137,15.949999809265137,15.949999809265137,0
2019-04-22,15.199999809265137,16.5,15.199999809265137,16.5,16.5,600
2019-04-23,15.699999809265137,15.699999809265137,15.699999809265137,15.699999809265137,15.699999809265137,150
2019-04-24,15.699999809265137,15.699999809265137,15.699999809265137,15.699999809265137,15.699999809265137,0
2019-04-25,15.5,16.200000762939453,15.5,16.200000762939453,16.200000762939453,250
2019-04-26,16.200000762939453,16.200000762939453,16.200000762939453,16.200000762939453,16.200000762939453,0
2019-04-30,15.399999618530273,15.399999618530273,15.399999618530273,15.399999618530273,15.399999618530273,500
2019-05-02,15.399999618530273,15.399999618530273,15.399999618530273,15.399999618530273,15.399999618530273,0
2019-05-03,15.399999618530273,15.399999618530273,15.399999618530273,15.399999618530273,15.399999618530273,0
2019-05-06,15.399999618530273,15.399999618530273,15.399999618530273,15.399999618530273,15.399999618530273,0
2019-05-07,15.399999618530273,15.399999618530273,15.399999618530273,15.399999618530273,15.399999618530273,0
2019-05-08,15.399999618530273,15.399999618530273,15.399999618530273,15.399999618530273,15.399999618530273,0
2019-05-09,15.399999618530273,15.399999618530273,15.399999618530273,15.399999618530273,15.399999618530273,0
2019-05-10,15.399999618530273,15.399999618530273,15.399999618530273,15.399999618530273,15.399999618530273,0
2019-05-13,15.399999618530273,15.399999618530273,15.399999618530273,15.399999618530273,15.399999618530273,0
2019-05-14,15.399999618530273,15.399999618530273,15.399999618530273,15.399999618530273,15.399999618530273,0
2019-05-15,15.399999618530273,15.399999618530273,15.399999618530273,15.399999618530273,15.399999618530273,0
2019-05-16,15.399999618530273,15.399999618530273,15.399999618530273,15.399999618530273,15.399999618530273,0
2019-05-17,15.399999618530273,15.399999618530273,15.399999618530273,15.399999618530273,15.399999618530273,0
2019-05-20,14.649999618530273,14.649999618530273,14.649999618530273,14.649999618530273,14.649999618530273,500
2019-05-21,14.649999618530273,14.649999618530273,14.649999618530273,14.649999618530273,14.649999618530273,0
2019-05-22,14.649999618530273,14.649999618530273,14.649999618530273,14.649999618530273,14.649999618530273,0
2019-05-23,14.649999618530273,14.649999618530273,14.649999618530273,14.649999618530273,14.649999618530273,0
2019-05-24,14.649999618530273,14.649999618530273,14.649999618530273,14.649999618530273,14.649999618530273,0
2019-05-27,13.949999809265137,13.949999809265137,13.949999809265137,13.949999809265137,13.949999809265137,59
2019-05-28,13.949999809265137,13.949999809265137,13.949999809265137,13.949999809265137,13.949999809265137,0
2019-05-29,13.949999809265137,13.949999809265137,13.949999809265137,13.949999809265137,13.949999809265137,0
2019-05-30,13.949999809265137,13.949999809265137,13.949999809265137,13.949999809265137,13.949999809265137,0
2019-05-31,13.949999809265137,13.949999809265137,13.949999809265137,13.949999809265137,13.949999809265137,0
2019-06-03,13.260000228881836,13.260000228881836,13.260000228881836,13.260000228881836,13.260000228881836,100
2019-06-04,13.260000228881836,13.260000228881836,13.260000228881836,13.260000228881836,13.260000228881836,0
2019-06-06,13.260000228881836,13.260000228881836,13.260000228881836,13.260000228881836,13.260000228881836,0
2019-06-07,13.260000228881836,13.260000228881836,13.260000228881836,13.260000228881836,13.260000228881836,0
2019-06-10,12.600000381469727,12.600000381469727,12.600000381469727,12.600000381469727,12.600000381469727,300
2019-06-11,12.600000381469727,12.600000381469727,12.600000381469727,12.600000381469727,12.600000381469727,0
2019-06-12,12.600000381469727,12.600000381469727,12.600000381469727,12.600000381469727,12.600000381469727,0
2019-06-13,12.600000381469727,12.600000381469727,12.600000381469727,12.600000381469727,12.600000381469727,0
2019-06-14,12.600000381469727,12.600000381469727,12.600000381469727,12.600000381469727,12.600000381469727,0
2019-06-17,11.970000267028809,11.970000267028809,11.970000267028809,11.970000267028809,11.970000267028809,541
2019-06-18,11.970000267028809,11.970000267028809,11.970000267028809,11.970000267028809,11.970000267028809,0
2019-06-19,11.970000267028809,11.970000267028809,11.970000267028809,11.970000267028809,11.970000267028809,0
2019-06-20,11.970000267028809,11.970000267028809,11.970000267028809,11.970000267028809,11.970000267028809,0
2019-06-21,11.970000267028809,11.970000267028809,11.970000267028809,11.970000267028809,11.970000267028809,0
2019-06-24,11.970000267028809,11.970000267028809,11.970000267028809,11.970000267028809,11.970000267028809,0
2019-06-25,11.970000267028809,11.970000267028809,11.970000267028809,11.970000267028809,11.970000267028809,0
2019-06-26,11.970000267028809,11.970000267028809,11.970000267028809,11.970000267028809,11.970000267028809,0
2019-06-27,11.970000267028809,11.970000267028809,11.970000267028809,11.970000267028809,11.970000267028809,0
2019-06-28,11.970000267028809,11.970000267028809,11.970000267028809,11.970000267028809,11.970000267028809,0
2019-07-01,11.380000114440918,12.5600004196167,11.380000114440918,12.5600004196167,12.5600004196167,189
2019-07-02,12.5600004196167,12.5600004196167,12.5600004196167,12.5600004196167,12.5600004196167,0
2019-07-03,11.949999809265137,13.180000305175781,11.949999809265137,12.670000076293945,12.670000076293945,500
2019-07-04,12.670000076293945,12.670000076293945,12.670000076293945,12.670000076293945,12.670000076293945,0
2019-07-05,12.670000076293945,12.670000076293945,12.670000076293945,12.670000076293945,12.670000076293945,0
2019-07-08,12.039999961853027,12.039999961853027,12.039999961853027,12.039999961853027,12.039999961853027,550
2019-07-09,12.640000343322754,12.640000343322754,12.640000343322754,12.640000343322754,12.640000343322754,1
2019-07-10,12.75,13.270000457763672,12.75,13.239999771118164,13.239999771118164,415
2019-07-11,13.609999656677246,13.609999656677246,13.0,13.0,13.0,100
2019-07-12,13.640000343322754,13.640000343322754,12.350000381469727,13.449999809265137,13.449999809265137,300
2019-07-15,14.109999656677246,14.109999656677246,12.779999732971191,13.25,13.25,500
2019-07-16,13.649999618530273,13.649999618530273,13.649999618530273,13.649999618530273,13.649999618530273,100
2019-07-17,13.649999618530273,13.649999618530273,13.649999618530273,13.649999618530273,13.649999618530273,0
2019-07-18,13.649999618530273,13.649999618530273,13.649999618530273,13.649999618530273,13.649999618530273,0
2019-07-19,13.649999618530273,13.649999618530273,13.649999618530273,13.649999618530273,13.649999618530273,0
2019-07-22,13.649999618530273,13.649999618530273,13.649999618530273,13.649999618530273,13.649999618530273,0
2019-07-23,13.649999618530273,13.649999618530273,13.649999618530273,13.649999618530273,13.649999618530273,0
2019-07-24,13.649999618530273,13.649999618530273,13.649999618530273,13.649999618530273,13.649999618530273,0
2019-07-25,13.649999618530273,13.649999618530273,13.649999618530273,13.649999618530273,13.649999618530273,0
2019-07-26,13.649999618530273,14.300000190734863,13.649999618530273,13.800000190734863,13.800000190734863,375
2019-07-29,13.109999656677246,13.899999618530273,13.109999656677246,13.109999656677246,13.109999656677246,551
2019-07-30,13.75,13.75,13.75,13.75,13.75,55
2019-07-31,13.75,13.75,13.75,13.75,13.75,0
2019-08-01,13.75,13.75,13.75,13.75,13.75,0
2019-08-02,13.75,13.75,13.75,13.75,13.75,175
2019-08-05,13.75,13.75,13.75,13.75,13.75,0
2019-08-06,13.75,13.75,13.75,13.75,13.75,0
2019-08-07,13.75,13.75,13.75,13.75,13.75,0
2019-08-08,13.75,13.75,13.75,13.75,13.75,50
2019-08-09,13.75,13.75,13.75,13.75,13.75,0
2019-08-13,13.069999694824219,13.850000381469727,13.069999694824219,13.850000381469727,13.850000381469727,146
2019-08-14,13.850000381469727,13.850000381469727,13.850000381469727,13.850000381469727,13.850000381469727,0
2019-08-16,14.050000190734863,14.050000190734863,14.050000190734863,14.050000190734863,14.050000190734863,1
2019-08-19,14.350000381469727,14.350000381469727,13.350000381469727,13.350000381469727,13.350000381469727,919
2019-08-20,13.350000381469727,13.350000381469727,13.350000381469727,13.350000381469727,13.350000381469727,0
2019-08-21,13.350000381469727,13.350000381469727,13.350000381469727,13.350000381469727,13.350000381469727,0
2019-08-22,13.350000381469727,13.350000381469727,13.350000381469727,13.350000381469727,13.350000381469727,0
2019-08-23,12.6899995803833,14.010000228881836,12.6899995803833,14.010000228881836,14.010000228881836,149
2019-08-26,14.649999618530273,14.649999618530273,14.649999618530273,14.649999618530273,14.649999618530273,27
2019-08-27,14.649999618530273,14.649999618530273,14.649999618530273,14.649999618530273,14.649999618530273,0
2019-08-28,14.649999618530273,14.649999618530273,14.649999618530273,14.649999618530273,14.649999618530273,0
2019-08-29,14.789999961853027,15.0,14.789999961853027,15.0,15.0,204
2019-08-30,15.0,15.0,15.0,15.0,15.0,0
2019-09-03,14.25,15.75,14.25,15.5600004196167,15.5600004196167,2210
2019-09-04,15.5600004196167,15.5600004196167,15.5600004196167,15.5600004196167,15.5600004196167,0
2019-09-05,15.5600004196167,15.5600004196167,15.5600004196167,15.5600004196167,15.5600004196167,0
2019-09-06,15.5600004196167,15.5600004196167,15.5600004196167,15.5600004196167,15.5600004196167,0
2019-09-09,14.800000190734863,16.200000762939453,14.800000190734863,16.049999237060547,16.049999237060547,315
2019-09-11,15.25,16.850000381469727,15.25,16.510000228881836,16.510000228881836,1100
2019-09-12,16.0,17.329999923706055,15.699999809265137,16.549999237060547,16.549999237060547,650
2019-09-13,16.850000381469727,16.850000381469727,16.75,16.850000381469727,16.850000381469727,285
2019-09-16,17.350000381469727,17.549999237060547,16.049999237060547,17.549999237060547,17.549999237060547,225
2019-09-17,17.549999237060547,18.420000076293945,17.299999237060547,17.420000076293945,17.420000076293945,2486
2019-09-18,18.149999618530273,18.290000915527344,16.549999237060547,17.950000762939453,17.950000762939453,1510
2019-09-19,18.75,18.75,17.100000381469727,18.0,18.0,1085
2019-09-20,18.549999237060547,18.799999237060547,17.100000381469727,18.559999465942383,18.559999465942383,936
2019-09-23,17.899999618530273,19.479999542236328,17.899999618530273,18.0,18.0,1500
2019-09-24,17.100000381469727,18.649999618530273,17.100000381469727,18.649999618530273,18.649999618530273,401
2019-09-25,18.649999618530273,18.649999618530273,18.649999618530273,18.649999618530273,18.649999618530273,0
2019-09-26,19.299999237060547,19.299999237060547,19.299999237060547,19.299999237060547,19.299999237060547,100
2019-09-27,19.299999237060547,19.299999237060547,19.299999237060547,19.299999237060547,19.299999237060547,0
2019-09-30,19.299999237060547,19.299999237060547,19.299999237060547,19.299999237060547,19.299999237060547,0
2019-10-01,18.350000381469727,20.25,18.350000381469727,19.299999237060547,19.299999237060547,2798
2019-10-03,18.350000381469727,18.350000381469727,18.350000381469727,18.350000381469727,18.350000381469727,200
2019-10-04,18.0,18.350000381469727,17.450000762939453,18.350000381469727,18.350000381469727,202
2019-10-07,17.450000762939453,18.75,17.450000762939453,17.450000762939453,17.450000762939453,270
2019-10-09,16.700000762939453,18.299999237060547,16.600000381469727,17.549999237060547,17.549999237060547,2883
2019-10-10,18.350000381469727,18.350000381469727,18.149999618530273,18.25,18.25,50
2019-10-11,19.0,19.149999618530273,17.450000762939453,18.850000381469727,18.850000381469727,2215
2019-10-14,18.049999237060547,19.75,18.049999237060547,19.649999618530273,19.649999618530273,370
2019-10-15,19.200000762939453,20.600000381469727,18.75,20.600000381469727,20.600000381469727,1111
2019-10-16,21.549999237060547,21.600000381469727,20.100000381469727,21.100000381469727,21.100000381469727,1090
2019-10-17,22.0,22.149999618530273,20.299999237060547,22.0,22.0,2000
2019-10-18,23.0,23.0,21.0,21.5,21.5,3183
2019-10-22,21.0,22.549999237060547,20.5,22.5,22.5,1909
2019-10-23,23.450000762939453,23.450000762939453,21.399999618530273,23.350000381469727,23.350000381469727,1740
2019-10-24,24.450000762939453,24.450000762939453,22.200000762939453,22.200000762939453,22.200000762939453,905
2019-10-25,22.0,23.200000762939453,22.0,23.200000762939453,23.200000762939453,75
2019-10-29,24.200000762939453,25.0,24.200000762939453,24.950000762939453,24.950000762939453,290
2019-10-30,26.0,26.149999618530273,24.0,25.200000762939453,25.200000762939453,1159
2019-10-31,26.450000762939453,26.450000762939453,23.950000762939453,25.299999237060547,25.299999237060547,1480
2019-11-01,26.149999618530273,26.149999618530273,24.100000381469727,25.899999618530273,25.899999618530273,170
2019-11-04,24.649999618530273,26.049999237060547,24.649999618530273,24.649999618530273,24.649999618530273,216
2019-11-05,23.850000381469727,23.850000381469727,23.799999237060547,23.799999237060547,23.799999237060547,600
2019-11-06,22.799999237060547,24.450000762939453,22.799999237060547,24.450000762939453,24.450000762939453,125
2019-11-07,24.75,24.899999618530273,23.25,24.299999237060547,24.299999237060547,340
2019-11-08,24.850000381469727,25.200000762939453,23.25,23.899999618530273,23.899999618530273,1000
2019-11-11,24.549999237060547,24.549999237060547,23.0,23.0,23.0,150
2019-11-13,23.950000762939453,24.149999618530273,23.950000762939453,24.149999618530273,24.149999618530273,50
2019-11-14,22.950000762939453,22.950000762939453,22.950000762939453,22.950000762939453,22.950000762939453,145
2019-11-15,21.850000381469727,21.850000381469727,21.850000381469727,21.850000381469727,21.850000381469727,125
2019-11-18,20.799999237060547,20.799999237060547,20.799999237060547,20.799999237060547,20.799999237060547,100
2019-11-19,19.799999237060547,19.799999237060547,19.799999237060547,19.799999237060547,19.799999237060547,100
2019-11-20,18.850000381469727,18.850000381469727,18.850000381469727,18.850000381469727,18.850000381469727,100
2019-11-21,18.850000381469727,18.850000381469727,18.850000381469727,18.850000381469727,18.850000381469727,0
2019-11-22,17.100000381469727,18.799999237060547,17.100000381469727,18.350000381469727,18.350000381469727,300
2019-11-25,18.75,19.25,17.5,18.899999618530273,18.899999618530273,810
2019-11-26,19.25,19.799999237060547,18.0,19.700000762939453,19.700000762939453,300
2019-11-27,20.350000381469727,20.649999618530273,18.75,20.25,20.25,535
2019-11-28,20.25,20.25,20.25,20.25,20.25,0
2019-11-29,19.25,19.25,19.25,19.25,19.25,50
2019-12-02,18.299999237060547,19.0,18.299999237060547,19.0,19.0,910
2019-12-03,18.049999237060547,18.049999237060547,18.049999237060547,18.049999237060547,18.049999237060547,190
2019-12-04,17.149999618530273,18.899999618530273,17.149999618530273,18.850000381469727,18.850000381469727,100
2019-12-05,19.700000762939453,19.700000762939453,19.700000762939453,19.700000762939453,19.700000762939453,50
2019-12-06,20.600000381469727,20.600000381469727,20.450000762939453,20.549999237060547,20.549999237060547,60
2019-12-09,20.600000381469727,21.549999237060547,19.549999237060547,21.5,21.5,1976
2019-12-10,21.0,22.549999237060547,20.549999237060547,22.450000762939453,22.450000762939453,1653
2019-12-11,22.549999237060547,23.549999237060547,21.350000381469727,23.049999237060547,23.049999237060547,1393
2019-12-12,23.5,23.549999237060547,21.899999618530273,23.049999237060547,23.049999237060547,275
2019-12-13,23.049999237060547,24.200000762939453,22.0,23.5,23.5,954
2019-12-16,23.549999237060547,24.549999237060547,22.350000381469727,23.450000762939453,23.450000762939453,474
2019-12-17,24.600000381469727,24.600000381469727,24.600000381469727,24.600000381469727,24.600000381469727,125
2019-12-18,23.399999618530273,25.149999618530273,23.399999618530273,25.149999618530273,25.149999618530273,127
2019-12-19,25.649999618530273,26.0,23.899999618530273,25.549999237060547,25.549999237060547,1080
2019-12-20,24.299999237060547,26.450000762939453,24.299999237060547,24.350000381469727,24.350000381469727,637
2019-12-23,25.549999237060547,25.549999237060547,25.549999237060547,25.549999237060547,25.549999237060547,25
2019-12-24,26.700000762939453,26.700000762939453,24.5,26.149999618530273,26.149999618530273,450
2019-12-26,26.149999618530273,26.149999618530273,24.850000381469727,26.0,26.0,810
2019-12-27,27.049999237060547,27.25,24.700000762939453,26.75,26.75,205
2019-12-30,27.399999618530273,27.399999618530273,25.450000762939453,27.0,27.0,870
2019-12-31,27.899999618530273,27.899999618530273,25.649999618530273,27.5,27.5,2459
2020-01-01,28.0,28.0,26.149999618530273,26.149999618530273,26.149999618530273,850
2020-01-02,25.0,25.0,24.850000381469727,24.850000381469727,24.850000381469727,55
2020-01-03,23.850000381469727,23.850000381469727,23.649999618530273,23.700000762939453,23.700000762939453,430
2020-01-06,23.700000762939453,23.700000762939453,23.700000762939453,23.700000762939453,23.700000762939453,0
2020-01-07,22.549999237060547,24.850000381469727,22.549999237060547,24.399999618530273,24.399999618530273,670
2020-01-08,24.75,25.5,23.25,24.899999618530273,24.899999618530273,1000
2020-01-09,25.850000381469727,25.850000381469727,23.75,25.450000762939453,25.450000762939453,485
2020-01-10,26.549999237060547,26.549999237060547,25.0,25.0,25.0,325
2020-01-13,25.5,26.049999237060547,23.799999237060547,26.049999237060547,26.049999237060547,1645
2020-01-14,27.200000762939453,27.200000762939453,24.75,26.100000381469727,26.100000381469727,2221
2020-01-15,27.299999237060547,27.299999237060547,26.700000762939453,26.700000762939453,26.700000762939453,165
2020-01-16,27.700000762939453,27.700000762939453,25.399999618530273,27.350000381469727,27.350000381469727,360
2020-01-17,26.0,27.450000762939453,26.0,26.799999237060547,26.799999237060547,442
2020-01-20,26.799999237060547,26.799999237060547,26.799999237060547,26.799999237060547,26.799999237060547,0
2020-01-21,28.0,28.75,26.350000381469727,27.700000762939453,27.700000762939453,561
2020-01-22,28.950000762939453,28.950000762939453,26.399999618530273,27.0,27.0,120
2020-01-23,25.700000762939453,27.200000762939453,25.700000762939453,27.200000762939453,27.200000762939453,110
2020-01-24,25.850000381469727,27.899999618530273,25.850000381469727,27.899999618530273,27.899999618530273,110
2020-01-27,27.899999618530273,27.899999618530273,27.899999618530273,27.899999618530273,27.899999618530273,0
2020-01-28,29.649999618530273,29.649999618530273,28.25,28.25,28.25,105
2020-01-29,29.450000762939453,29.450000762939453,27.5,27.5,27.5,22
2020-01-30,28.549999237060547,28.549999237060547,28.399999618530273,28.399999618530273,28.399999618530273,295
2020-01-31,29.5,29.5,27.0,29.399999618530273,29.399999618530273,110
2020-02-03,29.399999618530273,29.399999618530273,29.399999618530273,29.399999618530273,29.399999618530273,0
2020-02-04,31.5,31.5,29.149999618530273,30.799999237060547,30.799999237060547,140
2020-02-05,30.799999237060547,30.799999237060547,30.799999237060547,30.799999237060547,30.799999237060547,0
2020-02-06,30.799999237060547,30.799999237060547,30.799999237060547,30.799999237060547,30.799999237060547,0
2020-02-07,29.5,29.5,28.5,28.5,28.5,60
2020-02-10,28.5,28.5,28.5,28.5,28.5,0
2020-02-11,25.899999618530273,28.0,25.899999618530273,25.899999618530273,25.899999618530273,130
2020-02-12,24.649999618530273,24.649999618530273,24.649999618530273,24.649999618530273,24.649999618530273,35
2020-02-13,23.5,23.5,23.450000762939453,23.450000762939453,23.450000762939453,36
2020-02-14,22.299999237060547,22.299999237060547,22.299999237060547,22.299999237060547,22.299999237060547,50
2020-02-17,21.200000762939453,23.399999618530273,21.200000762939453,21.200000762939453,21.200000762939453,74
2020-02-18,22.25,22.25,22.25,22.25,22.25,20
2020-02-19,23.299999237060547,23.299999237060547,23.299999237060547,23.299999237060547,23.299999237060547,21
2020-02-20,24.299999237060547,24.299999237060547,24.299999237060547,24.299999237060547,24.299999237060547,135
2020-02-24,25.450000762939453,25.450000762939453,25.0,25.350000381469727,25.350000381469727,227
2020-02-25,25.350000381469727,26.5,25.350000381469727,25.5,25.5,63
2020-02-26,26.450000762939453,26.450000762939453,26.450000762939453,26.450000762939453,26.450000762939453,5
2020-02-27,26.450000762939453,26.450000762939453,26.450000762939453,26.450000762939453,26.450000762939453,0
2020-02-28,26.450000762939453,26.450000762939453,26.450000762939453,26.450000762939453,26.450000762939453,0
2020-03-02,27.0,28.25,25.649999618530273,27.799999237060547,27.799999237060547,241
2020-03-03,28.75,28.75,26.450000762939453,28.600000381469727,28.600000381469727,280
2020-03-04,28.600000381469727,28.600000381469727,28.600000381469727,28.600000381469727,28.600000381469727,0
2020-03-05,29.899999618530273,29.899999618530273,27.799999237060547,27.799999237060547,27.799999237060547,110
2020-03-06,27.799999237060547,27.799999237060547,27.799999237060547,27.799999237060547,27.799999237060547,0
2020-03-09,27.799999237060547,27.799999237060547,27.799999237060547,27.799999237060547,27.799999237060547,0
2020-03-11,28.899999618530273,29.799999237060547,28.899999618530273,29.0,29.0,1085
2020-03-12,29.549999237060547,29.549999237060547,27.549999237060547,27.549999237060547,27.549999237060547,220
2020-03-13,28.700000762939453,28.700000762939453,26.200000762939453,26.200000762939453,26.200000762939453,40
2020-03-16,24.899999618530273,24.899999618530273,24.899999618530273,24.899999618530273,24.899999618530273,300
2020-03-17,24.899999618530273,24.899999618530273,24.899999618530273,24.899999618530273,24.899999618530273,2
2020-03-18,24.899999618530273,24.899999618530273,24.899999618530273,24.899999618530273,24.899999618530273,0
2020-03-19,23.700000762939453,23.700000762939453,23.700000762939453,23.700000762939453,23.700000762939453,25
2020-03-20,23.700000762939453,24.799999237060547,23.700000762939453,24.25,24.25,40
2020-03-23,25.399999618530273,25.399999618530273,24.25,24.25,24.25,7
2020-03-24,24.5,24.5,24.5,24.5,24.5,30
2020-03-25,24.0,24.0,24.0,24.0,24.0,5
2020-03-26,24.0,24.5,24.0,24.5,24.5,60
2020-03-27,24.5,24.5,23.299999237060547,23.299999237060547,23.299999237060547,209
2020-03-30,22.200000762939453,24.450000762939453,22.149999618530273,23.950000762939453,23.950000762939453,380
2020-03-31,23.950000762939453,23.950000762939453,23.950000762939453,23.950000762939453,23.950000762939453,0
2020-04-01,23.950000762939453,23.950000762939453,23.950000762939453,23.950000762939453,23.950000762939453,0
2020-04-03,23.950000762939453,23.950000762939453,23.950000762939453,23.950000762939453,23.950000762939453,0
2020-04-07,25.0,25.0,22.799999237060547,24.700000762939453,24.700000762939453,217
2020-04-08,24.700000762939453,24.700000762939453,24.700000762939453,24.700000762939453,24.700000762939453,0
2020-04-09,24.700000762939453,24.700000762939453,24.700000762939453,24.700000762939453,24.700000762939453,0
2020-04-13,24.700000762939453,24.700000762939453,24.700000762939453,24.700000762939453,24.700000762939453,0
2020-04-15,24.700000762939453,24.700000762939453,24.700000762939453,24.700000762939453,24.700000762939453,0
2020-04-16,23.5,23.5,23.5,23.5,23.5,4
2020-04-17,22.399999618530273,22.399999618530273,22.350000381469727,22.350000381469727,22.350000381469727,116
2020-04-20,23.450000762939453,23.450000762939453,22.350000381469727,22.350000381469727,22.350000381469727,25
2020-04-21,23.399999618530273,23.450000762939453,23.0,23.200000762939453,23.200000762939453,267
2020-04-22,23.200000762939453,23.200000762939453,23.200000762939453,23.200000762939453,23.200000762939453,0
2020-04-23,23.200000762939453,23.200000762939453,23.200000762939453,23.200000762939453,23.200000762939453,0
2020-04-24,25.149999618530273,25.149999618530273,25.149999618530273,25.149999618530273,25.149999618530273,25
2020-04-27,26.350000381469727,26.350000381469727,26.350000381469727,26.350000381469727,26.350000381469727,5
2020-04-28,26.350000381469727,26.350000381469727,26.350000381469727,26.350000381469727,26.350000381469727,0
2020-04-29,27.299999237060547,28.450000762939453,27.299999237060547,28.450000762939453,28.450000762939453,109
2020-04-30,27.5,29.700000762939453,27.5,29.700000762939453,29.700000762939453,117
2020-05-04,30.799999237060547,30.799999237060547,30.799999237060547,30.799999237060547,30.799999237060547,61
2020-05-05,31.799999237060547,31.799999237060547,30.799999237060547,30.799999237060547,30.799999237060547,125
2020-05-06,31.850000381469727,31.850000381469727,31.850000381469727,31.850000381469727,31.850000381469727,8
2020-05-07,33.099998474121094,33.099998474121094,30.299999237060547,30.299999237060547,30.299999237060547,314
2020-05-08,31.649999618530273,31.649999618530273,31.649999618530273,31.649999618530273,31.649999618530273,10
2020-05-11,31.649999618530273,31.649999618530273,31.649999618530273,31.649999618530273,31.649999618530273,0
2020-05-12,31.649999618530273,31.649999618530273,31.649999618530273,31.649999618530273,31.649999618530273,0
2020-05-13,31.649999618530273,31.649999618530273,31.649999618530273,31.649999618530273,31.649999618530273,0
2020-05-14,31.649999618530273,31.649999618530273,31.649999618530273,31.649999618530273,31.649999618530273,0
2020-05-15,31.649999618530273,31.649999618530273,31.649999618530273,31.649999618530273,31.649999618530273,0
2020-05-18,31.649999618530273,31.649999618530273,31.649999618530273,31.649999618530273,31.649999618530273,0
2020-05-19,31.649999618530273,31.649999618530273,31.649999618530273,31.649999618530273,31.649999618530273,0
2020-05-20,31.649999618530273,31.649999618530273,31.649999618530273,31.649999618530273,31.649999618530273,0
2020-05-21,31.649999618530273,31.649999618530273,31.649999618530273,31.649999618530273,31.649999618530273,0
2020-05-22,32.45000076293945,35.849998474121094,32.45000076293945,34.0,34.0,447
2020-05-26,34.0,34.0,34.0,34.0,34.0,0
2020-05-27,34.0,34.0,34.0,34.0,34.0,0
2020-05-28,34.0,34.0,34.0,34.0,34.0,11
2020-05-29,34.0,34.0,34.0,34.0,34.0,0
2020-06-01,34.0,34.0,34.0,34.0,34.0,0
2020-06-02,34.0,34.0,34.0,34.0,34.0,0
2020-06-03,34.0,34.0,34.0,34.0,34.0,0
2020-06-04,34.0,34.0,34.0,34.0,34.0,0
2020-06-05,34.0,34.0,34.0,34.0,34.0,0
