Date,Open,High,Low,Close,Adj Close,Volume
2002-03-22,1.2599999904632568,1.2599999904632568,1.2599999904632568,1.2599999904632568,0.8405191898345947,5
2002-03-26,1.5099999904632568,1.5099999904632568,1.5099999904632568,1.5099999904632568,1.0072886943817139,5
2002-04-15,1.809999942779541,1.809999942779541,1.809999942779541,1.809999942779541,1.2074123620986938,500
2002-07-18,1.4500000476837158,1.4500000476837158,1.4500000476837158,1.4500000476837158,0.9672642350196838,500
2002-07-19,1.7400000095367432,1.7400000095367432,1.7400000095367432,1.7400000095367432,1.1607168912887573,4500
2002-08-12,1.7999999523162842,1.7999999523162842,1.600000023841858,1.600000023841858,1.0673259496688843,1500
2002-09-03,1.2899999618530273,1.2899999618530273,1.2899999618530273,1.2899999618530273,0.8605313897132874,500
2002-10-01,1.059999942779541,1.059999942779541,1.059999942779541,1.059999942779541,0.7071033716201782,1000
2002-11-22,1.0700000524520874,1.0700000524520874,1.0700000524520874,1.0700000524520874,0.7137741446495056,2000
2003-01-07,0.8600000143051147,0.8600000143051147,0.8600000143051147,0.8600000143051147,0.5736876726150513,500
2003-01-10,1.0299999713897705,1.0299999713897705,1.0299999713897705,1.0299999713897705,0.6870911121368408,1500
2003-01-13,1.2300000190734863,1.2300000190734863,1.2300000190734863,1.2300000190734863,0.820506751537323,500
2003-01-14,0.9900000095367432,1.1100000143051147,0.9900000095367432,1.1100000143051147,0.7404573559761047,2500
2003-01-20,1.3300000429153442,1.3300000429153442,1.100000023841858,1.100000023841858,0.7337864637374878,500
2003-01-21,1.0,1.3200000524520874,1.0,1.3200000524520874,0.8805438876152039,500
2003-03-07,1.059999942779541,1.059999942779541,1.059999942779541,1.059999942779541,0.7071033716201782,500
2003-04-08,1.2000000476837158,1.2000000476837158,1.2000000476837158,1.2000000476837158,0.8004944920539856,500
2003-05-02,1.0399999618530273,1.0399999618530273,1.0399999618530273,1.0399999618530273,0.6937618255615234,500
2003-05-22,1.0399999618530273,1.0399999618530273,1.0,1.0399999618530273,0.6937618255615234,1500
2003-05-26,1.059999942779541,1.059999942779541,1.059999942779541,1.059999942779541,0.7071033716201782,500
2003-05-30,1.059999942779541,1.059999942779541,1.059999942779541,1.059999942779541,0.7071033716201782,1500
2003-06-12,1.059999942779541,1.059999942779541,1.059999942779541,1.059999942779541,0.7071033716201782,50
2003-07-01,1.2719999551773071,1.2719999551773071,1.2719999551773071,1.2719999551773071,0.8485240936279297,1000
2003-07-04,1.5260000228881836,1.5260000228881836,1.5260000228881836,1.5260000228881836,1.0179622173309326,50
2003-07-07,1.8300000429153442,1.8300000429153442,1.8300000429153442,1.8300000429153442,1.2207540273666382,500
2003-07-08,1.899999976158142,1.899999976158142,1.899999976158142,1.899999976158142,1.2674494981765747,500
2003-07-09,2.2660000324249268,2.2760000228881836,2.2660000324249268,2.2760000228881836,1.5182710886001587,9000
2003-11-13,2.502000093460083,2.502000093460083,2.502000093460083,2.502000093460083,1.6690309047698975,25
2004-01-02,2.378000020980835,2.378000020980835,2.378000020980835,2.378000020980835,1.5863131284713745,1500
2004-05-05,2.496000051498413,2.496000051498413,2.496000051498413,2.496000051498413,1.665028691291809,50
2004-05-21,2.609999895095825,2.609999895095825,2.609999895095825,2.609999895095825,1.7410751581192017,25
2004-06-02,2.7300000190734863,2.7300000190734863,2.7300000190734863,2.7300000190734863,1.8211249113082886,5
2004-06-09,2.859999895095825,2.859999895095825,2.859999895095825,2.859999895095825,1.9078447818756104,25
2004-06-10,3.002000093460083,3.002000093460083,2.9800000190734863,2.9800000190734863,1.9878941774368286,75
2004-06-11,2.9000000953674316,2.9000000953674316,2.9000000953674316,2.9000000953674316,1.9345284700393677,500
2004-07-22,3.0439999103546143,3.0439999103546143,3.0439999103546143,3.0439999103546143,2.0305874347686768,100
2004-07-27,2.9000000953674316,2.9000000953674316,2.9000000953674316,2.9000000953674316,1.9345284700393677,5
2004-09-30,2.9800000190734863,2.9800000190734863,2.759999990463257,2.759999990463257,1.8411372900009155,1000
2004-11-05,2.25,2.25,2.25,2.25,1.5009269714355469,75
2004-11-08,1.909999966621399,1.909999966621399,1.909999966621399,1.909999966621399,1.2741200923919678,45
2004-11-10,1.531999945640564,1.531999945640564,1.531999945640564,1.531999945640564,1.021964430809021,2500
2004-11-11,1.5099999904632568,1.5099999904632568,1.5099999904632568,1.5099999904632568,1.0072886943817139,425
2004-11-12,1.5099999904632568,1.5099999904632568,1.5099999904632568,1.5099999904632568,1.0072886943817139,25
2004-11-16,1.600000023841858,1.600000023841858,1.600000023841858,1.600000023841858,1.0673259496688843,500
2004-11-17,1.7999999523162842,1.7999999523162842,1.600000023841858,1.7999999523162842,1.2007415294647217,3500
2004-11-18,2.0,2.140000104904175,2.0,2.140000104904175,1.4275482892990112,2500
2004-11-22,2.0,2.0,2.0,2.0,1.3341573476791382,2000
2004-11-23,2.190000057220459,2.200000047683716,2.0,2.180000066757202,1.4542316198349,4500
2004-11-24,1.899999976158142,2.615999937057495,1.8899999856948853,2.5280001163482666,1.6863751411437988,50500
2004-11-25,2.799999952316284,2.799999952316284,2.2200000286102295,2.5460000038146973,1.6983821392059326,1000
2004-11-29,2.2920000553131104,2.5980000495910645,2.2920000553131104,2.4619998931884766,1.6423476934432983,5500
2004-11-30,2.4000000953674316,2.4700000286102295,2.2160000801086426,2.4700000286102295,1.6476844549179077,30000
2004-12-01,2.4000000953674316,2.7160000801086426,2.252000093460083,2.7039999961853027,1.8037807941436768,11500
2004-12-02,2.75,2.75,2.621999979019165,2.6519999504089355,1.7690926790237427,8000
2004-12-03,2.700000047683716,2.700000047683716,2.700000047683716,2.700000047683716,1.8011125326156616,12500
2004-12-06,2.431999921798706,2.681999921798706,2.431999921798706,2.5999999046325684,1.734404444694519,11000
2004-12-07,2.799999952316284,2.799999952316284,2.5,2.5,1.6676967144012451,1500
2004-12-09,2.5420000553131104,2.5420000553131104,2.5420000553131104,2.5420000553131104,1.695713996887207,500
2004-12-10,2.5999999046325684,2.5999999046325684,2.4600000381469727,2.4619998931884766,1.6423476934432983,8500
2004-12-13,2.700000047683716,2.7079999446868896,2.440000057220459,2.694000005722046,1.7971099615097046,7000
2004-12-14,2.9600000381469727,2.9600000381469727,2.619999885559082,2.619999885559082,1.7477459907531738,4000
2004-12-15,2.5,2.868000030517578,2.5,2.799999952316284,1.8678200244903564,19000
2004-12-16,2.799999952316284,2.799999952316284,2.799999952316284,2.799999952316284,1.8678200244903564,1000
2004-12-17,3.0,3.0,2.809999942779541,2.812000036239624,1.8758256435394287,13500
2004-12-20,2.799999952316284,2.799999952316284,2.799999952316284,2.799999952316284,1.8678200244903564,9000
2005-01-31,2.799999952316284,3.0799999237060547,2.625999927520752,2.6740000247955322,1.7837684154510498,14500
2005-02-01,2.799999952316284,2.799999952316284,2.630000114440918,2.630000114440918,1.754417061805725,2000
2005-02-02,2.818000078201294,2.8919999599456787,2.700000047683716,2.861999988555908,1.9091789722442627,20500
2005-02-03,2.8299999237060547,2.8299999237060547,2.819999933242798,2.8299999237060547,1.8878329992294312,3000
2005-02-04,2.8519999980926514,2.8540000915527344,2.799999952316284,2.799999952316284,1.8678200244903564,5000
2005-02-07,2.799999952316284,2.809999942779541,2.799999952316284,2.809999942779541,1.8744909763336182,18000
2005-02-08,2.799999952316284,2.8499999046325684,2.799999952316284,2.8299999237060547,1.8878329992294312,7000
2005-02-09,3.0,3.0,2.809999942779541,2.9200000762939453,1.947869896888733,1000
2005-02-11,2.799999952316284,2.809999942779541,2.799999952316284,2.809999942779541,1.8744909763336182,2000
2005-02-14,2.819999933242798,2.9000000953674316,2.819999933242798,2.8399999141693115,1.8945032358169556,5500
2005-02-15,2.809999942779541,2.809999942779541,2.799999952316284,2.809999942779541,1.8744909763336182,8500
2005-02-16,2.799999952316284,2.8499999046325684,2.799999952316284,2.799999952316284,1.8678200244903564,13500
2005-02-17,2.799999952316284,2.799999952316284,2.799999952316284,2.799999952316284,1.8678200244903564,9500
2005-02-18,2.799999952316284,2.799999952316284,2.799999952316284,2.799999952316284,1.8678200244903564,5000
2005-02-21,2.809999942779541,2.809999942779541,2.809999942779541,2.809999942779541,1.8744909763336182,500
2005-02-22,2.5320000648498535,2.799999952316284,2.5320000648498535,2.799999952316284,1.8678200244903564,12000
2005-02-23,2.9600000381469727,3.0,2.9600000381469727,3.0,2.0012359619140625,2500
2005-03-01,2.799999952316284,2.799999952316284,2.799999952316284,2.799999952316284,1.8678200244903564,1000
2005-03-02,2.799999952316284,2.819999933242798,2.799999952316284,2.799999952316284,1.8678200244903564,6500
2005-03-03,2.799999952316284,2.799999952316284,2.700000047683716,2.799999952316284,1.8678200244903564,4000
2005-03-04,2.809999942779541,2.809999942779541,2.809999942779541,2.809999942779541,1.8744909763336182,2000
2005-03-07,2.799999952316284,2.799999952316284,2.799999952316284,2.799999952316284,1.8678200244903564,5000
2005-03-08,2.809999942779541,3.078000068664551,2.809999942779541,3.0739998817443848,2.0505995750427246,114000
2005-03-09,2.8299999237060547,3.319999933242798,2.809999942779541,3.319999933242798,2.214700937271118,101000
2005-03-10,3.3399999141693115,3.6500000953674316,3.3399999141693115,3.6500000953674316,2.4348371028900146,30500
2005-03-11,3.940000057220459,4.013999938964844,3.809999942779541,3.809999942779541,2.541569709777832,20500
2005-03-14,3.809999942779541,4.090000152587891,3.799999952316284,3.950000047683716,2.634960651397705,4500
2005-03-15,3.799999952316284,3.799999952316284,3.559999942779541,3.5999999046325684,2.4014830589294434,3000
2005-03-16,3.4000000953674316,3.4700000286102295,3.242000102996826,3.259999990463257,2.1746764183044434,10000
2005-03-17,3.2200000286102295,3.2300000190734863,3.2200000286102295,3.2300000190734863,2.1546642780303955,1000
2005-03-18,3.002000093460083,3.200000047683716,3.0,3.0,2.0012359619140625,1500
2005-03-21,3.2799999713897705,3.2980000972747803,3.2200000286102295,3.2980000972747803,2.200025796890259,2000
2005-03-22,3.0999999046325684,3.0999999046325684,3.0999999046325684,3.0999999046325684,2.067943811416626,500
2005-03-23,3.002000093460083,3.002000093460083,3.0,3.0,2.0012359619140625,1000
2005-03-30,3.0999999046325684,3.0999999046325684,3.0999999046325684,3.0999999046325684,2.067943811416626,500
2005-03-31,3.0899999141693115,3.0999999046325684,3.0899999141693115,3.0999999046325684,2.067943811416626,1500
2005-04-04,3.1500000953674316,3.190000057220459,3.1500000953674316,3.190000057220459,2.127980947494507,7000
2005-04-05,3.0999999046325684,3.200000047683716,3.0999999046325684,3.200000047683716,2.1346518993377686,2000
2005-04-06,3.200000047683716,3.2699999809265137,3.200000047683716,3.2699999809265137,2.181347370147705,5500
2005-04-07,3.049999952316284,3.049999952316284,3.049999952316284,3.049999952316284,2.034590005874634,500
2005-04-11,3.009999990463257,3.009999990463257,3.009999990463257,3.009999990463257,2.007906675338745,500
2005-04-12,2.799999952316284,2.799999952316284,2.799999952316284,2.799999952316284,1.8678200244903564,1000
2005-04-15,2.799999952316284,2.809999942779541,2.799999952316284,2.799999952316284,1.8678200244903564,2000
2005-04-21,2.799999952316284,2.799999952316284,2.799999952316284,2.799999952316284,1.8678200244903564,300
2005-04-22,2.799999952316284,2.799999952316284,2.700000047683716,2.759999990463257,1.8411372900009155,2000
2005-04-25,2.809999942779541,2.809999942779541,2.799999952316284,2.799999952316284,1.8678200244903564,1500
2005-04-28,3.0,3.0,2.799999952316284,2.799999952316284,1.8678200244903564,1000
2005-04-29,2.5899999141693115,2.5899999141693115,2.5899999141693115,2.5899999141693115,1.7277337312698364,1500
2005-05-11,2.799999952316284,2.799999952316284,2.799999952316284,2.799999952316284,1.8678200244903564,10000
2005-05-12,2.799999952316284,2.799999952316284,2.799999952316284,2.799999952316284,1.8678200244903564,1000
2005-05-13,3.059999942779541,3.059999942779541,2.799999952316284,2.799999952316284,1.8678200244903564,4500
2005-05-17,2.9800000190734863,2.9800000190734863,2.9800000190734863,2.9800000190734863,1.9878941774368286,5000
2005-05-19,2.819999933242798,2.8499999046325684,2.799999952316284,2.8499999046325684,1.9011743068695068,4000
2005-05-23,2.8399999141693115,2.8399999141693115,2.8399999141693115,2.8399999141693115,1.8945032358169556,500
2005-05-25,3.049999952316284,3.0980000495910645,3.049999952316284,3.0980000495910645,2.0666098594665527,1000
2005-05-26,3.0999999046325684,3.200000047683716,2.8420000076293945,3.049999952316284,2.034590005874634,4500
2005-05-27,3.049999952316284,3.0999999046325684,3.049999952316284,3.0999999046325684,2.067943811416626,1000
2005-05-30,3.0999999046325684,3.0999999046325684,3.0399999618530273,3.0399999618530273,2.027919054031372,4000
2005-05-31,2.9600000381469727,3.0480000972747803,2.9600000381469727,3.0480000972747803,2.0332558155059814,4500
2005-06-01,3.049999952316284,3.049999952316284,3.049999952316284,3.049999952316284,2.034590005874634,1000
2005-06-07,3.0999999046325684,3.0999999046325684,2.9100000858306885,2.9200000762939453,1.947869896888733,4500
2005-06-08,3.0999999046325684,3.380000114440918,3.0999999046325684,3.380000114440918,2.254725933074951,19000
2005-06-09,3.440000057220459,3.440000057220459,3.0999999046325684,3.299999952316284,2.201359510421753,11000
2005-06-10,3.299999952316284,3.4000000953674316,3.259999990463257,3.259999990463257,2.1746764183044434,7000
2005-06-13,3.2699999809265137,3.2899999618530273,3.2699999809265137,3.2899999618530273,2.1946892738342285,3500
2005-06-14,3.25,3.319999933242798,3.25,3.319999933242798,2.214700937271118,2500
2005-06-15,3.390000104904175,3.5199999809265137,3.390000104904175,3.4200000762939453,2.28140926361084,7000
2005-06-16,3.4000000953674316,4.0,3.4000000953674316,3.890000104904175,2.5949363708496094,43500
2005-06-17,3.9000000953674316,4.360000133514404,3.9000000953674316,4.099999904632568,2.73502254486084,47500
2005-06-20,4.320000171661377,4.670000076293945,4.0,4.0,2.6683146953582764,25000
2005-06-21,4.199999809265137,4.199999809265137,3.869999885559082,3.890000104904175,2.5949363708496094,5000
2005-06-22,4.199999809265137,4.25,4.019999980926514,4.130000114440918,2.755035161972046,29000
2005-06-23,4.0,4.0,4.0,4.0,2.6683146953582764,26000
2005-06-24,4.380000114440918,4.380000114440918,4.0,4.21999979019165,2.8150718212127686,22000
2005-06-27,3.9200000762939453,4.0,3.9200000762939453,4.0,2.6683146953582764,7500
2005-06-28,4.099999904632568,4.099999904632568,4.0,4.0,2.6683146953582764,9500
2005-06-29,4.380000114440918,4.400000095367432,4.199999809265137,4.400000095367432,2.935145854949951,56000
2005-06-30,4.099999904632568,4.840000152587891,4.099999904632568,4.840000152587891,3.228660821914673,47000
2005-07-01,5.0,5.320000171661377,5.0,5.320000171661377,3.548858642578125,54000
2005-07-04,5.769999980926514,5.840000152587891,5.409999847412109,5.5,3.6689324378967285,98500
2005-07-05,5.599999904632568,5.699999809265137,5.119999885559082,5.119999885559082,3.415442943572998,42500
2005-07-06,4.980000019073486,5.0,4.78000020980835,4.800000190734863,3.2019779682159424,27500
2005-07-07,5.190000057220459,5.190000057220459,4.78000020980835,4.820000171661377,3.2153193950653076,11500
2005-07-08,5.099999904632568,5.119999885559082,4.869999885559082,4.880000114440918,3.2553443908691406,19000
2005-07-11,4.880000114440918,5.099999904632568,4.880000114440918,5.019999980926514,3.3487348556518555,12500
2005-07-12,4.849999904632568,5.050000190734863,4.610000133514404,5.050000190734863,3.3687469959259033,9000
2005-07-13,5.190000057220459,5.199999809265137,5.139999866485596,5.170000076293945,3.4487967491149902,4500
2005-07-14,5.150000095367432,5.150000095367432,4.739999771118164,4.739999771118164,3.161952257156372,2500
2005-07-15,5.159999847412109,5.170000076293945,4.699999809265137,5.099999904632568,3.4021005630493164,22500
2005-07-18,5.0,5.460000038146973,4.900000095367432,5.460000038146973,3.642249822616577,21500
2005-07-19,5.010000228881836,5.03000020980835,5.0,5.03000020980835,3.3554062843322754,7500
2005-07-20,4.829999923706055,4.849999904632568,4.829999923706055,4.849999904632568,3.2353320121765137,4500
2005-07-21,4.650000095367432,4.650000095367432,4.650000095367432,4.650000095367432,3.1019163131713867,1500
2005-07-22,5.110000133514404,5.110000133514404,5.110000133514404,5.110000133514404,3.4087722301483154,5
2005-07-25,5.0,5.0,4.739999771118164,5.0,3.3353934288024902,5000
2005-08-01,4.519999980926514,4.519999980926514,4.519999980926514,4.519999980926514,3.015195608139038,500
2005-08-03,4.409999847412109,4.409999847412109,4.070000171661377,4.070000171661377,2.715010404586792,5000
2005-08-08,4.5,4.53000020980835,4.059999942779541,4.53000020980835,3.021866798400879,8000
2005-08-09,4.710000038146973,4.710000038146973,4.400000095367432,4.710000038146973,3.1419405937194824,13500
2005-08-10,5.179999828338623,5.179999828338623,5.179999828338623,5.179999828338623,3.455467462539673,4500
2005-08-11,5.690000057220459,5.690000057220459,5.690000057220459,5.690000057220459,3.795677661895752,23000
2005-08-12,6.25,6.25,6.199999809265137,6.25,4.169241428375244,62000
2005-08-16,6.849999904632568,6.869999885559082,6.849999904632568,6.869999885559082,4.58282995223999,41500
2005-08-17,7.550000190734863,7.550000190734863,7.550000190734863,7.550000190734863,5.036444187164307,47500
2005-08-18,7.920000076293945,7.920000076293945,7.440000057220459,7.860000133514404,5.24323844909668,93500
2005-08-19,7.46999979019165,8.050000190734863,7.46999979019165,7.550000190734863,5.036444187164307,44000
2005-08-22,7.510000228881836,7.929999828338623,7.190000057220459,7.929999828338623,5.289933681488037,66000
2005-08-23,8.239999771118164,8.260000228881836,7.900000095367432,8.260000228881836,5.510070323944092,63000
2005-08-24,8.670000076293945,8.670000076293945,8.670000076293945,8.670000076293945,5.783571720123291,29500
2005-08-25,9.100000381469727,9.100000381469727,9.100000381469727,9.100000381469727,6.07041597366333,18500
2005-08-26,9.550000190734863,9.550000190734863,9.420000076293945,9.550000190734863,6.370601177215576,40000
2005-08-29,9.989999771118164,9.989999771118164,9.989999771118164,9.989999771118164,6.6641154289245605,19500
2005-08-30,10.479999542236328,10.479999542236328,10.479999542236328,10.479999542236328,6.990983963012695,12000
2005-08-31,11.0,11.0,11.0,11.0,7.337864875793457,21000
2005-09-01,11.550000190734863,11.550000190734863,11.550000190734863,11.550000190734863,7.704758644104004,6000
2005-09-02,12.119999885559082,12.119999885559082,12.119999885559082,12.119999885559082,8.084994316101074,34500
2005-09-05,12.720000267028809,12.720000267028809,12.720000267028809,12.720000267028809,8.485241889953613,3500
2005-09-06,13.350000381469727,13.350000381469727,13.350000381469727,13.350000381469727,8.905500411987305,83000
2005-09-08,14.010000228881836,14.010000228881836,12.6899995803833,13.899999618530273,9.272394180297852,261000
2005-09-09,14.4399995803833,14.4399995803833,13.079999923706055,13.180000305175781,8.792097091674805,110000
2005-09-12,12.600000381469727,12.600000381469727,12.510000228881836,12.510000228881836,8.34515380859375,38000
2005-09-13,11.890000343322754,12.100000381469727,11.890000343322754,11.930000305175781,7.958248138427734,95500
2005-09-14,11.34000015258789,12.479999542236328,11.34000015258789,12.479999542236328,8.325140953063965,84000
2005-09-15,12.84000015258789,12.84000015258789,12.84000015258789,12.84000015258789,8.565290451049805,26500
2005-09-16,13.479999542236328,13.479999542236328,13.479999542236328,13.479999542236328,8.992219924926758,7500
2005-09-19,14.149999618530273,14.149999618530273,14.149999618530273,14.149999618530273,9.439163208007812,16000
2005-09-20,14.850000381469727,14.850000381469727,14.850000381469727,14.850000381469727,9.906119346618652,25500
2005-09-21,15.59000015258789,15.59000015258789,14.109999656677246,15.199999809265137,10.139595985412598,152500
2005-09-22,15.199999809265137,16.1200008392334,14.600000381469727,14.600000381469727,9.739348411560059,51000
2005-09-23,14.600000381469727,14.600000381469727,13.880000114440918,13.880000114440918,9.259051322937012,20500
2005-09-26,13.699999809265137,14.569999694824219,13.220000267028809,14.569999694824219,9.719337463378906,56000
2005-09-27,15.0,15.289999961853027,15.0,15.289999961853027,10.199633598327637,40500
2005-09-28,15.949999809265137,16.049999237060547,15.949999809265137,16.049999237060547,10.706611633300781,51000
2005-09-29,16.200000762939453,16.850000381469727,15.25,15.25,10.172948837280273,41000
2005-09-30,14.489999771118164,14.489999771118164,14.489999771118164,14.489999771118164,9.665970802307129,500
2005-10-03,13.770000457763672,13.770000457763672,13.770000457763672,13.770000457763672,9.185674667358398,375
2005-10-04,13.09000015258789,13.09000015258789,13.09000015258789,13.09000015258789,8.732059478759766,3500
2005-10-05,12.600000381469727,12.600000381469727,12.4399995803833,12.4399995803833,8.298458099365234,16500
2005-10-06,11.819999694824219,11.859999656677246,11.819999694824219,11.819999694824219,7.88486909866333,5000
2005-10-07,11.229999542236328,12.0,11.229999542236328,11.229999542236328,7.4912919998168945,16000
2005-10-10,11.600000381469727,11.789999961853027,11.600000381469727,11.789999961853027,7.864856243133545,9500
2005-10-11,12.369999885559082,12.369999885559082,11.600000381469727,12.300000190734863,8.20506763458252,15000
2005-10-13,12.069999694824219,12.270000457763672,11.420000076293945,11.420000076293945,7.618039131164551,8000
2005-10-14,11.020000457763672,11.039999961853027,10.970000267028809,10.970000267028809,7.31785249710083,6000
2005-10-17,10.5,10.5,10.4399995803833,10.4399995803833,6.964300632476807,1000
2005-10-18,9.9399995803833,10.399999618530273,9.920000076293945,10.239999771118164,6.830885887145996,10000
2005-10-19,9.729999542236328,9.729999542236328,9.729999542236328,9.729999542236328,6.49067497253418,500
2005-10-20,9.300000190734863,9.300000190734863,9.300000190734863,9.300000190734863,6.203832626342773,500
2005-10-21,8.84000015258789,8.84000015258789,8.84000015258789,8.84000015258789,5.896975517272949,5000
2005-10-24,8.399999618530273,8.399999618530273,8.399999618530273,8.399999618530273,5.603461265563965,1000
2005-10-25,8.399999618530273,8.819999694824219,7.989999771118164,8.779999732971191,5.856950759887695,7000
2005-10-26,9.199999809265137,9.210000038146973,8.350000381469727,9.069999694824219,6.050403118133545,6500
2005-10-27,8.619999885559082,9.050000190734863,8.619999885559082,8.619999885559082,5.750218391418457,9500
2005-10-28,8.300000190734863,8.890000343322754,8.199999809265137,8.890000343322754,5.9303297996521,3000
2005-10-31,7.809999942779541,8.329999923706055,7.809999942779541,8.329999923706055,5.556764125823975,1500
2005-11-02,7.559999942779541,7.559999942779541,7.559999942779541,7.559999942779541,5.04311466217041,1500
2005-11-07,7.190000057220459,7.920000076293945,7.190000057220459,7.920000076293945,5.283262729644775,9500
2005-11-08,7.920000076293945,7.920000076293945,7.920000076293945,7.920000076293945,5.283262729644775,1000
2005-11-09,7.53000020980835,7.53000020980835,7.53000020980835,7.53000020980835,5.023102283477783,500
2005-11-10,7.860000133514404,7.900000095367432,7.860000133514404,7.900000095367432,5.26992130279541,3000
2005-11-11,8.289999961853027,8.289999961853027,8.289999961853027,8.289999961853027,5.530081748962402,2500
2005-11-14,8.319999694824219,8.630000114440918,7.900000095367432,7.900000095367432,5.26992130279541,9000
2005-11-16,8.020000457763672,8.25,7.900000095367432,8.25,5.503398895263672,5000
2005-11-17,8.350000381469727,8.390000343322754,7.840000152587891,7.840000152587891,5.229896545410156,5500
2005-11-18,7.670000076293945,7.670000076293945,7.460000038146973,7.460000038146973,4.976407051086426,2000
2005-11-21,7.170000076293945,7.170000076293945,7.150000095367432,7.150000095367432,4.7696123123168945,3000
2005-11-22,6.809999942779541,6.809999942779541,6.800000190734863,6.800000190734863,4.536134719848633,500
2005-11-23,6.769999980926514,7.079999923706055,6.599999904632568,7.079999923706055,4.722917079925537,6500
2005-11-24,7.360000133514404,7.429999828338623,7.360000133514404,7.429999828338623,4.956394672393799,2000
2005-11-25,7.090000152587891,7.800000190734863,7.090000152587891,7.800000190734863,5.203213691711426,16000
2005-11-28,8.0,8.199999809265137,8.0,8.199999809265137,5.47004508972168,3500
2005-11-29,7.809999942779541,8.100000381469727,7.809999942779541,7.840000152587891,5.229896545410156,10000
2005-11-30,7.829999923706055,7.829999923706055,7.449999809265137,7.449999809265137,4.969735622406006,4000
2005-12-01,7.300000190734863,7.360000133514404,7.199999809265137,7.199999809265137,4.802966117858887,1000
2005-12-02,7.630000114440918,7.630000114440918,7.320000171661377,7.320000171661377,4.883016109466553,2000
2005-12-05,7.360000133514404,7.619999885559082,6.960000038146973,7.300000190734863,4.869674205780029,8000
2005-12-06,7.110000133514404,7.5,7.110000133514404,7.5,5.003090858459473,1000
2005-12-07,7.400000095367432,7.400000095367432,7.400000095367432,7.400000095367432,4.936382293701172,2500
2005-12-08,7.110000133514404,7.139999866485596,7.110000133514404,7.139999866485596,4.762941360473633,1000
2005-12-09,6.789999961853027,7.400000095367432,6.789999961853027,7.400000095367432,4.936382293701172,1000
2005-12-12,7.039999961853027,7.110000133514404,7.039999961853027,7.110000133514404,4.742929458618164,3500
2005-12-13,7.0,7.460000038146973,7.0,7.460000038146973,4.976407051086426,6500
2005-12-14,7.5,7.5,7.099999904632568,7.099999904632568,4.736258506774902,3000
2005-12-15,6.920000076293945,7.449999809265137,6.909999847412109,7.449999809265137,4.969735622406006,12500
2005-12-16,7.199999809265137,7.639999866485596,7.199999809265137,7.619999885559082,5.083139419555664,7000
2005-12-19,7.119999885559082,7.860000133514404,7.119999885559082,7.860000133514404,5.24323844909668,3500
2005-12-21,7.820000171661377,8.170000076293945,7.449999809265137,8.079999923706055,5.389995098114014,38500
2005-12-26,7.800000190734863,8.0,7.800000190734863,8.0,5.336629390716553,6500
2005-12-27,8.0,8.390000343322754,8.0,8.390000343322754,5.596790313720703,6000
2005-12-28,8.399999618530273,8.800000190734863,8.210000038146973,8.800000190734863,5.870291709899902,7000
2005-12-29,9.1899995803833,9.220000267028809,9.1899995803833,9.220000267028809,6.15046501159668,3000
2005-12-30,9.239999771118164,9.680000305175781,9.239999771118164,9.680000305175781,6.457321643829346,500
2006-01-02,10.0,10.15999984741211,9.420000076293945,10.15999984741211,6.777519702911377,6500
2006-01-03,10.220000267028809,10.220000267028809,9.989999771118164,10.100000381469727,6.737493991851807,7000
2006-01-04,9.710000038146973,9.899999618530273,9.619999885559082,9.899999618530273,6.604078769683838,5500
2006-01-05,9.40999984741211,9.979999542236328,9.40999984741211,9.710000038146973,6.477334022521973,3500
2006-01-06,9.25,9.25,9.25,9.25,6.170477867126465,25
2006-01-09,8.829999923706055,9.710000038146973,8.829999923706055,9.710000038146973,6.477334022521973,9500
2006-01-10,9.25,9.25,9.25,9.25,6.170477867126465,450
2006-01-12,8.819999694824219,9.600000381469727,8.819999694824219,9.600000381469727,6.403955936431885,3500
2006-01-16,9.5,9.5,9.0,9.399999618530273,6.270539283752441,9000
2006-01-17,9.829999923706055,9.829999923706055,9.399999618530273,9.399999618530273,6.270539283752441,36000
2006-01-18,9.699999809265137,9.920000076293945,9.029999732971191,9.920000076293945,6.617419719696045,16000
2006-01-19,10.399999618530273,10.40999984741211,10.199999809265137,10.40999984741211,6.944289207458496,15500
2006-01-20,10.880000114440918,10.930000305175781,10.880000114440918,10.930000305175781,7.291171073913574,24000
2006-01-23,11.470000267028809,11.470000267028809,11.470000267028809,11.470000267028809,7.651391983032227,40000
2006-01-24,12.039999961853027,12.039999961853027,12.039999961853027,12.039999961853027,8.03162670135498,28000
2006-01-25,12.640000343322754,12.640000343322754,11.489999771118164,12.5600004196167,8.378507614135742,12500
2006-01-27,11.9399995803833,11.9399995803833,11.9399995803833,11.9399995803833,7.9649200439453125,17000
2006-01-30,11.350000381469727,11.350000381469727,11.350000381469727,11.350000381469727,7.571343898773193,10
2006-01-31,11.399999618530273,11.399999618530273,10.789999961853027,10.789999961853027,7.197779178619385,2500
2006-02-01,10.279999732971191,10.279999732971191,10.279999732971191,10.279999732971191,6.85756778717041,2000
2006-02-02,9.800000190734863,10.199999809265137,9.770000457763672,9.770000457763672,6.517358779907227,17000
2006-02-03,9.289999961853027,10.199999809265137,9.289999961853027,10.0,6.6707868576049805,28000
2006-02-06,9.449999809265137,10.369999885559082,9.449999809265137,10.369999885559082,6.917604923248291,9500
2006-02-07,10.880000114440918,10.880000114440918,10.75,10.859999656677246,7.244473934173584,16000
2006-02-08,10.319999694824219,10.319999694824219,10.319999694824219,10.319999694824219,6.884251117706299,8500
2006-02-10,10.239999771118164,10.34000015258789,10.239999771118164,10.34000015258789,6.8975934982299805,1000
2006-02-13,10.369999885559082,10.369999885559082,10.369999885559082,10.369999885559082,6.917604923248291,350
2006-02-14,9.869999885559082,10.369999885559082,9.869999885559082,10.369999885559082,6.917604923248291,1000
2006-02-15,9.859999656677246,9.859999656677246,9.859999656677246,9.859999656677246,6.577394962310791,500
2006-02-16,9.399999618530273,9.859999656677246,9.369999885559082,9.859999656677246,6.577394962310791,1000
2006-02-17,9.369999885559082,9.369999885559082,9.369999885559082,9.369999885559082,6.250526428222656,255
2006-02-20,8.90999984741211,8.90999984741211,8.90999984741211,8.90999984741211,5.943671226501465,1000
2006-02-21,8.5,9.199999809265137,8.479999542236328,8.600000381469727,5.736876964569092,1000
2006-02-22,8.199999809265137,8.199999809265137,8.180000305175781,8.1899995803833,5.463374137878418,3000
2006-02-23,7.789999961853027,8.199999809265137,7.789999961853027,7.829999923706055,5.223226070404053,6000
2006-02-24,7.449999809265137,8.020000457763672,7.440000057220459,8.020000457763672,5.349971294403076,6000
2006-02-27,7.650000095367432,7.650000095367432,7.650000095367432,7.650000095367432,5.103151798248291,65
2006-03-01,8.0,8.0,7.28000020980835,8.0,5.336629390716553,1500
2006-03-02,8.399999618530273,8.399999618530273,8.399999618530273,8.399999618530273,5.603461265563965,1000
2006-03-03,8.0,8.0,7.989999771118164,8.0,5.336629390716553,3000
2006-03-07,8.0,8.0,8.0,8.0,5.336629390716553,500
2006-03-08,7.610000133514404,8.300000190734863,7.610000133514404,8.300000190734863,5.536753177642822,3000
2006-03-09,8.300000190734863,8.300000190734863,8.300000190734863,8.300000190734863,5.536753177642822,250
2006-03-10,7.889999866485596,7.889999866485596,7.889999866485596,7.889999866485596,5.263250827789307,1000
2006-03-13,7.5,7.5,7.5,7.5,5.003090858459473,5500
2006-03-14,7.130000114440918,7.869999885559082,7.130000114440918,7.130000114440918,4.7562713623046875,20500
2006-03-16,6.789999961853027,7.460000038146973,6.789999961853027,7.380000114440918,4.92303991317749,500
2006-03-17,7.019999980926514,7.71999979019165,7.019999980926514,7.130000114440918,4.7562713623046875,20
2006-03-20,7.099999904632568,7.78000020980835,7.070000171661377,7.599999904632568,5.069797992706299,54500
2006-03-21,7.210000038146973,7.949999809265137,7.210000038146973,7.78000020980835,5.189872741699219,91000
2006-03-22,7.409999847412109,7.579999923706055,7.380000114440918,7.579999923706055,5.056456089019775,17000
2006-03-23,7.21999979019165,7.940000057220459,7.21999979019165,7.940000057220459,5.296604633331299,58000
2006-03-24,7.170000076293945,7.909999847412109,7.170000076293945,7.400000095367432,4.936382293701172,64000
2006-03-27,7.880000114440918,7.880000114440918,7.369999885559082,7.369999885559082,4.916369915008545,53500
2006-03-28,8.119999885559082,8.119999885559082,7.369999885559082,7.400000095367432,4.936382293701172,47500
2006-03-29,7.400000095367432,7.760000228881836,7.039999961853027,7.400000095367432,4.936382293701172,57500
2006-03-30,7.019999980926514,7.019999980926514,7.019999980926514,7.019999980926514,4.682891845703125,460
2006-03-31,6.670000076293945,6.670000076293945,6.670000076293945,6.670000076293945,4.4494147300720215,1000
2006-04-03,6.800000190734863,7.0,6.800000190734863,7.0,4.66955041885376,135
2006-04-04,7.110000133514404,7.340000152587891,7.0,7.340000152587891,4.896357536315918,26000
2006-04-05,7.699999809265137,7.699999809265137,7.699999809265137,7.699999809265137,5.136505603790283,500
2006-04-07,8.0,8.079999923706055,8.0,8.079999923706055,5.389995098114014,19500
2006-04-10,8.100000381469727,8.479999542236328,8.100000381469727,8.479999542236328,5.656826972961426,12500
2006-04-12,8.800000190734863,8.899999618530273,8.399999618530273,8.399999618530273,5.603461265563965,7500
2006-04-13,7.989999771118164,8.600000381469727,7.989999771118164,8.600000381469727,5.736876964569092,500
2006-04-17,9.029999732971191,9.029999732971191,8.180000305175781,8.180000305175781,5.456703186035156,10000
2006-04-18,8.5600004196167,8.5600004196167,7.78000020980835,7.800000190734863,5.203213691711426,2500
2006-04-19,8.5600004196167,8.579999923706055,8.5600004196167,8.5600004196167,5.710193157196045,4000
2006-04-20,8.979999542236328,8.979999542236328,8.979999542236328,8.979999542236328,5.990366458892822,500
2006-04-21,9.420000076293945,9.420000076293945,8.539999961853027,8.539999961853027,5.6968512535095215,5000
2006-04-24,8.960000038146973,8.960000038146973,8.960000038146973,8.960000038146973,5.977025032043457,3500
2006-04-25,9.399999618530273,9.399999618530273,9.399999618530273,9.399999618530273,6.270539283752441,10500
2006-04-26,9.869999885559082,9.869999885559082,9.869999885559082,9.869999885559082,6.5840654373168945,8000
2006-04-27,10.0,10.359999656677246,10.0,10.359999656677246,6.910934925079346,5500
2006-04-28,9.850000381469727,10.75,9.850000381469727,10.75,7.1710944175720215,1500
2006-05-02,9.859999656677246,9.869999885559082,9.859999656677246,9.869999885559082,6.5840654373168945,5000
2006-05-03,10.34000015258789,10.359999656677246,10.34000015258789,10.359999656677246,6.910934925079346,6500
2006-05-04,10.869999885559082,10.869999885559082,10.850000381469727,10.869999885559082,7.2511444091796875,7500
2006-05-05,11.40999984741211,11.40999984741211,11.40999984741211,11.40999984741211,7.6113667488098145,31500
2006-05-08,11.979999542236328,11.979999542236328,11.979999542236328,11.979999542236328,7.991602420806885,6000
2006-05-09,12.569999694824219,12.569999694824219,12.569999694824219,12.569999694824219,8.385178565979004,8500
2006-05-10,13.1899995803833,13.1899995803833,13.1899995803833,13.1899995803833,8.79876708984375,66000
2006-05-11,13.789999961853027,13.84000015258789,12.550000190734863,12.550000190734863,8.371835708618164,16000
2006-05-12,12.800000190734863,13.170000076293945,12.550000190734863,12.579999923706055,8.39184856414795,21000
2006-05-15,13.0,13.0,12.399999618530273,12.399999618530273,8.271775245666504,9500
2006-05-17,12.949999809265137,13.020000457763672,12.800000190734863,13.020000457763672,8.685362815856934,31500
2006-05-18,13.399999618530273,13.399999618530273,12.369999885559082,12.369999885559082,8.251762390136719,5000
2006-05-19,11.760000228881836,11.760000228881836,11.760000228881836,11.760000228881836,7.844845771789551,500
2006-05-23,11.180000305175781,11.180000305175781,11.180000305175781,11.180000305175781,7.457939624786377,500
2006-05-24,11.0,11.0,11.0,11.0,7.337864875793457,5
2006-05-25,10.460000038146973,10.460000038146973,10.460000038146973,10.460000038146973,6.977642059326172,7500
2006-05-26,10.979999542236328,10.979999542236328,10.979999542236328,10.979999542236328,7.32452392578125,3000
2006-05-29,11.520000457763672,11.520000457763672,11.520000457763672,11.520000457763672,7.684746265411377,3500
2006-05-30,11.399999618530273,12.09000015258789,11.399999618530273,12.09000015258789,8.064980506896973,4500
2006-05-31,12.6899995803833,12.6899995803833,11.489999771118164,12.0,8.00494384765625,4000
2006-06-01,11.40999984741211,11.40999984741211,11.40999984741211,11.40999984741211,7.6113667488098145,125
2006-06-02,10.84000015258789,10.84000015258789,10.84000015258789,10.84000015258789,7.231132984161377,125
2006-06-05,10.300000190734863,10.300000190734863,10.300000190734863,10.300000190734863,6.87091064453125,125
2006-06-06,10.600000381469727,10.8100004196167,10.600000381469727,10.8100004196167,7.211121559143066,20000
2006-06-07,10.270000457763672,11.350000381469727,10.270000457763672,10.270000457763672,6.850898742675781,19000
2006-06-08,9.760000228881836,9.760000228881836,9.760000228881836,9.760000228881836,6.510688781738281,100
2006-06-09,9.279999732971191,10.239999771118164,9.279999732971191,9.279999732971191,6.190489292144775,500
2006-06-12,8.859999656677246,9.579999923706055,8.859999656677246,8.869999885559082,5.916987419128418,90500
2006-06-13,9.279999732971191,9.279999732971191,8.430000305175781,8.430000305175781,5.623472690582275,300
2006-06-14,8.010000228881836,8.010000228881836,8.010000228881836,8.010000228881836,5.343300819396973,13500
2006-06-19,8.199999809265137,8.380000114440918,8.199999809265137,8.380000114440918,5.590118885040283,3000
2006-06-20,8.199999809265137,8.199999809265137,8.199999809265137,8.199999809265137,5.47004508972168,500
2006-06-21,8.579999923706055,8.579999923706055,8.010000228881836,8.010000228881836,5.343300819396973,1000
2006-06-22,8.220000267028809,8.220000267028809,7.619999885559082,7.619999885559082,5.083139419555664,1000
2006-06-23,8.0,8.0,7.340000152587891,7.340000152587891,4.896357536315918,15000
2006-06-26,7.329999923706055,8.0600004196167,7.320000171661377,7.320000171661377,4.883016109466553,43500
2006-06-27,7.849999904632568,7.849999904632568,7.130000114440918,7.849999904632568,5.236567974090576,60
2006-06-28,7.849999904632568,7.849999904632568,7.119999885559082,7.849999904632568,5.236567974090576,365
2006-06-29,8.09000015258789,8.09000015258789,7.389999866485596,8.0,5.336629390716553,150
2006-07-03,8.020000457763672,8.039999961853027,7.820000171661377,7.820000171661377,5.216554641723633,1500
2006-07-04,8.1899995803833,8.210000038146973,7.429999828338623,8.0,5.336629390716553,6500
2006-07-05,8.350000381469727,8.399999618530273,7.610000133514404,7.610000133514404,5.0764689445495605,1000
2006-07-06,7.960000038146973,7.989999771118164,7.949999809265137,7.949999809265137,5.303275108337402,3000
2006-07-07,8.0,8.0,8.0,8.0,5.336629390716553,1500
2006-07-10,8.579999923706055,8.579999923706055,7.210000038146973,7.210000038146973,4.809637546539307,1000
2006-07-11,7.929999828338623,7.929999828338623,6.849999904632568,7.0,4.66955041885376,5000
2006-07-12,7.210000038146973,7.650000095367432,7.03000020980835,7.650000095367432,5.103151798248291,9500
2006-07-13,7.699999809265137,7.699999809265137,7.699999809265137,7.699999809265137,5.136505603790283,1000
2006-07-14,7.599999904632568,8.289999961853027,7.599999904632568,8.289999961853027,5.530081748962402,2500
2006-07-17,9.109999656677246,9.109999656677246,8.600000381469727,8.600000381469727,5.736876964569092,3000
2006-07-18,9.260000228881836,9.460000038146973,7.789999961853027,8.020000457763672,5.349971294403076,11500
2006-07-20,9.279999732971191,9.399999618530273,7.71999979019165,9.399999618530273,6.270539283752441,7500
2006-07-21,7.800000190734863,9.079999923706055,7.800000190734863,9.079999923706055,6.057074069976807,2500
2006-07-24,9.1899995803833,9.979999542236328,8.279999732971191,9.979999542236328,6.657444477081299,35000
2006-07-25,10.0,10.949999809265137,10.0,10.199999809265137,6.804201126098633,6000
2006-07-26,10.0,10.0,10.0,10.0,6.6707868576049805,300
2006-07-27,10.0,11.0,9.020000457763672,11.0,7.337864875793457,20000
2006-07-28,10.399999618530273,11.4399995803833,10.0,10.399999618530273,6.937617778778076,4500
2006-07-31,9.699999809265137,11.199999809265137,9.699999809265137,11.199999809265137,7.471280097961426,2000
2006-08-01,10.289999961853027,10.800000190734863,10.279999732971191,10.399999618530273,6.937617778778076,1500
2006-08-02,10.529999732971191,10.539999961853027,9.430000305175781,9.670000076293945,6.450650215148926,5000
2006-08-03,9.989999771118164,10.479999542236328,9.609999656677246,9.609999656677246,6.4106245040893555,9500
2006-08-04,10.539999961853027,10.579999923706055,10.0,10.149999618530273,6.770847797393799,16000
2006-08-07,9.529999732971191,9.529999732971191,9.529999732971191,9.529999732971191,6.357259750366211,500
2006-08-08,9.399999618530273,9.489999771118164,9.399999618530273,9.489999771118164,6.330576419830322,500
2006-08-10,10.1899995803833,10.1899995803833,10.1899995803833,10.1899995803833,6.797532081604004,5
2006-08-11,9.25,10.289999961853027,9.210000038146973,10.279999732971191,6.85756778717041,1000
2006-08-16,11.09000015258789,11.09000015258789,9.539999961853027,10.289999961853027,6.864239692687988,1000
2006-08-17,10.300000190734863,10.300000190734863,10.300000190734863,10.300000190734863,6.87091064453125,25
2006-08-18,9.319999694824219,10.1899995803833,9.319999694824219,10.1899995803833,6.797532081604004,30
2006-08-22,9.199999809265137,10.369999885559082,9.199999809265137,10.369999885559082,6.917604923248291,500
2006-08-23,9.34000015258789,9.890000343322754,9.34000015258789,9.800000190734863,6.5373711585998535,2000
2006-08-24,8.880000114440918,10.779999732971191,8.880000114440918,9.899999618530273,6.604078769683838,24500
2006-08-25,9.289999961853027,10.0,9.289999961853027,9.600000381469727,6.403955936431885,1500
2006-08-28,10.260000228881836,10.260000228881836,10.260000228881836,10.260000228881836,6.844227313995361,15
2006-08-29,9.300000190734863,10.520000457763672,9.300000190734863,10.520000457763672,7.0176682472229,300
2006-08-31,9.579999923706055,9.579999923706055,9.569999694824219,9.569999694824219,6.3839430809021,500
2006-09-01,9.960000038146973,9.960000038146973,9.960000038146973,9.960000038146973,6.644103050231934,25
2006-09-05,9.239999771118164,9.520000457763672,9.199999809265137,9.210000038146973,6.143794536590576,10000
2006-09-06,9.569999694824219,9.569999694824219,9.210000038146973,9.210000038146973,6.143794536590576,1000
2006-09-07,9.210000038146973,9.210000038146973,8.9399995803833,8.9399995803833,5.963683128356934,2500
2006-09-08,8.539999961853027,8.539999961853027,8.539999961853027,8.539999961853027,5.6968512535095215,50
2006-09-11,8.220000267028809,8.989999771118164,8.220000267028809,8.25,5.503398895263672,500
2006-09-12,7.820000171661377,8.800000190734863,7.679999828338623,7.730000019073486,5.156518459320068,18500
2006-09-13,7.420000076293945,8.6899995803833,7.420000076293945,8.399999618530273,5.603461265563965,2000
2006-09-14,8.399999618530273,8.59000015258789,8.399999618530273,8.59000015258789,5.73020601272583,1000
2006-09-15,8.770000457763672,8.770000457763672,8.600000381469727,8.600000381469727,5.736876964569092,150
2006-09-18,8.029999732971191,8.600000381469727,8.029999732971191,8.600000381469727,5.736876964569092,2000
2006-09-20,8.9399995803833,8.9399995803833,8.9399995803833,8.9399995803833,5.963683128356934,50
2006-09-21,10.399999618530273,10.399999618530273,8.40999984741211,8.40999984741211,5.610130786895752,2000
2006-09-22,7.900000095367432,8.399999618530273,7.900000095367432,8.399999618530273,5.603461265563965,2000
2006-09-25,9.130000114440918,9.130000114440918,8.6899995803833,8.6899995803833,5.79691219329834,150
2006-09-26,9.5,9.5,9.5,9.5,6.337247371673584,75
2006-09-28,7.659999847412109,8.760000228881836,7.659999847412109,8.399999618530273,5.603461265563965,2500
2006-09-29,8.399999618530273,8.9399995803833,8.15999984741211,8.9399995803833,5.963683128356934,2500
2006-10-03,8.399999618530273,8.399999618530273,8.399999618530273,8.399999618530273,5.603461265563965,500
2006-10-04,8.09000015258789,8.569999694824219,8.09000015258789,8.569999694824219,5.71686315536499,2500
2006-10-05,8.760000228881836,8.760000228881836,8.119999885559082,8.119999885559082,5.416678428649902,4000
2006-10-06,7.940000057220459,7.940000057220459,7.909999847412109,7.909999847412109,5.276592254638672,2500
2006-10-09,9.140000343322754,9.140000343322754,7.949999809265137,7.949999809265137,5.303275108337402,3000
2006-10-10,8.0,8.380000114440918,8.0,8.0,5.336629390716553,3500
2006-10-11,7.829999923706055,8.539999961853027,7.809999942779541,8.09000015258789,5.396667003631592,7500
2006-10-12,8.0,8.119999885559082,7.889999866485596,7.889999866485596,5.263250827789307,5000
2006-10-13,8.329999923706055,8.329999923706055,8.0,8.0,5.336629390716553,4000
2006-10-16,8.199999809265137,8.199999809265137,7.460000038146973,7.980000019073486,5.323287487030029,95
2006-10-17,7.28000020980835,7.28000020980835,7.28000020980835,7.28000020980835,4.856333255767822,1000
2006-10-18,7.599999904632568,7.800000190734863,7.0,7.0,4.66955041885376,21500
2006-10-19,7.800000190734863,7.800000190734863,6.840000152587891,7.190000057220459,4.796295642852783,7500
2006-10-20,7.0,7.0,6.619999885559082,6.619999885559082,4.4160614013671875,4000
2006-10-23,8.460000038146973,8.460000038146973,8.460000038146973,8.460000038146973,5.643486022949219,75
2006-10-26,10.140000343322754,10.140000343322754,7.25,7.590000152587891,5.063127517700195,5500
2006-10-27,8.0,8.0,7.0,7.28000020980835,4.856333255767822,11000
2006-10-30,7.489999771118164,7.659999847412109,7.0,7.369999885559082,4.916369915008545,500
2006-10-31,7.889999866485596,7.889999866485596,6.5,6.5,4.336010932922363,500
2006-11-01,7.0,7.0,6.199999809265137,6.199999809265137,4.135887622833252,8000
2006-11-02,6.800000190734863,6.800000190734863,6.78000020980835,6.78000020980835,4.522793292999268,7000
2006-11-03,7.199999809265137,7.199999809265137,6.409999847412109,6.409999847412109,4.275974273681641,500
2006-11-06,6.980000019073486,6.980000019073486,6.25,6.429999828338623,4.289315700531006,7500
2006-11-07,6.630000114440918,6.989999771118164,6.599999904632568,6.980000019073486,4.656208515167236,6000
2006-11-08,6.539999961853027,6.699999809265137,6.539999961853027,6.699999809265137,4.469427585601807,1500
2006-11-09,6.5,7.0,6.5,6.699999809265137,4.469427585601807,500
2006-11-10,6.699999809265137,6.699999809265137,6.699999809265137,6.699999809265137,4.469427585601807,1000
2006-11-13,6.53000020980835,6.980000019073486,6.53000020980835,6.53000020980835,4.356023788452148,500
2006-11-15,6.96999979019165,6.96999979019165,6.610000133514404,6.610000133514404,4.409389972686768,500
2006-11-20,5.630000114440918,6.400000095367432,5.630000114440918,5.760000228881836,3.8423731327056885,1000
2006-11-21,4.920000076293945,6.199999809265137,4.920000076293945,6.199999809265137,4.135887622833252,1500
2006-11-22,6.199999809265137,6.599999904632568,5.809999942779541,6.210000038146973,4.1425580978393555,3000
2006-11-23,6.599999904632568,6.599999904632568,6.070000171661377,6.070000171661377,4.049167156219482,6000
2006-11-24,5.610000133514404,6.400000095367432,5.099999904632568,6.400000095367432,4.269303798675537,1500
2006-11-27,5.840000152587891,5.840000152587891,5.829999923706055,5.840000152587891,3.895739793777466,1000
2006-11-28,6.539999961853027,6.539999961853027,6.539999961853027,6.539999961853027,4.36269474029541,100
2006-11-29,6.050000190734863,6.940000057220459,6.050000190734863,6.199999809265137,4.135887622833252,5500
2006-11-30,6.099999904632568,6.329999923706055,6.019999980926514,6.329999923706055,4.222607135772705,5000
2006-12-01,6.449999809265137,6.449999809265137,5.869999885559082,5.929999828338623,3.955777168273926,5000
2006-12-04,6.900000095367432,6.900000095367432,6.900000095367432,6.900000095367432,4.602842330932617,5
2006-12-05,7.0,7.0,6.239999771118164,6.409999847412109,4.275974273681641,1000
2006-12-06,6.789999961853027,6.800000190734863,5.849999904632568,5.849999904632568,3.9024105072021484,2500
2006-12-07,6.599999904632568,6.599999904632568,6.599999904632568,6.599999904632568,4.402719020843506,500
2006-12-08,6.900000095367432,6.900000095367432,6.5,6.5,4.336010932922363,2000
2006-12-11,6.599999904632568,6.599999904632568,6.599999904632568,6.599999904632568,4.402719020843506,250
2006-12-12,5.820000171661377,6.159999847412109,5.599999904632568,5.599999904632568,3.735640048980713,3000
2006-12-13,5.869999885559082,6.289999961853027,5.869999885559082,5.989999771118164,3.9958012104034424,70
2006-12-14,6.71999979019165,6.71999979019165,6.71999979019165,6.71999979019165,4.482768535614014,5
2006-12-15,7.0,7.0,6.199999809265137,6.5,4.336010932922363,1500
2006-12-20,5.760000228881836,6.840000152587891,5.760000228881836,6.840000152587891,4.56281852722168,63500
2006-12-21,6.400000095367432,6.400000095367432,6.0,6.400000095367432,4.269303798675537,1000
2006-12-22,6.099999904632568,6.099999904632568,6.090000152587891,6.090000152587891,4.062508583068848,1500
2006-12-26,6.090000152587891,6.090000152587891,5.869999885559082,5.880000114440918,3.9224228858947754,3500
2006-12-27,6.0,6.659999847412109,5.800000190734863,5.800000190734863,3.8690569400787354,9500
2006-12-28,6.010000228881836,6.679999828338623,6.010000228881836,6.650000095367432,4.436073303222656,12500
2006-12-29,6.0,6.880000114440918,6.0,6.210000038146973,4.1425580978393555,44000
2007-01-02,6.699999809265137,6.699999809265137,6.400000095367432,6.599999904632568,4.402719020843506,270
2007-01-03,6.300000190734863,6.300000190734863,6.099999904632568,6.099999904632568,4.069180011749268,2500
2007-01-04,6.590000152587891,6.599999904632568,6.070000171661377,6.070000171661377,4.049167156219482,14000
2007-01-05,6.199999809265137,6.199999809265137,6.199999809265137,6.199999809265137,4.135887622833252,1000
2007-01-08,6.400000095367432,6.590000152587891,6.400000095367432,6.570000171661377,4.382707118988037,2000
2007-01-09,6.619999885559082,6.619999885559082,6.199999809265137,6.199999809265137,4.135887622833252,2500
2007-01-11,6.539999961853027,6.579999923706055,6.539999961853027,6.579999923706055,4.389378547668457,2500
2007-01-17,6.5,6.5,6.5,6.5,4.336010932922363,1500
2007-01-18,6.199999809265137,6.199999809265137,6.199999809265137,6.199999809265137,4.135887622833252,1000
2007-01-19,5.880000114440918,5.880000114440918,5.880000114440918,5.880000114440918,3.9224228858947754,250
2007-01-22,6.099999904632568,6.099999904632568,6.099999904632568,6.099999904632568,4.069180011749268,1500
2007-01-23,6.199999809265137,6.199999809265137,6.199999809265137,6.199999809265137,4.135887622833252,250
2007-01-24,6.449999809265137,6.449999809265137,6.0,6.0,4.002471923828125,8500
2007-01-25,6.070000171661377,6.380000114440918,6.0,6.119999885559082,4.082521438598633,5500
2007-01-29,5.900000095367432,5.900000095367432,5.900000095367432,5.900000095367432,3.9357640743255615,175
2007-02-01,6.579999923706055,6.579999923706055,6.019999980926514,6.019999980926514,4.01581335067749,3500
2007-02-02,6.099999904632568,6.099999904632568,6.099999904632568,6.099999904632568,4.069180011749268,500
2007-02-05,6.0,6.28000020980835,6.0,6.199999809265137,4.135887622833252,1500
2007-02-06,7.440000057220459,7.440000057220459,6.0,6.139999866485596,4.095862865447998,20
2007-02-07,6.21999979019165,6.21999979019165,6.170000076293945,6.199999809265137,4.135887622833252,12000
2007-02-08,6.449999809265137,6.579999923706055,6.449999809265137,6.579999923706055,4.389378547668457,500
2007-02-09,6.400000095367432,6.400000095367432,6.400000095367432,6.400000095367432,4.269303798675537,5
2007-02-12,6.329999923706055,6.369999885559082,5.800000190734863,5.800000190734863,3.8690569400787354,9500
2007-02-13,6.0,6.0,5.730000019073486,5.730000019073486,3.8223607540130615,500
2007-02-14,6.0,6.010000228881836,6.0,6.010000228881836,4.009143352508545,500
2007-02-15,6.0,6.289999961853027,5.5,5.96999979019165,3.9824600219726562,5000
2007-02-19,5.400000095367432,5.400000095367432,5.400000095367432,5.400000095367432,3.6022250652313232,5
2007-02-20,5.400000095367432,5.400000095367432,5.400000095367432,5.400000095367432,3.6022250652313232,250
2007-02-26,5.5,5.5,5.409999847412109,5.409999847412109,3.608895778656006,2000
2007-02-27,6.300000190734863,6.300000190734863,5.260000228881836,5.900000095367432,3.9357640743255615,1000
2007-02-28,5.699999809265137,5.699999809265137,5.699999809265137,5.699999809265137,3.8023486137390137,500
2007-03-01,5.599999904632568,5.599999904632568,5.599999904632568,5.599999904632568,3.735640048980713,500
2007-03-02,5.920000076293945,5.989999771118164,5.920000076293945,5.989999771118164,3.9958012104034424,1000
2007-03-05,5.199999809265137,5.980000019073486,4.860000133514404,5.980000019073486,3.9891295433044434,500
2007-03-08,4.800000190734863,6.579999923706055,4.800000190734863,4.909999847412109,3.2753562927246094,101000
2007-03-09,5.980000019073486,6.039999961853027,4.829999923706055,5.96999979019165,3.9824600219726562,200500
2007-03-12,6.0,6.400000095367432,5.699999809265137,5.800000190734863,3.8690569400787354,153500
2007-03-14,5.400000095367432,5.400000095367432,5.400000095367432,5.400000095367432,3.6022250652313232,500
2007-03-15,6.139999866485596,6.139999866485596,5.079999923706055,5.21999979019165,3.4821503162384033,110500
2007-03-16,4.199999809265137,6.099999904632568,4.199999809265137,5.900000095367432,3.9357640743255615,262000
2007-03-19,5.400000095367432,6.599999904632568,5.400000095367432,6.099999904632568,4.069180011749268,8500
2007-03-20,5.659999847412109,6.199999809265137,5.619999885559082,5.619999885559082,3.7489819526672363,1000
2007-03-21,5.610000133514404,5.610000133514404,5.610000133514404,5.610000133514404,3.742311477661133,500
2007-03-22,6.179999828338623,6.179999828338623,5.349999904632568,5.599999904632568,3.735640048980713,1000
2007-03-23,6.25,6.25,5.650000095367432,5.650000095367432,3.7689945697784424,10000
2007-03-26,5.449999809265137,6.28000020980835,5.400000095367432,6.28000020980835,4.189253807067871,4000
2007-03-28,6.889999866485596,7.360000133514404,5.300000190734863,5.800000190734863,3.8690569400787354,486000
2007-04-03,6.0,6.0,5.989999771118164,5.989999771118164,3.9958012104034424,10
2007-04-05,6.050000190734863,6.050000190734863,5.409999847412109,5.409999847412109,3.608895778656006,500
2007-04-11,5.400000095367432,6.050000190734863,5.400000095367432,6.050000190734863,4.035826683044434,15
2007-04-12,6.900000095367432,6.900000095367432,5.400000095367432,5.400000095367432,3.6022250652313232,500
2007-04-13,5.599999904632568,5.599999904632568,5.599999904632568,5.599999904632568,3.735640048980713,75
2007-04-17,5.809999942779541,5.809999942779541,5.309999942779541,5.809999942779541,3.8757266998291016,500
2007-04-18,5.400000095367432,5.610000133514404,5.340000152587891,5.610000133514404,3.742311477661133,25000
2007-04-24,6.190000057220459,6.5,5.230000019073486,6.329999923706055,4.222607135772705,5500
2007-04-26,6.03000020980835,6.150000095367432,6.03000020980835,6.150000095367432,4.10253381729126,89000
2007-04-27,5.800000190734863,5.800000190734863,5.800000190734863,5.800000190734863,3.8690569400787354,100
2007-05-03,5.380000114440918,6.099999904632568,5.380000114440918,6.099999904632568,4.069180011749268,70000
2007-05-04,5.610000133514404,5.989999771118164,5.599999904632568,5.989999771118164,3.9958012104034424,70500
2007-05-07,6.0,6.0,6.0,6.0,4.002471923828125,10
2007-05-08,6.190000057220459,6.190000057220459,5.599999904632568,5.599999904632568,3.735640048980713,1000
2007-05-09,5.610000133514404,5.610000133514404,5.599999904632568,5.610000133514404,3.742311477661133,1000
2007-05-10,5.610000133514404,5.610000133514404,5.610000133514404,5.610000133514404,3.742311477661133,375
2007-05-11,5.989999771118164,5.989999771118164,5.989999771118164,5.989999771118164,3.9958012104034424,5
2007-05-14,6.25,6.25,6.25,6.25,4.169241428375244,24500
2007-05-15,5.599999904632568,6.110000133514404,5.599999904632568,6.110000133514404,4.075850963592529,90
2007-05-16,6.0,6.099999904632568,6.0,6.099999904632568,4.069180011749268,4000
2007-05-17,6.289999961853027,7.199999809265137,6.050000190734863,6.050000190734863,4.035826683044434,2500
2007-05-18,6.599999904632568,6.599999904632568,6.599999904632568,6.599999904632568,4.402719020843506,5000
2007-05-22,6.019999980926514,6.380000114440918,5.429999828338623,5.429999828338623,3.622236967086792,7500
2007-05-23,5.550000190734863,5.630000114440918,5.550000190734863,5.570000171661377,3.715628147125244,2500
2007-05-24,5.800000190734863,5.800000190734863,5.440000057220459,5.440000057220459,3.6289076805114746,2500
2007-05-25,5.5,6.170000076293945,5.5,6.159999847412109,4.1092047691345215,15
2007-05-28,6.139999866485596,6.139999866485596,6.139999866485596,6.139999866485596,4.095862865447998,500
2007-05-29,5.900000095367432,6.199999809265137,5.900000095367432,6.199999809265137,4.135887622833252,500
2007-05-30,5.599999904632568,5.800000190734863,5.480000019073486,5.800000190734863,3.8690569400787354,15
2007-05-31,5.429999828338623,5.429999828338623,5.429999828338623,5.429999828338623,3.622236967086792,1000
2007-06-04,5.510000228881836,5.800000190734863,5.5,5.800000190734863,3.8690569400787354,1000
2007-06-05,6.0,6.139999866485596,6.0,6.0,4.002471923828125,310
2007-06-06,5.119999885559082,5.119999885559082,5.119999885559082,5.119999885559082,3.415442943572998,1000
2007-06-07,5.980000019073486,5.980000019073486,5.5,5.800000190734863,3.8690569400787354,1000
2007-06-08,5.800000190734863,5.800000190734863,5.269999980926514,5.269999980926514,3.515504837036133,500
2007-06-11,5.360000133514404,5.940000057220459,5.289999961853027,5.599999904632568,3.735640048980713,25000
2007-06-12,6.699999809265137,6.699999809265137,5.599999904632568,5.840000152587891,3.895739793777466,500
2007-06-13,6.0,6.0,5.610000133514404,5.940000057220459,3.962446689605713,1000
2007-06-14,6.0,6.0,5.5,5.769999980926514,3.8490443229675293,3000
2007-06-15,5.599999904632568,5.849999904632568,5.260000228881836,5.849999904632568,3.9024105072021484,500
2007-06-18,6.0,6.0,5.400000095367432,5.800000190734863,3.8690569400787354,3000
2007-06-19,5.5,5.75,5.400000095367432,5.71999979019165,3.8156895637512207,1000
2007-06-20,5.800000190734863,5.800000190734863,5.309999942779541,5.590000152587891,3.7289698123931885,53500
2007-06-21,5.550000190734863,5.880000114440918,5.550000190734863,5.800000190734863,3.8690569400787354,2000
2007-06-22,5.519999980926514,5.980000019073486,5.230000019073486,5.889999866485596,3.929093837738037,1500
2007-06-25,5.800000190734863,5.800000190734863,5.800000190734863,5.800000190734863,3.8690569400787354,5
2007-06-26,5.699999809265137,5.949999809265137,5.239999771118164,5.869999885559082,3.9157516956329346,3000
2007-06-27,5.789999961853027,5.800000190734863,5.28000020980835,5.800000190734863,3.8690569400787354,1000
2007-06-29,5.599999904632568,5.650000095367432,5.28000020980835,5.650000095367432,3.7689945697784424,1500
2007-07-02,5.400000095367432,5.400000095367432,5.400000095367432,5.400000095367432,3.6022250652313232,400
2007-07-03,5.170000076293945,5.599999904632568,5.159999847412109,5.590000152587891,3.7289698123931885,6000
2007-07-04,5.400000095367432,5.400000095367432,5.400000095367432,5.400000095367432,3.6022250652313232,1000
2007-07-05,5.340000152587891,5.389999866485596,5.199999809265137,5.389999866485596,3.5955541133880615,1000
2007-07-06,5.630000114440918,5.630000114440918,5.119999885559082,5.21999979019165,3.4821503162384033,5500
2007-07-09,5.46999979019165,5.46999979019165,5.070000171661377,5.070000171661377,3.382089376449585,1000
2007-07-10,5.070000171661377,5.320000171661377,5.070000171661377,5.320000171661377,3.548858642578125,7000
2007-07-11,5.110000133514404,5.579999923706055,5.090000152587891,5.579999923706055,3.7222983837127686,3000
2007-07-12,5.599999904632568,5.71999979019165,5.420000076293945,5.420000076293945,3.6155664920806885,3000
2007-07-13,5.690000057220459,5.690000057220459,5.380000114440918,5.380000114440918,3.588883638381958,5000
2007-07-16,5.130000114440918,5.5,5.130000114440918,5.5,3.6689324378967285,3500
2007-07-17,5.590000152587891,5.599999904632568,5.590000152587891,5.599999904632568,3.735640048980713,5000
2007-07-18,5.340000152587891,5.880000114440918,5.340000152587891,5.840000152587891,3.895739793777466,6500
2007-07-19,5.860000133514404,5.860000133514404,5.599999904632568,5.599999904632568,3.735640048980713,5500
2007-07-20,5.329999923706055,5.329999923706055,5.329999923706055,5.329999923706055,3.5555291175842285,500
2007-07-23,5.579999923706055,5.579999923706055,5.579999923706055,5.579999923706055,3.7222983837127686,500
2007-07-27,5.840000152587891,5.840000152587891,5.840000152587891,5.840000152587891,3.895739793777466,500
2007-07-30,5.559999942779541,5.559999942779541,5.559999942779541,5.559999942779541,3.7089569568634033,500
2007-07-31,5.320000171661377,5.320000171661377,5.309999942779541,5.309999942779541,3.542187452316284,1000
2007-08-01,5.559999942779541,5.559999942779541,5.559999942779541,5.559999942779541,3.7089569568634033,1500
2007-08-02,5.559999942779541,5.559999942779541,5.559999942779541,5.559999942779541,3.7089569568634033,500
2007-08-09,5.760000228881836,5.760000228881836,5.760000228881836,5.760000228881836,3.8423731327056885,100
2007-08-13,5.599999904632568,5.989999771118164,5.599999904632568,5.989999771118164,3.9958012104034424,1000
2007-08-14,5.889999866485596,5.900000095367432,5.889999866485596,5.900000095367432,3.9357640743255615,500
2007-08-16,5.849999904632568,5.889999866485596,5.849999904632568,5.889999866485596,3.929093837738037,3000
2007-08-17,5.989999771118164,6.0,5.989999771118164,6.0,4.002471923828125,1000
2007-08-20,5.71999979019165,5.71999979019165,5.71999979019165,5.71999979019165,3.8156895637512207,500
2007-08-21,5.460000038146973,6.0,5.440000057220459,5.440000057220459,3.6289076805114746,3500
2007-08-23,5.199999809265137,5.199999809265137,5.170000076293945,5.170000076293945,3.4487967491149902,2500
2007-08-28,4.949999809265137,5.429999828338623,4.949999809265137,5.429999828338623,3.622236967086792,1500
2007-08-29,5.670000076293945,5.670000076293945,5.199999809265137,5.199999809265137,3.468808889389038,135000
2007-08-30,5.449999809265137,5.460000038146973,5.03000020980835,5.460000038146973,3.642249822616577,150000
2007-09-04,5.400000095367432,5.5,5.400000095367432,5.5,3.6689324378967285,500
2007-09-05,5.320000171661377,5.769999980926514,5.320000171661377,5.769999980926514,3.8490443229675293,3000
2007-09-06,6.050000190734863,6.050000190734863,5.809999942779541,5.809999942779541,3.8757266998291016,3500
2007-09-07,5.900000095367432,6.0,5.900000095367432,5.980000019073486,3.9891295433044434,10500
2007-09-12,5.619999885559082,5.980000019073486,5.619999885559082,5.960000038146973,3.9757883548736572,1000
2007-09-13,5.800000190734863,5.800000190734863,5.71999979019165,5.71999979019165,3.8156895637512207,1000
2007-09-18,5.980000019073486,5.980000019073486,5.449999809265137,5.449999809265137,3.635577917098999,1000
2007-09-20,5.179999828338623,5.71999979019165,5.179999828338623,5.71999979019165,3.8156895637512207,1500
2007-09-26,5.989999771118164,5.989999771118164,5.989999771118164,5.989999771118164,3.9958012104034424,5
2007-09-27,6.260000228881836,6.260000228881836,6.260000228881836,6.260000228881836,4.175912380218506,500
2007-09-28,6.0,6.360000133514404,5.949999809265137,6.28000020980835,4.189253807067871,2000
2007-10-01,5.96999979019165,5.96999979019165,5.96999979019165,5.96999979019165,3.9824600219726562,380
2007-10-03,6.25,6.25,5.690000057220459,5.690000057220459,3.795677661895752,3000
2007-10-04,5.409999847412109,5.96999979019165,5.409999847412109,5.96999979019165,3.9824600219726562,5000
2007-10-09,6.03000020980835,6.039999961853027,5.739999771118164,5.739999771118164,3.829030752182007,1000
2007-10-10,5.46999979019165,5.940000057220459,5.460000038146973,5.489999771118164,3.662261962890625,6500
2007-10-11,5.760000228881836,5.760000228881836,5.269999980926514,5.329999923706055,3.5555291175842285,6000
2007-10-12,5.5,5.590000152587891,5.5,5.590000152587891,3.7289698123931885,3000
2007-10-15,5.860000133514404,5.860000133514404,5.849999904632568,5.860000133514404,3.9090805053710938,2000
2007-10-16,5.619999885559082,5.619999885559082,5.619999885559082,5.619999885559082,3.7489819526672363,250
2007-10-17,5.800000190734863,5.800000190734863,5.800000190734863,5.800000190734863,3.8690569400787354,5000
2007-10-18,5.599999904632568,5.599999904632568,5.559999942779541,5.599999904632568,3.735640048980713,500
2007-10-19,5.400000095367432,5.599999904632568,5.400000095367432,5.599999904632568,3.735640048980713,500
2007-10-22,5.820000171661377,5.820000171661377,5.329999923706055,5.329999923706055,3.5555291175842285,16500
2007-10-23,5.079999923706055,5.300000190734863,5.079999923706055,5.21999979019165,3.4821503162384033,2500
2007-10-24,5.480000019073486,5.480000019073486,5.099999904632568,5.480000019073486,3.6555910110473633,8500
2007-10-25,5.730000019073486,5.730000019073486,5.730000019073486,5.730000019073486,3.8223607540130615,500
2007-10-26,5.78000020980835,6.0,5.699999809265137,5.989999771118164,3.9958012104034424,16500
2007-10-29,5.730000019073486,6.090000152587891,5.699999809265137,6.0,4.002471923828125,6000
2007-10-30,5.730000019073486,6.230000019073486,5.730000019073486,5.849999904632568,3.9024105072021484,8000
2007-10-31,6.0,6.010000228881836,5.96999979019165,5.96999979019165,3.9824600219726562,25000
2007-11-01,6.0,6.199999809265137,5.96999979019165,6.199999809265137,4.135887622833252,15000
2007-11-02,6.0,6.0,5.909999847412109,5.989999771118164,3.9958012104034424,6500
2007-11-05,5.699999809265137,5.849999904632568,5.699999809265137,5.849999904632568,3.9024105072021484,1000
2007-11-06,5.639999866485596,5.639999866485596,5.639999866485596,5.639999866485596,3.7623238563537598,500
2007-11-07,5.920000076293945,5.920000076293945,5.380000114440918,5.920000076293945,3.949105978012085,1000
2007-11-08,6.199999809265137,6.199999809265137,5.800000190734863,6.150000095367432,4.10253381729126,2000
2007-11-12,6.630000114440918,6.630000114440918,6.130000114440918,6.130000114440918,4.089191913604736,60
2007-11-13,5.829999923706055,6.429999828338623,5.829999923706055,6.0,4.002471923828125,1500
2007-11-14,6.289999961853027,6.289999961853027,5.769999980926514,5.989999771118164,3.9958012104034424,6000
2007-11-15,6.269999980926514,6.269999980926514,5.699999809265137,5.800000190734863,3.8690569400787354,3500
2007-11-16,6.0,6.090000152587891,5.739999771118164,6.090000152587891,4.062508583068848,50000
2007-11-19,6.380000114440918,6.389999866485596,6.010000228881836,6.010000228881836,4.009143352508545,62000
2007-11-20,5.710000038146973,6.300000190734863,5.710000038146973,6.190000057220459,4.129217147827148,25000
2007-11-21,6.480000019073486,6.480000019073486,6.0,6.150000095367432,4.10253381729126,18000
2007-11-22,6.449999809265137,6.449999809265137,6.199999809265137,6.210000038146973,4.1425580978393555,11500
2007-11-23,6.0,6.199999809265137,6.0,6.199999809265137,4.135887622833252,2000
2007-11-26,6.400000095367432,6.510000228881836,6.0,6.0,4.002471923828125,5000
2007-11-27,5.96999979019165,6.059999942779541,5.96999979019165,6.059999942779541,4.042497158050537,2000
2007-11-28,5.809999942779541,6.360000133514404,5.809999942779541,6.099999904632568,4.069180011749268,3000
2007-11-29,5.940000057220459,6.210000038146973,5.940000057220459,6.210000038146973,4.1425580978393555,7500
2007-11-30,6.0,6.199999809265137,6.0,6.119999885559082,4.082521438598633,3500
2007-12-03,5.900000095367432,5.900000095367432,5.900000095367432,5.900000095367432,3.9357640743255615,500
2007-12-04,6.190000057220459,6.190000057220459,6.190000057220459,6.190000057220459,4.129217147827148,500
2007-12-05,6.03000020980835,6.03000020980835,6.019999980926514,6.019999980926514,4.01581335067749,2500
2007-12-06,6.199999809265137,6.300000190734863,5.960000038146973,6.179999828338623,4.122546672821045,4500
2007-12-07,6.0,6.260000228881836,5.960000038146973,6.210000038146973,4.1425580978393555,7000
2007-12-10,6.010000228881836,6.199999809265137,6.010000228881836,6.199999809265137,4.135887622833252,5500
2007-12-11,6.199999809265137,6.199999809265137,6.199999809265137,6.199999809265137,4.135887622833252,250
2007-12-13,6.510000228881836,6.510000228881836,5.909999847412109,6.170000076293945,4.115875244140625,10000
2007-12-14,6.400000095367432,6.46999979019165,6.0,6.119999885559082,4.082521438598633,11500
2007-12-17,6.420000076293945,6.420000076293945,6.110000133514404,6.110000133514404,4.075850963592529,3500
2007-12-18,5.860000133514404,6.349999904632568,5.849999904632568,5.880000114440918,3.9224228858947754,7500
2007-12-19,6.170000076293945,6.170000076293945,6.019999980926514,6.019999980926514,4.01581335067749,8000
2007-12-20,6.329999923706055,6.329999923706055,6.329999923706055,6.329999923706055,4.222607135772705,275
2007-12-24,6.400000095367432,6.400000095367432,6.019999980926514,6.019999980926514,4.01581335067749,6500
2007-12-26,5.809999942779541,6.199999809265137,5.809999942779541,6.110000133514404,4.075850963592529,12500
2007-12-27,6.420000076293945,6.420000076293945,6.119999885559082,6.190000057220459,4.129217147827148,4000
2007-12-28,6.699999809265137,6.699999809265137,6.239999771118164,6.5,4.336010932922363,21500
2007-12-31,6.510000228881836,6.820000171661377,6.21999979019165,6.650000095367432,4.436073303222656,27000
2008-01-01,6.909999847412109,6.920000076293945,6.909999847412109,6.920000076293945,4.616183757781982,625
2008-01-02,6.860000133514404,7.260000228881836,6.860000133514404,7.260000228881836,4.842991828918457,12925
2008-01-03,7.599999904632568,7.619999885559082,7.599999904632568,7.619999885559082,5.083139419555664,4000
2008-01-04,8.0,8.0,8.0,8.0,5.336629390716553,6095
2008-01-07,8.399999618530273,8.399999618530273,8.279999732971191,8.399999618530273,5.603461265563965,7420
2008-01-08,8.819999694824219,8.819999694824219,8.039999961853027,8.819999694824219,5.883633136749268,20275
2008-01-09,8.550000190734863,8.800000190734863,8.399999618530273,8.460000038146973,5.643486022949219,26390
2008-01-10,8.600000381469727,8.779999732971191,8.029999732971191,8.0600004196167,5.376654624938965,11960
2008-01-11,7.659999847412109,7.769999980926514,7.659999847412109,7.679999828338623,5.12316370010376,9000
2008-01-14,8.039999961853027,8.039999961853027,7.449999809265137,7.78000020980835,5.189872741699219,3255
2008-01-15,8.140000343322754,8.140000343322754,7.400000095367432,7.900000095367432,5.26992130279541,530
2008-01-16,8.279999732971191,8.279999732971191,7.510000228881836,8.119999885559082,5.416678428649902,520
2008-01-17,8.470000267028809,8.470000267028809,8.470000267028809,8.470000267028809,5.6501569747924805,15
2008-01-18,8.880000114440918,8.880000114440918,8.0600004196167,8.399999618530273,5.603461265563965,3550
2008-01-21,8.3100004196167,8.3100004196167,8.3100004196167,8.3100004196167,5.543423652648926,25
2008-01-22,7.900000095367432,7.900000095367432,7.900000095367432,7.900000095367432,5.26992130279541,15
2008-01-23,7.510000228881836,7.510000228881836,7.510000228881836,7.510000228881836,5.009759902954102,4890
2008-01-24,7.800000190734863,7.800000190734863,7.139999866485596,7.139999866485596,4.762941360473633,3380
2008-01-25,6.789999961853027,6.789999961853027,6.789999961853027,6.789999961853027,4.529463768005371,995
2008-01-28,6.710000038146973,6.710000038146973,6.710000038146973,6.710000038146973,4.47609806060791,5075
2008-01-29,6.400000095367432,6.400000095367432,6.380000114440918,6.380000114440918,4.255961894989014,1250
2008-01-30,6.309999942779541,6.690000057220459,6.179999828338623,6.21999979019165,4.149229049682617,9735
2008-02-01,6.699999809265137,6.699999809265137,6.25,6.690000057220459,4.462756633758545,15
2008-02-04,6.230000019073486,6.599999904632568,6.230000019073486,6.599999904632568,4.402719020843506,1490
2008-02-05,6.5,6.5,6.5,6.5,4.336010932922363,23000
2008-02-06,6.409999847412109,6.409999847412109,6.409999847412109,6.409999847412109,4.275974273681641,50
2008-02-07,6.5,6.5,6.409999847412109,6.409999847412109,4.275974273681641,750
2008-02-08,6.71999979019165,6.71999979019165,6.71999979019165,6.71999979019165,4.482768535614014,5
2008-02-13,6.389999866485596,6.389999866485596,6.389999866485596,6.389999866485596,4.262632369995117,2500
2008-02-14,6.619999885559082,6.690000057220459,6.389999866485596,6.400000095367432,4.269303798675537,1535
2008-02-15,6.199999809265137,6.699999809265137,6.110000133514404,6.699999809265137,4.469427585601807,4745
2008-02-18,6.420000076293945,6.650000095367432,6.420000076293945,6.650000095367432,4.436073303222656,30
2008-02-19,6.400000095367432,6.400000095367432,6.25,6.25,4.169241428375244,1225
2008-02-20,6.389999866485596,6.389999866485596,6.0,6.0,4.002471923828125,1650
2008-02-22,6.28000020980835,6.300000190734863,5.849999904632568,6.300000190734863,4.2025957107543945,50500
2008-02-25,6.03000020980835,6.079999923706055,6.03000020980835,6.079999923706055,4.055838108062744,380
2008-02-27,6.300000190734863,6.300000190734863,5.840000152587891,5.840000152587891,3.895739793777466,485
2008-02-29,5.800000190734863,5.800000190734863,5.800000190734863,5.800000190734863,3.8690569400787354,165
2008-03-03,5.800000190734863,5.800000190734863,5.800000190734863,5.800000190734863,3.8690569400787354,1085
2008-03-04,6.079999923706055,6.079999923706055,5.760000228881836,5.760000228881836,3.8423731327056885,1500
2008-03-07,6.019999980926514,6.03000020980835,6.019999980926514,6.03000020980835,4.02248477935791,2515
2008-03-10,5.730000019073486,5.730000019073486,5.730000019073486,5.730000019073486,3.8223607540130615,9800
2008-03-12,6.0,6.0,5.940000057220459,5.940000057220459,3.962446689605713,1045
2008-03-13,5.800000190734863,6.21999979019165,5.800000190734863,6.21999979019165,4.149229049682617,30
2008-03-14,5.929999828338623,6.300000190734863,5.929999828338623,6.019999980926514,4.01581335067749,6510
2008-03-17,5.78000020980835,5.78000020980835,5.78000020980835,5.78000020980835,3.855714797973633,1500
2008-03-18,5.599999904632568,5.989999771118164,5.519999980926514,5.519999980926514,3.682274580001831,4880
2008-03-19,5.300000190734863,5.300000190734863,5.300000190734863,5.300000190734863,3.535517454147339,9050
2008-03-24,5.360000133514404,5.360000133514404,5.360000133514404,5.360000133514404,3.5755414962768555,500
2008-03-25,5.599999904632568,5.599999904632568,5.599999904632568,5.599999904632568,3.735640048980713,1050
2008-03-26,5.599999904632568,5.599999904632568,5.400000095367432,5.400000095367432,3.6022250652313232,1000
2008-03-27,5.360000133514404,5.670000076293945,5.360000133514404,5.670000076293945,3.7823359966278076,200000
2008-03-28,5.949999809265137,5.949999809265137,5.949999809265137,5.949999809265137,3.9691178798675537,65000
2008-04-01,5.659999847412109,6.0,5.659999847412109,6.0,4.002471923828125,500
2008-04-08,5.710000038146973,5.710000038146973,5.710000038146973,5.710000038146973,3.8090195655822754,45
2008-04-11,5.429999828338623,5.429999828338623,5.429999828338623,5.429999828338623,3.622236967086792,750
2008-04-15,5.210000038146973,5.699999809265137,5.199999809265137,5.199999809265137,3.468808889389038,1755
2008-04-16,5.460000038146973,5.460000038146973,5.360000133514404,5.400000095367432,3.6022250652313232,510
2008-04-21,5.659999847412109,5.659999847412109,5.659999847412109,5.659999847412109,3.7756659984588623,750
2008-05-15,5.380000114440918,5.940000057220459,5.380000114440918,5.940000057220459,3.962446689605713,955
2008-05-20,6.019999980926514,6.019999980926514,6.019999980926514,6.019999980926514,4.01581335067749,220
2008-05-22,6.019999980926514,6.320000171661377,6.019999980926514,6.320000171661377,4.21593713760376,2905
2008-05-23,6.630000114440918,6.630000114440918,6.630000114440918,6.630000114440918,4.422731399536133,7555
2008-05-26,6.599999904632568,6.960000038146973,6.599999904632568,6.960000038146973,4.642867565155029,3555
2008-05-27,7.300000190734863,7.300000190734863,7.300000190734863,7.300000190734863,4.869674205780029,8525
2008-05-28,7.659999847412109,7.659999847412109,7.579999923706055,7.659999847412109,5.109822750091553,14845
2008-05-29,8.039999961853027,8.039999961853027,7.420000076293945,8.039999961853027,5.363312244415283,16535
2008-05-30,7.900000095367432,8.199999809265137,7.599999904632568,8.100000381469727,5.403337001800537,15680
2008-06-02,8.4399995803833,8.489999771118164,8.100000381469727,8.420000076293945,5.61680269241333,234830
2008-06-03,8.09000015258789,8.84000015258789,8.09000015258789,8.84000015258789,5.896975517272949,51315
2008-06-04,8.989999771118164,9.270000457763672,8.989999771118164,9.270000457763672,6.1838202476501465,11680
2008-06-05,9.729999542236328,9.729999542236328,9.420000076293945,9.729999542236328,6.49067497253418,18470
2008-06-06,10.100000381469727,10.199999809265137,9.800000190734863,9.930000305175781,6.624091625213623,17465
2008-06-09,9.4399995803833,10.420000076293945,9.4399995803833,10.420000076293945,6.950960159301758,39255
2008-06-10,10.3100004196167,10.699999809265137,10.0,10.0,6.6707868576049805,22635
2008-06-11,10.149999618530273,10.149999618530273,9.729999542236328,9.729999542236328,6.49067497253418,6215
2008-06-12,9.25,10.0,9.25,10.0,6.6707868576049805,5500
2008-06-13,9.380000114440918,10.15999984741211,9.380000114440918,9.380000114440918,6.257198333740234,140
2008-06-16,9.300000190734863,9.84000015258789,9.300000190734863,9.84000015258789,6.564054012298584,23510
2008-06-17,10.1899995803833,10.1899995803833,9.399999618530273,9.960000038146973,6.644103050231934,11945
2008-06-18,10.199999809265137,10.199999809265137,9.359999656677246,9.970000267028809,6.650774002075195,4090
2008-06-19,10.390000343322754,10.390000343322754,9.600000381469727,9.890000343322754,6.597407817840576,4115
2008-06-20,10.1899995803833,10.1899995803833,9.399999618530273,9.399999618530273,6.270539283752441,2015
2008-06-23,9.84000015258789,9.859999656677246,8.979999542236328,9.399999618530273,6.270539283752441,25405
2008-06-24,10.260000228881836,10.260000228881836,9.600000381469727,10.140000343322754,6.76417875289917,13180
2008-06-25,10.640000343322754,10.640000343322754,9.770000457763672,9.899999618530273,6.604078769683838,7725
2008-06-26,10.34000015258789,10.34000015258789,9.380000114440918,9.380000114440918,6.257198333740234,5605
2008-06-27,10.1899995803833,10.1899995803833,9.4399995803833,9.960000038146973,6.644103050231934,1950
2008-06-30,9.960000038146973,10.399999618530273,9.470000267028809,9.9399995803833,6.630760669708252,43180
2008-07-01,10.079999923706055,10.079999923706055,9.5,9.510000228881836,6.343918323516846,8550
2008-07-02,9.960000038146973,9.960000038146973,9.029999732971191,9.029999732971191,6.023719787597656,26515
2008-07-03,8.9399995803833,8.9399995803833,8.9399995803833,8.9399995803833,5.963683128356934,5790
2008-07-04,8.619999885559082,8.640000343322754,8.600000381469727,8.600000381469727,5.736876964569092,4550
2008-07-07,8.609999656677246,8.9399995803833,7.75,7.75,5.169859409332275,23660
2008-07-08,7.110000133514404,8.390000343322754,7.110000133514404,7.820000171661377,5.216554641723633,15150
2008-07-09,8.300000190734863,8.59000015258789,8.300000190734863,8.59000015258789,5.73020601272583,7750
2008-07-10,9.25,9.25,8.609999656677246,9.079999923706055,6.057074069976807,1790
2008-07-11,9.84000015258789,9.84000015258789,9.199999809265137,9.569999694824219,6.3839430809021,3820
2008-07-14,9.899999618530273,9.899999618530273,9.0,9.800000190734863,6.5373711585998535,13055
2008-07-15,9.899999618530273,9.899999618530273,9.399999618530273,9.739999771118164,6.497345447540283,12765
2008-07-16,9.899999618530273,10.0,9.1899995803833,9.3100004196167,6.2105021476745605,8345
2008-07-17,9.739999771118164,9.739999771118164,8.850000381469727,8.850000381469727,5.903645992279053,960
2008-07-18,9.399999618530273,9.420000076293945,9.25,9.40999984741211,6.277209758758545,59785
2008-07-21,9.699999809265137,9.699999809265137,8.979999542236328,9.600000381469727,6.403955936431885,25
2008-07-22,9.15999984741211,9.979999542236328,9.15999984741211,9.859999656677246,6.577394962310791,15375
2008-07-23,9.199999809265137,9.720000267028809,9.199999809265137,9.710000038146973,6.477334022521973,3360
2008-07-24,10.149999618530273,10.15999984741211,9.300000190734863,9.75,6.504016876220703,1255
2008-07-25,9.3100004196167,10.0,9.279999732971191,10.0,6.6707868576049805,14165
2008-07-28,10.100000381469727,10.399999618530273,9.600000381469727,10.399999618530273,6.937617778778076,9905
2008-07-29,10.270000457763672,10.65999984741211,10.020000457763672,10.65999984741211,7.111058235168457,10500
2008-07-30,10.300000190734863,11.130000114440918,10.220000267028809,10.90999984741211,7.277829647064209,55000
2008-07-31,11.359999656677246,11.399999618530273,10.8100004196167,10.8100004196167,7.211121559143066,21000
2008-08-01,10.819999694824219,11.34000015258789,10.649999618530273,10.699999809265137,7.137741565704346,30000
2008-08-04,10.220000267028809,10.989999771118164,10.220000267028809,10.989999771118164,7.331193447113037,5500
2008-08-05,11.359999656677246,11.359999656677246,10.800000190734863,11.170000076293945,7.451271057128906,18500
2008-08-06,11.579999923706055,11.579999923706055,10.609999656677246,10.65999984741211,7.111058235168457,29000
2008-08-07,10.65999984741211,11.1899995803833,10.420000076293945,11.15999984741211,7.444596767425537,9500
2008-08-08,11.699999809265137,11.699999809265137,11.220000267028809,11.539999961853027,7.698088645935059,12500
2008-08-11,11.800000190734863,11.829999923706055,11.5,11.819999694824219,7.88486909866333,41500
2008-08-12,12.199999809265137,12.380000114440918,12.119999885559082,12.359999656677246,8.24509334564209,81500
2008-08-13,12.520000457763672,12.9399995803833,12.520000457763672,12.9399995803833,8.631996154785156,105000
2008-08-14,13.40999984741211,13.430000305175781,12.260000228881836,13.390000343322754,8.932184219360352,195000
2008-08-18,13.399999618530273,13.739999771118164,13.199999809265137,13.399999618530273,8.938855171203613,255440
2008-08-19,13.770000457763672,14.149999618530273,13.770000457763672,14.130000114440918,9.425821304321289,179190
2008-08-20,14.239999771118164,14.300000190734863,14.0,14.300000190734863,9.539224624633789,138955
2008-08-21,14.300000190734863,14.859999656677246,13.800000190734863,13.800000190734863,9.205684661865234,160310
2008-08-22,13.899999618530273,13.899999618530273,13.699999809265137,13.800000190734863,9.205684661865234,70770
2008-08-25,13.600000381469727,14.0,13.600000381469727,13.699999809265137,9.13897705078125,106555
2008-08-26,14.0,14.0,13.399999618530273,13.619999885559082,9.085612297058105,120040
2008-08-27,13.800000190734863,13.850000381469727,13.5,13.569999694824219,9.052258491516113,129005
2008-08-28,13.5,13.600000381469727,13.199999809265137,13.300000190734863,8.872146606445312,42575
2008-08-29,13.399999618530273,13.399999618530273,12.800000190734863,12.800000190734863,8.538607597351074,51275
2008-09-01,13.300000190734863,13.399999618530273,13.100000381469727,13.380000114440918,8.92551326751709,113800
2008-09-02,13.5,13.5,12.800000190734863,12.800000190734863,8.538607597351074,112285
2008-09-04,13.279999732971191,13.59000015258789,13.180000305175781,13.220000267028809,8.818779945373535,93210
2008-09-05,13.399999618530273,13.399999618530273,12.5600004196167,13.09000015258789,8.732059478759766,88550
2008-09-08,13.5,13.600000381469727,13.0,13.579999923706055,9.058927536010742,234080
2008-09-09,13.680000305175781,13.949999809265137,12.399999618530273,13.329999923706055,8.892156600952148,133140
2008-09-10,13.0,13.399999618530273,12.600000381469727,12.600000381469727,8.405191421508789,48480
2008-09-11,13.199999809265137,13.199999809265137,12.600000381469727,12.600000381469727,8.405191421508789,79145
2008-09-12,13.399999618530273,13.699999809265137,12.0,12.680000305175781,8.45855712890625,56590
2008-09-15,12.0,13.199999809265137,12.0,13.050000190734863,8.705378532409668,68080
2008-09-16,12.800000190734863,12.800000190734863,12.399999618530273,12.699999809265137,8.471899032592773,10705
2008-09-17,13.0,13.0,12.0,12.59000015258789,8.398521423339844,185870
2008-09-18,12.399999618530273,12.399999618530273,10.890000343322754,10.890000343322754,7.264486789703369,113145
2008-09-19,12.0,12.0,10.800000190734863,11.65999984741211,7.778136730194092,110505
2008-09-22,11.8100004196167,12.479999542236328,11.739999771118164,11.989999771118164,7.998272895812988,348200
2008-09-23,12.4399995803833,12.699999809265137,12.0,12.210000038146973,8.145030975341797,129200
2008-09-24,12.600000381469727,12.960000038146973,12.399999618530273,12.869999885559082,9.351162910461426,107050
2008-09-25,13.100000381469727,13.579999923706055,13.0,13.420000076293945,9.750786781311035,77900
2008-09-26,13.859999656677246,13.960000038146973,13.020000457763672,13.5,9.808914184570312,49000
2008-09-29,14.0,14.0,12.90999984741211,13.350000381469727,9.699925422668457,81545
2008-09-30,13.0,13.600000381469727,12.0,13.579999923706055,9.86703872680664,51660
2008-10-01,13.199999809265137,13.199999809265137,11.890000343322754,11.890000343322754,8.639110565185547,87630
2008-10-03,12.399999618530273,12.399999618530273,11.880000114440918,12.0,8.719033241271973,287775
2008-10-06,12.40999984741211,12.40999984741211,12.0,12.399999618530273,9.009666442871094,275625
2008-10-07,12.4399995803833,12.989999771118164,11.800000190734863,12.619999885559082,9.16951847076416,322360
2008-10-08,12.609999656677246,13.050000190734863,11.949999809265137,13.0,9.4456205368042,93290
2008-10-10,12.199999809265137,12.600000381469727,11.59000015258789,11.899999618530273,8.64637565612793,167755
2008-10-13,12.5,12.800000190734863,12.0,12.770000457763672,9.278504371643066,297325
2008-10-14,13.0,13.199999809265137,12.199999809265137,12.199999809265137,8.864350318908691,129665
2008-10-15,13.180000305175781,13.180000305175781,12.020000457763672,12.720000267028809,9.242176055908203,353275
2008-10-16,12.800000190734863,12.800000190734863,10.989999771118164,12.0,8.719033241271973,175490
2008-10-17,13.0,13.180000305175781,10.890000343322754,12.0,8.719033241271973,293365
2008-10-20,12.850000381469727,12.850000381469727,11.800000190734863,11.800000190734863,8.573715209960938,292725
2008-10-21,12.319999694824219,12.319999694824219,11.449999809265137,11.609999656677246,8.435664176940918,152055
2008-10-22,11.920000076293945,12.489999771118164,11.619999885559082,11.8100004196167,8.58098316192627,475345
2008-10-23,11.800000190734863,11.899999618530273,10.899999618530273,11.75,8.537384986877441,185315
2008-10-24,11.399999618530273,11.59000015258789,10.020000457763672,10.109999656677246,7.3457841873168945,204115
2008-10-27,10.199999809265137,10.199999809265137,9.100000381469727,9.75,7.08421516418457,396265
2008-10-29,10.5600004196167,10.5600004196167,9.199999809265137,10.399999618530273,7.5564961433410645,55945
2008-10-31,10.800000190734863,10.880000114440918,10.0,10.4399995803833,7.585559368133545,345500
2008-11-03,10.789999961853027,11.329999923706055,10.3100004196167,11.329999923706055,8.232220649719238,251590
2008-11-04,11.3100004196167,11.789999961853027,10.800000190734863,11.25,8.174093246459961,333370
2008-11-05,11.600000381469727,12.300000190734863,11.199999809265137,12.0600004196167,8.762628555297852,360600
2008-11-06,12.390000343322754,12.399999618530273,11.800000190734863,12.0,8.719033241271973,226505
2008-11-07,12.399999618530273,12.5,12.020000457763672,12.380000114440918,8.995136260986328,87830
2008-11-10,12.5,12.600000381469727,11.800000190734863,12.279999732971191,8.922477722167969,101930
2008-11-11,12.399999618530273,12.550000190734863,11.670000076293945,11.670000076293945,8.479259490966797,106090
2008-11-12,11.930000305175781,11.930000305175781,11.09000015258789,11.09000015258789,8.057840347290039,106750
2008-11-14,11.390000343322754,11.390000343322754,10.539999961853027,10.539999961853027,7.658217906951904,267000
2008-11-17,10.199999809265137,10.789999961853027,10.020000457763672,10.5600004196167,7.6727495193481445,243385
2008-11-18,10.600000381469727,10.600000381469727,9.859999656677246,10.0,7.265861988067627,88485
2008-11-19,9.630000114440918,9.630000114440918,9.5,9.5,6.902568340301514,27015
2008-11-20,9.029999732971191,9.029999732971191,9.029999732971191,9.029999732971191,6.561072826385498,11525
2008-11-21,8.579999923706055,8.579999923706055,8.579999923706055,8.579999923706055,6.2341084480285645,7030
2008-11-24,8.210000038146973,8.9399995803833,8.15999984741211,8.279999732971191,6.016133785247803,67370
2008-11-25,7.789999961853027,7.789999961853027,7.789999961853027,7.789999961853027,5.6601057052612305,75
2008-11-26,7.409999847412109,7.409999847412109,7.409999847412109,7.409999847412109,5.384002685546875,4035
2008-11-28,7.039999961853027,7.039999961853027,7.039999961853027,7.039999961853027,5.115165710449219,7750
2008-12-01,6.690000057220459,6.690000057220459,6.690000057220459,6.690000057220459,4.860861301422119,5
2008-12-02,6.360000133514404,6.360000133514404,6.360000133514404,6.360000133514404,4.621088027954102,2535
2008-12-03,6.050000190734863,6.050000190734863,6.050000190734863,6.050000190734863,4.395846843719482,25
2008-12-04,5.75,5.75,5.75,5.75,4.177870750427246,10750
2008-12-05,5.46999979019165,5.46999979019165,5.46999979019165,5.46999979019165,3.974426031112671,2525
2008-12-08,5.199999809265137,5.199999809265137,5.199999809265137,5.199999809265137,3.7782480716705322,1000
2008-12-10,4.949999809265137,4.949999809265137,4.949999809265137,4.949999809265137,3.5966005325317383,1900
2008-12-11,4.710000038146973,4.710000038146973,4.710000038146973,4.710000038146973,3.422220468521118,1505
2008-12-12,4.480000019073486,4.940000057220459,4.480000019073486,4.909999847412109,3.567537784576416,521940
2008-12-15,5.119999885559082,5.119999885559082,4.760000228881836,4.960000038146973,3.603867292404175,90600
2008-12-16,5.090000152587891,5.21999979019165,5.0,5.21999979019165,3.7927796840667725,9655
2008-12-17,5.300000190734863,5.480000019073486,4.960000038146973,5.199999809265137,3.7782480716705322,9780
2008-12-18,5.0,5.0,5.0,5.0,3.6329309940338135,50
2008-12-22,5.210000038146973,5.210000038146973,5.210000038146973,5.210000038146973,3.7855136394500732,545
2008-12-23,5.449999809265137,5.449999809265137,5.0,5.0,3.6329309940338135,11525
2008-12-24,5.0,5.25,4.800000190734863,4.900000095367432,3.5602712631225586,6100
2008-12-26,5.139999866485596,5.139999866485596,4.659999847412109,4.659999847412109,3.3858914375305176,10500
2008-12-30,4.800000190734863,4.989999771118164,4.710000038146973,4.989999771118164,3.625664234161377,6500
2008-12-31,4.769999980926514,4.769999980926514,4.75,4.75,3.451284170150757,15000
2009-01-02,4.440000057220459,4.760000228881836,4.320000171661377,4.760000228881836,3.458549976348877,47000
2009-01-05,4.989999771118164,4.989999771118164,4.53000020980835,4.579999923706055,3.3277645111083984,26500
2009-01-06,4.650000095367432,5.0,4.650000095367432,5.0,3.6329309940338135,500
2009-01-07,4.800000190734863,4.980000019073486,4.599999904632568,4.980000019073486,3.618398904800415,3000
2009-01-09,4.599999904632568,4.960000038146973,4.599999904632568,4.929999828338623,3.5820698738098145,2000
2009-01-12,5.090000152587891,5.090000152587891,4.5,4.800000190734863,3.4876134395599365,16500
2009-01-13,5.0,5.0,4.369999885559082,4.429999828338623,3.2187764644622803,15
2009-01-15,4.159999847412109,4.710000038146973,4.150000095367432,4.150000095367432,3.0153322219848633,80
2009-01-20,4.599999904632568,4.599999904632568,4.400000095367432,4.400000095367432,3.196978807449341,650
2009-01-21,4.260000228881836,4.260000228881836,4.260000228881836,4.260000228881836,3.09525728225708,5
2009-01-22,4.400000095367432,4.579999923706055,4.400000095367432,4.579999923706055,3.3277645111083984,2100
2009-01-23,4.179999828338623,4.179999828338623,4.179999828338623,4.179999828338623,3.0371296405792236,500
2009-01-28,4.179999828338623,4.190000057220459,4.179999828338623,4.190000057220459,3.044396162033081,1000
2009-01-29,4.159999847412109,4.159999847412109,4.150000095367432,4.150000095367432,3.0153322219848633,555
2009-01-30,4.199999809265137,4.199999809265137,4.199999809265137,4.199999809265137,3.051661729812622,500
2009-02-02,4.400000095367432,4.619999885559082,4.400000095367432,4.400000095367432,3.196978807449341,990
2009-02-03,4.760000228881836,4.760000228881836,4.010000228881836,4.360000133514404,3.1679158210754395,18585
2009-02-04,4.650000095367432,4.78000020980835,4.199999809265137,4.78000020980835,3.473081588745117,765
2009-02-05,4.980000019073486,4.980000019073486,4.980000019073486,4.980000019073486,3.618398904800415,500
2009-02-06,4.650000095367432,4.900000095367432,4.650000095367432,4.670000076293945,3.3931570053100586,1575
2009-02-09,4.699999809265137,4.869999885559082,4.699999809265137,4.739999771118164,3.4440176486968994,5565
2009-02-10,4.989999771118164,4.989999771118164,4.989999771118164,4.989999771118164,3.625664234161377,1250
2009-02-12,5.090000152587891,5.090000152587891,5.090000152587891,5.090000152587891,3.6983225345611572,250
2009-02-13,5.190000057220459,5.570000171661377,4.800000190734863,5.570000171661377,4.047084808349609,7585
2009-02-16,5.019999980926514,5.519999980926514,5.019999980926514,5.519999980926514,4.010754585266113,510
2009-02-17,5.570000171661377,5.570000171661377,4.980000019073486,4.980000019073486,3.618398904800415,1700
2009-02-18,5.460000038146973,5.460000038146973,4.53000020980835,5.039999961853027,3.6619937419891357,1155
2009-02-19,5.519999980926514,5.519999980926514,5.0,5.210000038146973,3.7855136394500732,11135
2009-02-20,5.489999771118164,5.489999771118164,5.21999979019165,5.25,3.814577341079712,2455
2009-02-24,4.730000019073486,5.559999942779541,4.730000019073486,5.53000020980835,4.018021106719971,1835
2009-02-25,4.760000228881836,5.400000095367432,4.760000228881836,5.400000095367432,3.9235646724700928,950
2009-03-02,5.199999809265137,5.320000171661377,4.900000095367432,5.320000171661377,3.865438222885132,15
2009-03-04,4.679999828338623,4.679999828338623,4.679999828338623,4.679999828338623,3.400423049926758,250
2009-03-05,4.230000019073486,5.0,4.230000019073486,4.369999885559082,3.1751811504364014,280
2009-03-12,4.400000095367432,4.400000095367432,4.400000095367432,4.400000095367432,3.196978807449341,1000
2009-03-13,4.409999847412109,4.409999847412109,4.25,4.25,3.0879909992218018,2500
2009-03-16,4.460000038146973,4.460000038146973,4.460000038146973,4.460000038146973,3.2405741214752197,500
2009-03-17,4.679999828338623,4.679999828338623,4.679999828338623,4.679999828338623,3.400423049926758,125
2009-03-18,4.909999847412109,4.909999847412109,4.909999847412109,4.909999847412109,3.567537784576416,125
2009-03-19,5.150000095367432,5.150000095367432,4.670000076293945,4.670000076293945,3.3931570053100586,5015
2009-03-23,4.670000076293945,4.900000095367432,4.639999866485596,4.639999866485596,3.37135910987854,500
2009-03-24,4.650000095367432,4.650000095367432,4.650000095367432,4.650000095367432,3.3786251544952393,1000
2009-03-25,4.639999866485596,4.639999866485596,4.639999866485596,4.639999866485596,3.37135910987854,375
2009-03-31,4.639999866485596,4.869999885559082,4.639999866485596,4.869999885559082,3.5384740829467773,1000
2009-04-02,4.900000095367432,5.0,4.900000095367432,5.0,3.6329309940338135,1000
2009-04-06,4.889999866485596,4.900000095367432,4.800000190734863,4.800000190734863,3.4876134395599365,5215
2009-04-08,4.960000038146973,4.960000038146973,4.849999904632568,4.849999904632568,3.523942708969116,1495
2009-04-09,4.980000019073486,4.980000019073486,4.860000133514404,4.860000133514404,3.531208038330078,5765
2009-04-13,5.050000190734863,5.050000190734863,5.050000190734863,5.050000190734863,3.669260263442993,500
2009-04-15,4.800000190734863,5.25,4.800000190734863,5.25,3.814577341079712,5300
2009-04-16,5.349999904632568,5.380000114440918,5.349999904632568,5.349999904632568,3.887235641479492,9800
2009-04-17,5.579999923706055,5.579999923706055,5.579999923706055,5.579999923706055,4.054349899291992,3250
2009-04-20,5.849999904632568,5.849999904632568,5.539999961853027,5.690000057220459,4.134275436401367,3855
2009-04-21,5.869999885559082,5.869999885559082,5.869999885559082,5.869999885559082,4.2650604248046875,5
2009-04-22,6.0,6.0,5.650000095367432,5.940000057220459,4.315921306610107,4250
2009-04-23,5.96999979019165,5.980000019073486,5.96999979019165,5.980000019073486,4.344985485076904,1425
2009-04-24,5.980000019073486,5.989999771118164,5.900000095367432,5.989999771118164,4.352250576019287,4750
2009-04-28,5.849999904632568,5.849999904632568,5.849999904632568,5.849999904632568,4.250528812408447,2500
2009-05-05,5.860000133514404,5.860000133514404,5.860000133514404,5.860000133514404,4.2577948570251465,1500
2009-05-07,5.900000095367432,5.900000095367432,5.849999904632568,5.849999904632568,4.250528812408447,2500
2009-05-11,5.849999904632568,5.849999904632568,5.849999904632568,5.849999904632568,4.250528812408447,2995
2009-05-12,5.849999904632568,5.909999847412109,5.849999904632568,5.860000133514404,4.2577948570251465,3500
2009-05-13,5.900000095367432,6.099999904632568,5.889999866485596,5.900000095367432,4.286857604980469,3765
2009-05-14,5.860000133514404,5.860000133514404,5.860000133514404,5.860000133514404,4.2577948570251465,4375
2009-05-20,6.150000095367432,6.150000095367432,6.03000020980835,6.150000095367432,4.468504905700684,9705
2009-05-21,6.190000057220459,6.449999809265137,5.949999809265137,6.429999828338623,4.6719489097595215,7300
2009-05-22,6.150000095367432,6.75,6.150000095367432,6.75,4.904457092285156,5520
2009-05-25,6.78000020980835,6.889999866485596,6.78000020980835,6.889999866485596,5.006178855895996,3525
2009-05-26,7.199999809265137,7.230000019073486,6.610000133514404,6.610000133514404,4.802734375,4350
2009-05-27,7.119999885559082,7.119999885559082,7.119999885559082,7.119999885559082,5.173292636871338,500
2009-05-28,6.800000190734863,7.429999828338623,6.800000190734863,7.300000190734863,5.304078102111816,7995
2009-05-29,7.46999979019165,7.659999847412109,7.400000095367432,7.659999847412109,5.565649032592773,5840
2009-06-01,8.0,8.020000457763672,8.0,8.020000457763672,5.827220916748047,1000
2009-06-02,8.390000343322754,8.420000076293945,8.390000343322754,8.420000076293945,6.117855548858643,2000
2009-06-03,8.0,8.84000015258789,8.0,8.84000015258789,6.4230217933654785,3500
2009-06-04,9.279999732971191,9.279999732971191,8.920000076293945,9.279999732971191,6.74271821975708,4000
2009-06-05,9.680000305175781,9.739999771118164,9.550000190734863,9.739999771118164,7.076948165893555,8000
2009-06-08,10.100000381469727,10.220000267028809,10.0,10.0,7.265861988067627,11000
2009-06-09,10.260000228881836,10.619999885559082,10.260000228881836,10.619999885559082,7.716344356536865,14500
2009-06-10,11.149999618530273,11.149999618530273,10.600000381469727,11.119999885559082,8.07963752746582,6000
2009-06-11,11.399999618530273,11.600000381469727,11.199999809265137,11.600000381469727,8.428399085998535,11000
2009-06-12,12.0,12.100000381469727,11.600000381469727,11.600000381469727,8.428399085998535,12000
2009-06-15,12.300000190734863,12.359999656677246,11.880000114440918,12.359999656677246,8.98060417175293,11000
2009-06-16,11.800000190734863,12.899999618530273,11.800000190734863,12.770000457763672,9.278504371643066,15000
2009-06-17,12.260000228881836,13.180000305175781,12.140000343322754,12.149999618530273,8.828021049499512,500
2009-06-19,11.0,11.0,10.979999542236328,10.979999542236328,7.9779157638549805,1000
2009-06-22,11.520000457763672,11.520000457763672,10.800000190734863,10.800000190734863,7.8471293449401855,500
2009-06-25,9.420000076293945,9.420000076293945,9.359999656677246,9.359999656677246,6.800846099853516,1500
2009-06-26,8.899999618530273,9.0,8.899999618530273,9.0,6.539274215698242,110
2009-06-29,9.430000305175781,9.430000305175781,9.050000190734863,9.050000190734863,6.575604438781738,65
2009-07-08,11.880000114440918,11.880000114440918,9.729999542236328,10.609999656677246,7.709078788757324,500
2009-07-09,11.569999694824219,11.569999694824219,11.0,11.0,7.9924468994140625,10
2009-07-10,12.079999923706055,12.079999923706055,9.989999771118164,11.399999618530273,8.2830810546875,500
2009-07-14,12.5,12.5,10.260000228881836,10.260000228881836,7.454774856567383,6000
2009-07-16,8.819999694824219,9.779999732971191,8.819999694824219,9.779999732971191,7.106011390686035,500
2009-07-17,9.779999732971191,10.15999984741211,8.819999694824219,10.15999984741211,7.382114887237549,500
2009-07-20,9.220000267028809,10.34000015258789,9.220000267028809,9.359999656677246,6.800846099853516,1000
2009-07-21,9.0,10.1899995803833,9.0,9.979999542236328,7.251328468322754,2500
2009-07-22,9.399999618530273,9.979999542236328,8.850000381469727,9.890000343322754,7.185936450958252,5000
2009-07-23,8.619999885559082,9.729999542236328,8.619999885559082,9.600000381469727,6.975226879119873,500
2009-07-24,9.600000381469727,9.600000381469727,9.199999809265137,9.399999618530273,6.829909324645996,1000
2009-07-27,9.600000381469727,9.989999771118164,9.600000381469727,9.600000381469727,6.975226879119873,4500
2009-07-28,9.600000381469727,10.0,9.199999809265137,9.800000190734863,7.120542526245117,4000
2009-07-29,10.0,10.600000381469727,10.0,10.600000381469727,7.701813220977783,9000
2009-07-30,10.199999809265137,11.25,10.020000457763672,10.220000267028809,7.425710678100586,8000
2009-07-31,10.979999542236328,11.029999732971191,10.4399995803833,11.029999732971191,8.014245986938477,10500
2009-08-03,10.5,11.729999542236328,10.300000190734863,11.5,8.355741500854492,8000
2009-08-04,11.399999618530273,11.899999618530273,11.399999618530273,11.899999618530273,8.64637565612793,3000
2009-08-05,12.220000267028809,12.220000267028809,10.739999771118164,11.0,7.9924468994140625,1500
2009-08-06,10.670000076293945,11.630000114440918,10.670000076293945,10.800000190734863,7.8471293449401855,5500
2009-08-07,9.800000190734863,10.920000076293945,9.800000190734863,9.859999656677246,7.164139747619629,1500
2009-08-12,10.399999618530273,10.399999618530273,9.710000038146973,10.399999618530273,7.5564961433410645,1000
2009-08-13,10.0,10.899999618530273,10.0,10.899999618530273,7.919788360595703,2000
2009-08-14,10.529999732971191,11.470000267028809,10.520000457763672,11.470000267028809,8.333942413330078,1000
2009-08-17,11.869999885559082,11.869999885559082,10.0,10.0,7.265861988067627,280
2009-08-18,9.329999923706055,10.979999542236328,9.329999923706055,10.899999618530273,7.919788360595703,10000
2009-08-19,10.920000076293945,10.920000076293945,9.819999694824219,10.800000190734863,7.8471293449401855,4000
2009-08-20,9.600000381469727,11.149999618530273,9.229999542236328,11.0,7.9924468994140625,20
2009-08-24,10.930000305175781,10.930000305175781,10.199999809265137,10.479999542236328,7.614622116088867,1000
2009-08-27,9.5,10.479999542236328,9.5,10.380000114440918,7.541963577270508,2000
2009-08-31,10.0,10.390000343322754,9.960000038146973,10.390000343322754,7.549230098724365,1000
2009-09-02,9.420000076293945,10.350000381469727,9.420000076293945,10.350000381469727,7.52016544342041,165
2009-09-03,10.329999923706055,10.479999542236328,10.329999923706055,10.479999542236328,7.614622116088867,2000
2009-09-04,10.699999809265137,11.5,10.699999809265137,11.0,7.9924468994140625,18500
2009-09-07,11.199999809265137,11.760000228881836,10.880000114440918,11.760000228881836,8.544652938842773,17500
2009-09-08,10.720000267028809,11.819999694824219,10.720000267028809,11.720000267028809,8.515589714050293,17500
2009-09-09,11.149999618530273,12.199999809265137,11.149999618530273,12.1899995803833,8.857083320617676,26000
2009-09-10,11.609999656677246,12.479999542236328,11.609999656677246,12.479999542236328,9.067794799804688,11500
2009-09-11,11.859999656677246,12.800000190734863,11.850000381469727,12.699999809265137,9.227642059326172,20500
2009-09-14,12.199999809265137,12.199999809265137,12.0,12.0,8.719033241271973,75
2009-09-15,12.0,12.0,11.430000305175781,11.430000305175781,8.304880142211914,1000
2009-09-16,11.989999771118164,12.0,10.880000114440918,12.0,8.719033241271973,19000
2009-09-17,11.199999809265137,12.300000190734863,11.199999809265137,12.0,8.719033241271973,7500
2009-09-18,12.0,12.420000076293945,12.0,12.399999618530273,9.009666442871094,3500
2009-09-22,12.399999618530273,13.0,11.800000190734863,12.399999618530273,9.009666442871094,68000
2009-09-23,12.399999618530273,12.399999618530273,11.829999923706055,11.829999923706055,8.595514297485352,5000
2009-09-24,11.899999618530273,11.899999618530273,11.5,11.880000114440918,9.428874969482422,8500
2009-09-25,11.220000267028809,11.899999618530273,11.220000267028809,11.899999618530273,9.444746971130371,2000
2009-09-29,12.449999809265137,12.449999809265137,11.300000190734863,11.800000190734863,9.36538028717041,2000
2009-09-30,12.369999885559082,12.369999885559082,11.210000038146973,11.210000038146973,8.897109985351562,8000
2009-10-01,10.800000190734863,11.5600004196167,10.699999809265137,10.699999809265137,8.492335319519043,1000
2009-10-05,12.0,12.0,11.8100004196167,11.850000381469727,9.40506362915039,500
2009-10-06,12.390000343322754,12.390000343322754,11.600000381469727,11.979999542236328,9.508240699768066,9000
2009-10-07,11.390000343322754,12.199999809265137,11.390000343322754,11.960000038146973,9.4923677444458,2000
2009-10-08,11.649999618530273,12.100000381469727,11.479999542236328,12.100000381469727,9.603482246398926,500
2009-10-09,11.270000457763672,11.979999542236328,11.270000457763672,11.979999542236328,9.508240699768066,130
2009-10-12,11.979999542236328,11.979999542236328,11.390000343322754,11.390000343322754,9.039973258972168,11500
2009-10-14,10.829999923706055,11.399999618530273,10.829999923706055,10.829999923706055,8.595514297485352,5000
2009-10-20,11.100000381469727,11.100000381469727,10.109999656677246,10.229999542236328,8.119307518005371,2000
2009-10-21,10.739999771118164,10.739999771118164,9.819999694824219,10.140000343322754,8.047877311706543,240
2009-10-22,10.199999809265137,10.300000190734863,9.65999984741211,10.199999809265137,8.095498085021973,6500
2009-10-23,9.710000038146973,10.600000381469727,9.670000076293945,10.600000381469727,8.412968635559082,415
2009-10-26,10.0,10.270000457763672,9.710000038146973,10.199999809265137,8.095498085021973,1500
2009-10-27,10.630000114440918,10.65999984741211,9.65999984741211,10.199999809265137,8.095498085021973,18500
2009-10-28,10.199999809265137,10.199999809265137,9.529999732971191,10.1899995803833,8.08756160736084,10000
2009-10-30,9.050000190734863,9.050000190734863,9.039999961853027,9.039999961853027,7.174831867218018,1500
2009-11-04,8.220000267028809,8.800000190734863,8.210000038146973,8.319999694824219,6.603385925292969,3000
2009-11-05,8.319999694824219,8.609999656677246,8.319999694824219,8.600000381469727,6.825615882873535,6000
2009-11-06,9.020000457763672,9.029999732971191,8.350000381469727,9.029999732971191,7.166894912719727,6000
2009-11-09,8.600000381469727,9.479999542236328,8.600000381469727,9.479999542236328,7.524049758911133,1000
2009-11-10,9.640000343322754,9.949999809265137,9.050000190734863,9.949999809265137,7.897078037261963,13500
2009-11-12,9.920000076293945,10.960000038146973,9.920000076293945,10.949999809265137,8.690752983093262,6500
2009-11-13,11.449999809265137,11.460000038146973,10.40999984741211,11.399999618530273,9.047907829284668,8500
2009-11-16,11.970000267028809,11.970000267028809,11.960000038146973,11.960000038146973,9.4923677444458,4500
2009-11-17,12.550000190734863,12.550000190734863,11.369999885559082,12.5,9.920952796936035,15500
2009-11-18,13.119999885559082,13.119999885559082,13.020000457763672,13.119999885559082,10.413031578063965,11500
2009-11-19,13.199999809265137,13.770000457763672,12.510000228881836,13.760000228881836,10.920985221862793,49500
2009-11-20,14.0,14.279999732971191,13.100000381469727,14.0,11.111467361450195,17500
2009-11-23,14.199999809265137,14.3100004196167,12.949999809265137,14.3100004196167,11.357507705688477,60000
2009-11-24,14.779999732971191,14.949999809265137,13.800000190734863,14.890000343322754,11.817837715148926,41500
2009-11-25,15.300000190734863,15.399999618530273,14.899999618530273,15.0,11.905143737792969,22000
2009-11-26,15.520000457763672,15.600000381469727,15.0,15.5,12.301981925964355,9500
2009-11-27,15.0,15.0,14.449999809265137,14.449999809265137,11.468621253967285,9000
2009-11-30,14.59000015258789,14.600000381469727,13.729999542236328,13.729999542236328,10.897172927856445,8000
2009-12-01,14.579999923706055,14.600000381469727,13.220000267028809,14.100000381469727,11.190834999084473,3500
2009-12-02,14.600000381469727,14.600000381469727,13.4399995803833,14.300000190734863,11.349570274353027,2000
2009-12-03,15.0,15.0,13.720000267028809,14.460000038146973,11.476557731628418,13000
2009-12-04,14.399999618530273,14.399999618530273,14.0,14.0,11.111467361450195,4500
2009-12-07,14.5,14.699999809265137,14.220000267028809,14.699999809265137,11.667040824890137,55500
2009-12-08,15.399999618530273,15.430000305175781,15.0,15.399999618530273,12.222612380981445,35500
2009-12-09,16.170000076293945,16.170000076293945,16.0,16.010000228881836,12.706755638122559,18500
2009-12-10,16.75,16.799999237060547,15.600000381469727,16.350000381469727,12.976607322692871,11500
2009-12-11,17.100000381469727,17.100000381469727,15.550000190734863,17.049999237060547,13.532180786132812,41500
2009-12-14,17.389999389648438,17.399999618530273,17.0,17.200000762939453,13.65123176574707,4000
2009-12-15,17.799999237060547,17.799999237060547,16.350000381469727,17.209999084472656,13.659165382385254,11000
2009-12-16,17.299999237060547,17.299999237060547,16.15999984741211,16.6299991607666,13.198834419250488,12500
2009-12-17,17.190000534057617,17.190000534057617,15.800000190734863,15.989999771118164,12.690882682800293,21500
2009-12-18,16.670000076293945,16.670000076293945,15.130000114440918,15.130000114440918,12.008320808410645,13500
2009-12-21,16.200000762939453,16.200000762939453,14.869999885559082,15.789999961853027,12.532146453857422,13000
2009-12-22,16.100000381469727,16.399999618530273,14.90999984741211,15.220000267028809,12.079751014709473,58500
2010-01-04,17.760000228881836,17.93000030517578,16.719999313354492,17.899999618530273,14.206803321838379,17000
2010-01-05,18.770000457763672,18.770000457763672,17.540000915527344,18.18000030517578,14.429032325744629,24500
2010-01-06,18.959999084472656,18.959999084472656,17.200000762939453,18.229999542236328,14.468716621398926,47500
2010-01-07,18.399999618530273,19.100000381469727,18.399999618530273,19.100000381469727,15.159215927124023,25000
2010-01-08,19.799999237060547,20.799999237060547,19.059999465942383,20.219999313354492,16.048131942749023,63000
2010-01-11,21.3799991607666,21.989999771118164,21.0,21.200000762939453,16.825937271118164,14090
2010-01-12,22.600000381469727,22.600000381469727,20.600000381469727,21.600000381469727,17.143407821655273,9310
2010-01-13,22.0,22.329999923706055,21.600000381469727,22.0,17.460878372192383,6700
2010-01-14,22.200000762939453,23.75,22.200000762939453,23.0,18.254552841186523,4155
2010-01-15,24.399999618530273,24.399999618530273,23.600000381469727,23.799999237060547,18.889493942260742,3300
2010-01-18,25.579999923706055,25.579999923706055,24.399999618530273,24.450000762939453,19.40538215637207,11150
2010-01-19,25.979999542236328,25.979999542236328,24.610000610351562,25.780000686645508,20.460973739624023,18545
2010-01-20,26.979999542236328,26.979999542236328,26.200000762939453,26.219999313354492,20.810190200805664,8345
2010-01-21,27.399999618530273,27.399999618530273,25.0,26.780000686645508,21.254648208618164,9375
2010-01-22,26.200000762939453,26.600000381469727,26.0,26.0,20.63558006286621,6005
2010-01-25,25.899999618530273,26.600000381469727,25.899999618530273,26.0,20.63558006286621,6875
2010-01-27,27.399999618530273,27.399999618530273,24.899999618530273,25.799999237060547,20.476842880249023,2835
2010-01-28,26.989999771118164,26.989999771118164,24.860000610351562,25.780000686645508,20.460973739624023,9450
2010-01-29,25.0,25.0,24.219999313354492,24.219999313354492,19.222837448120117,7365
2010-02-01,24.5,24.690000534057617,23.020000457763672,23.299999237060547,18.492656707763672,24540
2010-02-02,24.299999237060547,24.299999237060547,22.059999465942383,22.059999465942383,17.508499145507812,3265
2010-02-03,23.399999618530273,23.399999618530273,21.190000534057617,21.190000534057617,16.8179988861084,14540
2010-02-04,21.190000534057617,22.280000686645508,20.15999984741211,21.799999237060547,17.302141189575195,35350
2010-02-05,22.5,22.799999237060547,20.799999237060547,21.739999771118164,17.254520416259766,6485
2010-02-08,21.440000534057617,23.6200008392334,21.420000076293945,22.809999465942383,18.1037540435791,20400
2010-02-09,21.68000030517578,23.850000381469727,21.68000030517578,23.649999618530273,18.77044105529785,16920
2010-02-10,24.780000686645508,24.780000686645508,24.0,24.5,19.445068359375,1375
2010-02-11,23.280000686645508,25.600000381469727,23.280000686645508,25.209999084472656,20.008577346801758,27185
2010-02-15,26.450000762939453,26.450000762939453,24.020000457763672,25.440000534057617,20.191123962402344,5900
2010-02-16,26.579999923706055,26.670000076293945,24.200000762939453,26.469999313354492,21.00860595703125,19260
2010-02-17,27.399999618530273,27.700000762939453,26.020000457763672,27.43000030517578,21.770540237426758,11345
2010-02-18,28.700000762939453,28.739999771118164,27.0,28.3799991607666,22.5245304107666,4730
2010-02-19,29.780000686645508,29.780000686645508,26.969999313354492,28.670000076293945,22.754701614379883,28095
2010-02-22,29.889999389648438,29.889999389648438,27.799999237060547,28.209999084472656,22.38960838317871,3530
2010-02-23,28.799999237060547,29.600000381469727,26.799999237060547,27.43000030517578,21.770540237426758,10590
2010-02-24,27.799999237060547,28.200000762939453,26.059999465942383,26.219999313354492,20.810190200805664,3425
2010-02-25,27.520000457763672,27.520000457763672,24.90999984741211,25.1200008392334,19.937149047851562,5925
2010-02-26,26.3700008392334,26.3700008392334,25.049999237060547,26.0,20.63558006286621,2700
2010-03-02,27.290000915527344,27.290000915527344,24.719999313354492,24.829999923706055,19.706981658935547,8745
2010-03-03,26.06999969482422,26.06999969482422,25.0,25.459999084472656,20.206995010375977,28565
2010-03-04,24.190000534057617,26.6200008392334,24.190000534057617,25.770000457763672,20.453035354614258,18025
2010-03-05,26.600000381469727,26.600000381469727,24.5,26.049999237060547,20.675264358520508,30240
2010-03-08,28.0,28.649999618530273,23.600000381469727,28.299999237060547,22.461036682128906,54375
2010-03-09,25.639999389648438,30.799999237060547,25.639999389648438,28.81999969482422,22.873746871948242,25180
2010-03-10,30.760000228881836,30.760000228881836,25.940000534057617,25.940000534057617,20.587963104248047,579860
2010-03-11,23.350000381469727,23.350000381469727,23.350000381469727,23.350000381469727,18.53234100341797,47380
2010-03-12,21.020000457763672,21.020000457763672,21.020000457763672,21.020000457763672,16.683074951171875,4570
2010-03-15,18.920000076293945,18.920000076293945,18.920000076293945,18.920000076293945,15.016352653503418,3140
2010-03-16,17.979999542236328,17.979999542236328,17.979999542236328,17.979999542236328,14.27029800415039,16580
2010-03-17,17.09000015258789,17.09000015258789,17.09000015258789,17.09000015258789,13.56392765045166,3335
2010-03-18,16.239999771118164,16.239999771118164,16.239999771118164,16.239999771118164,12.889302253723145,5220
2010-03-19,15.430000305175781,15.430000305175781,15.430000305175781,15.430000305175781,12.246423721313477,3960
2010-03-22,14.65999984741211,14.65999984741211,14.65999984741211,14.65999984741211,11.635293006896973,3660
2010-03-23,13.930000305175781,13.930000305175781,13.930000305175781,13.930000305175781,11.055909156799316,15610
2010-03-25,13.3100004196167,14.619999885559082,13.239999771118164,13.430000305175781,10.659071922302246,199290
2010-03-26,13.0600004196167,14.0,12.760000228881836,13.239999771118164,10.508273124694824,93815
2010-03-29,13.199999809265137,13.359999656677246,12.649999618530273,12.800000190734863,10.159056663513184,25045
2010-03-30,12.800000190734863,13.09000015258789,12.199999809265137,12.319999694824219,9.77808952331543,16740
2010-03-31,12.199999809265137,12.319999694824219,11.819999694824219,12.0600004196167,9.571736335754395,11915
2010-04-01,11.520000457763672,12.399999618530273,11.520000457763672,12.0600004196167,9.571736335754395,13470
2010-04-05,12.039999961853027,12.65999984741211,11.600000381469727,12.65999984741211,10.047941207885742,25525
2010-04-06,12.819999694824219,13.279999732971191,12.819999694824219,13.100000381469727,10.3971586227417,20835
2010-04-07,12.800000190734863,13.479999542236328,12.800000190734863,13.069999694824219,10.373346328735352,14230
2010-04-08,13.199999809265137,13.34000015258789,13.0,13.0,10.317790031433105,6655
2010-04-09,13.380000114440918,13.380000114440918,12.869999885559082,13.0,10.317790031433105,1340
2010-04-12,12.699999809265137,12.989999771118164,12.699999809265137,12.819999694824219,10.174928665161133,3390
2010-04-13,12.619999885559082,13.15999984741211,12.520000457763672,12.989999771118164,10.309853553771973,4265
2010-04-15,12.989999771118164,12.989999771118164,12.739999771118164,12.819999694824219,10.174928665161133,4705
2010-04-16,12.5,12.84000015258789,12.239999771118164,12.779999732971191,10.143181800842285,4710
2010-04-19,12.319999694824219,12.960000038146973,12.149999618530273,12.369999885559082,9.81777572631836,3735
2010-04-20,12.84000015258789,12.84000015258789,12.390000343322754,12.640000343322754,10.03206729888916,5585
2010-04-21,12.600000381469727,12.760000228881836,12.100000381469727,12.369999885559082,9.81777572631836,6915
2010-04-22,12.40999984741211,12.800000190734863,12.399999618530273,12.760000228881836,10.127307891845703,10990
2010-04-23,12.800000190734863,13.390000343322754,12.329999923706055,13.390000343322754,10.627324104309082,19065
2010-04-26,14.050000190734863,14.050000190734863,13.109999656677246,13.220000267028809,10.492399215698242,9350
2010-04-27,13.199999809265137,13.199999809265137,12.699999809265137,12.800000190734863,10.159056663513184,4610
2010-04-28,12.800000190734863,12.800000190734863,12.199999809265137,12.489999771118164,9.913015365600586,5695
2010-04-29,12.300000190734863,12.899999618530273,12.300000190734863,12.649999618530273,10.040003776550293,1290
2010-04-30,12.279999732971191,12.720000267028809,12.279999732971191,12.420000076293945,9.857460021972656,2940
2010-05-03,12.600000381469727,13.039999961853027,12.399999618530273,12.949999809265137,10.278106689453125,9920
2010-05-04,12.640000343322754,13.420000076293945,12.640000343322754,13.0600004196167,10.365410804748535,3080
2010-05-05,12.5,13.0,12.5,12.989999771118164,10.309853553771973,1125
2010-05-06,13.380000114440918,13.380000114440918,12.520000457763672,12.5600004196167,9.968574523925781,5500
2010-05-07,12.020000457763672,12.979999542236328,12.020000457763672,12.460000038146973,9.889206886291504,3075
2010-05-10,11.819999694824219,12.899999618530273,11.8100004196167,12.100000381469727,9.603482246398926,1750
2010-05-11,12.399999618530273,12.399999618530273,11.84000015258789,12.0,9.524116516113281,2335
2010-05-12,11.84000015258789,12.399999618530273,11.84000015258789,11.949999809265137,9.484430313110352,5500
2010-05-13,11.850000381469727,11.880000114440918,11.399999618530273,11.579999923706055,9.190771102905273,8255
2010-05-14,11.40999984741211,11.5,11.399999618530273,11.5,9.127276420593262,1750
2010-05-17,10.380000114440918,12.289999961853027,10.380000114440918,10.949999809265137,8.690752983093262,2850
2010-05-18,11.9399995803833,11.9399995803833,10.770000457763672,11.289999961853027,8.960604667663574,3385
2010-05-19,11.180000305175781,11.180000305175781,11.180000305175781,11.180000305175781,8.873300552368164,250
2010-05-20,10.210000038146973,10.600000381469727,10.210000038146973,10.600000381469727,8.412968635559082,15
2010-05-21,10.140000343322754,11.510000228881836,10.140000343322754,10.729999542236328,8.516145706176758,765
2010-05-24,11.520000457763672,11.569999694824219,11.0,11.569999694824219,9.182833671569824,810
2010-05-25,10.800000190734863,11.399999618530273,10.800000190734863,11.399999618530273,9.047907829284668,11430
2010-05-26,10.920000076293945,11.5600004196167,10.800000190734863,11.390000343322754,9.039973258972168,7840
2010-05-27,10.869999885559082,11.380000114440918,10.869999885559082,11.380000114440918,9.032035827636719,1720
2010-05-28,11.600000381469727,11.779999732971191,11.100000381469727,11.369999885559082,9.024099349975586,6355
2010-05-31,10.899999618530273,11.619999885559082,10.899999618530273,11.399999618530273,9.047907829284668,3015
2010-06-01,11.59000015258789,11.59000015258789,11.34000015258789,11.34000015258789,9.000288009643555,10
2010-06-02,10.9399995803833,11.420000076293945,10.899999618530273,10.899999618530273,8.651070594787598,3280
2010-06-03,10.710000038146973,10.710000038146973,10.520000457763672,10.680000305175781,8.47646427154541,2850
2010-06-04,10.479999542236328,10.680000305175781,10.479999542236328,10.640000343322754,8.44471549987793,545
2010-06-07,10.289999961853027,10.930000305175781,10.289999961853027,10.5,8.333600997924805,525
2010-06-08,11.5,11.5,10.0600004196167,10.380000114440918,8.238359451293945,4500
2010-06-09,10.300000190734863,10.65999984741211,10.300000190734863,10.600000381469727,8.412968635559082,2015
2010-06-10,10.5,10.699999809265137,10.5,10.520000457763672,8.349472999572754,1900
2010-06-11,10.149999618530273,11.369999885559082,10.149999618530273,10.920000076293945,8.666945457458496,8900
2010-06-14,11.0,11.399999618530273,11.0,11.069999694824219,8.785995483398438,155
2010-06-15,11.0,11.399999618530273,11.0,11.399999618530273,9.047907829284668,1400
2010-06-16,11.199999809265137,11.5,11.199999809265137,11.199999809265137,8.889175415039062,1050
2010-06-17,11.199999809265137,11.5,11.199999809265137,11.489999771118164,9.119339942932129,1305
2010-06-18,11.0,11.399999618530273,10.9399995803833,10.960000038146973,8.698691368103027,1230
2010-06-21,11.020000457763672,11.020000457763672,11.020000457763672,11.020000457763672,8.746312141418457,250
2010-06-22,10.670000076293945,10.8100004196167,10.670000076293945,10.8100004196167,8.57964038848877,105
2010-06-23,10.880000114440918,11.279999732971191,10.880000114440918,11.279999732971191,8.952668190002441,50
2010-06-24,11.399999618530273,11.399999618530273,11.390000343322754,11.390000343322754,9.039973258972168,805
2010-06-25,11.0,11.510000228881836,10.399999618530273,11.5,9.127276420593262,5410
2010-06-28,10.65999984741211,11.600000381469727,10.65999984741211,10.760000228881836,8.539956092834473,3020
2010-06-29,11.300000190734863,11.300000190734863,10.619999885559082,10.65999984741211,8.460588455200195,9250
2010-06-30,10.800000190734863,11.279999732971191,10.800000190734863,11.279999732971191,8.952668190002441,500
2010-07-01,10.600000381469727,11.420000076293945,10.5,11.050000190734863,8.770122528076172,6000
2010-07-02,11.399999618530273,11.399999618530273,10.600000381469727,10.65999984741211,8.460588455200195,3540
2010-07-05,9.649999618530273,11.399999618530273,9.649999618530273,10.819999694824219,8.587576866149902,4940
2010-07-06,10.420000076293945,11.369999885559082,10.420000076293945,10.970000267028809,8.706628799438477,4540
2010-07-07,10.75,10.779999732971191,10.739999771118164,10.770000457763672,8.547894477844238,705
2010-07-08,11.479999542236328,12.920000076293945,10.829999923706055,12.920000076293945,10.254295349121094,28885
2010-07-09,14.979999542236328,15.34000015258789,14.0,14.949999809265137,11.865458488464355,208890
2010-07-12,14.930000305175781,15.800000190734863,14.0,14.65999984741211,11.635293006896973,153130
2010-07-13,14.699999809265137,15.329999923706055,14.399999618530273,14.729999542236328,11.690850257873535,31195
2010-07-14,15.180000305175781,15.199999809265137,14.59000015258789,14.609999656677246,11.595609664916992,13055
2010-07-15,15.15999984741211,15.15999984741211,11.6899995803833,14.229999542236328,11.294013023376465,3590
2010-07-16,14.239999771118164,15.399999618530273,14.15999984741211,15.119999885559082,12.000383377075195,42385
2010-07-19,15.479999542236328,16.0,15.020000457763672,15.800000190734863,12.540084838867188,19980
2010-07-20,16.15999984741211,16.579999923706055,15.460000038146973,15.680000305175781,12.444843292236328,14930
2010-07-21,15.720000267028809,16.010000228881836,15.399999618530273,15.399999618530273,12.222612380981445,9170
2010-07-22,15.40999984741211,15.90999984741211,15.40999984741211,15.90999984741211,12.627388954162598,750
2010-07-23,15.40999984741211,15.770000457763672,15.210000038146973,15.210000038146973,12.071815490722656,25410
2010-07-26,15.789999961853027,15.789999961853027,15.199999809265137,15.579999923706055,12.365474700927734,8770
2010-07-27,15.699999809265137,15.699999809265137,14.930000305175781,14.930000305175781,11.849586486816406,2505
2010-07-28,14.619999885559082,15.399999618530273,14.619999885559082,14.899999618530273,11.825775146484375,135
2010-07-29,14.420000076293945,14.600000381469727,14.0,14.25,11.309885025024414,4975
2010-07-30,14.199999809265137,14.199999809265137,13.75,13.979999542236328,11.09559154510498,2750
2010-08-02,13.399999618530273,14.1899995803833,13.399999618530273,13.710000038146973,10.881300926208496,3280
2010-08-03,13.489999771118164,15.739999771118164,13.470000267028809,15.140000343322754,12.016258239746094,14175
2010-08-04,14.699999809265137,15.34000015258789,14.399999618530273,14.399999618530273,11.428938865661621,3100
2010-08-05,14.399999618530273,14.640000343322754,14.15999984741211,14.489999771118164,11.500368118286133,9640
2010-08-06,14.239999771118164,15.34000015258789,14.199999809265137,14.399999618530273,11.428938865661621,3540
2010-08-09,16.299999237060547,16.299999237060547,14.399999618530273,14.399999618530273,11.428938865661621,5285
2010-08-10,14.399999618530273,16.799999237060547,14.399999618530273,15.869999885559082,12.59564208984375,71785
2010-08-11,16.190000534057617,17.0,15.40999984741211,15.5600004196167,12.349601745605469,19565
2010-08-12,16.0,16.0,14.859999656677246,15.010000228881836,11.913080215454102,2905
2010-08-13,15.800000190734863,15.800000190734863,14.5600004196167,14.630000114440918,11.611482620239258,6855
2010-08-16,15.800000190734863,15.800000190734863,14.800000190734863,15.40999984741211,12.230549812316895,2335
2010-08-17,14.859999656677246,16.0,14.859999656677246,15.850000381469727,12.579768180847168,11390
2010-08-18,16.200000762939453,19.020000457763672,15.430000305175781,19.020000457763672,15.095725059509277,152315
2010-08-19,19.989999771118164,22.81999969482422,19.989999771118164,22.81999969482422,18.111690521240234,327615
2010-08-20,23.959999084472656,23.959999084472656,21.68000030517578,21.68000030517578,17.206899642944336,47435
2010-08-23,20.600000381469727,20.600000381469727,20.600000381469727,20.600000381469727,16.349729537963867,2325
2010-08-24,19.579999923706055,20.799999237060547,19.579999923706055,20.760000228881836,16.47671890258789,30935
2010-08-25,21.0,21.0,19.729999542236328,20.200000762939453,16.03226089477539,37700
2010-08-26,21.0,21.209999084472656,19.6200008392334,21.200000762939453,16.825937271118164,25290
2010-08-27,22.200000762939453,22.260000228881836,20.299999237060547,21.059999465942383,16.714818954467773,67040
2010-08-30,21.399999618530273,21.959999084472656,21.100000381469727,21.520000457763672,17.079912185668945,10725
2010-08-31,21.43000030517578,22.200000762939453,21.290000915527344,21.600000381469727,17.143407821655273,6945
2010-09-01,21.0,22.399999618530273,21.0,21.799999237060547,17.302141189575195,2665
2010-09-02,22.600000381469727,22.600000381469727,20.799999237060547,21.6299991607666,17.167217254638672,2225
2010-09-03,22.600000381469727,22.600000381469727,21.229999542236328,21.440000534057617,17.01641845703125,7380
2010-09-06,21.0,22.3799991607666,21.0,21.229999542236328,16.84974479675293,13985
2010-09-07,21.06999969482422,21.5,21.059999465942383,21.489999771118164,17.05610466003418,4865
2010-09-08,21.0,21.799999237060547,21.0,21.610000610351562,17.151342391967773,7450
2010-09-09,20.600000381469727,21.399999618530273,20.600000381469727,21.0,16.66720199584961,36245
2010-09-13,22.0,22.0,21.0,21.260000228881836,16.87355613708496,5955
2010-09-14,20.520000457763672,21.0,20.5,20.600000381469727,16.349729537963867,1050
2010-09-15,21.399999618530273,21.399999618530273,20.600000381469727,20.600000381469727,16.349729537963867,705
2010-09-16,20.799999237060547,21.3799991607666,20.219999313354492,20.270000457763672,16.08781623840332,6600
2010-09-17,20.790000915527344,20.899999618530273,20.040000915527344,20.200000762939453,16.03226089477539,6005
2010-09-20,21.100000381469727,21.100000381469727,20.200000762939453,20.989999771118164,16.65926170349121,800
2010-09-21,20.799999237060547,21.200000762939453,20.700000762939453,20.920000076293945,16.60370635986328,2370
2010-09-22,21.0,21.399999618530273,20.700000762939453,20.799999237060547,16.508468627929688,4285
2010-09-23,21.600000381469727,21.600000381469727,19.770000457763672,19.899999618530273,15.794156074523926,5430
2010-09-24,20.200000762939453,20.889999389648438,20.200000762939453,20.889999389648438,17.45713996887207,13875
2010-09-27,21.600000381469727,21.600000381469727,20.799999237060547,21.110000610351562,17.640987396240234,10865
2010-09-28,20.799999237060547,21.040000915527344,20.799999237060547,21.040000915527344,17.582490921020508,6695
2010-09-29,21.18000030517578,21.18000030517578,20.600000381469727,20.940000534057617,17.498924255371094,3455
2010-09-30,20.600000381469727,21.0,20.540000915527344,20.610000610351562,17.22315216064453,10960
2010-10-01,21.0,21.360000610351562,21.0,21.030000686645508,17.574134826660156,7280
2010-10-04,21.049999237060547,21.399999618530273,21.049999237060547,21.059999465942383,17.59920310974121,8060
2010-10-05,21.25,22.110000610351562,21.25,21.979999542236328,18.368017196655273,12910
2010-10-06,21.649999618530273,22.020000457763672,21.649999618530273,21.799999237060547,18.217599868774414,2910
2010-10-07,22.799999237060547,22.889999389648438,21.850000381469727,22.079999923706055,18.451587677001953,8655
2010-10-08,22.399999618530273,22.600000381469727,21.850000381469727,22.020000457763672,18.401445388793945,13715
2010-10-11,22.020000457763672,22.399999618530273,21.850000381469727,22.200000762939453,18.551864624023438,1660
2010-10-12,22.399999618530273,22.399999618530273,21.299999237060547,21.649999618530273,18.092248916625977,3490
2010-10-13,21.979999542236328,22.200000762939453,21.420000076293945,21.420000076293945,17.90004539489746,16420
2010-10-14,22.200000762939453,22.489999771118164,21.899999618530273,21.899999618530273,18.301166534423828,6425
2010-10-15,22.100000381469727,22.100000381469727,21.6200008392334,22.0,18.384733200073242,3080
2010-10-18,21.81999969482422,22.700000762939453,21.81999969482422,21.81999969482422,18.234312057495117,2790
2010-10-19,22.690000534057617,22.690000534057617,21.299999237060547,21.299999237060547,17.79976463317871,2150
2010-10-20,22.299999237060547,22.360000610351562,20.600000381469727,21.81999969482422,18.234312057495117,7360
2010-10-21,22.90999984741211,22.90999984741211,21.399999618530273,21.420000076293945,17.90004539489746,3025
2010-10-22,22.399999618530273,22.399999618530273,21.399999618530273,21.399999618530273,17.88332748413086,1030
2010-10-25,22.399999618530273,22.469999313354492,22.0,22.15999984741211,18.5184383392334,655
2010-10-26,21.399999618530273,22.34000015258789,21.399999618530273,22.270000457763672,18.610366821289062,1805
2010-10-27,22.700000762939453,22.700000762939453,22.0,22.0,18.384733200073242,1005
2010-10-28,21.639999389648438,22.0,21.520000457763672,21.670000076293945,18.10896110534668,2405
2010-10-29,22.600000381469727,22.600000381469727,22.020000457763672,22.079999923706055,18.451587677001953,7325
2010-11-01,22.030000686645508,22.600000381469727,22.030000686645508,22.600000381469727,18.886133193969727,55
2010-11-02,22.049999237060547,23.0,22.0,22.440000534057617,18.75242805480957,2505
2010-11-03,22.899999618530273,22.899999618530273,22.200000762939453,22.350000381469727,18.677217483520508,2080
2010-11-04,22.579999923706055,23.200000762939453,22.579999923706055,22.739999771118164,19.003128051757812,5870
2010-11-08,23.399999618530273,23.399999618530273,23.0,23.100000381469727,19.30396842956543,3500
2010-11-09,23.100000381469727,24.25,23.100000381469727,23.40999984741211,19.563026428222656,12630
2010-11-10,23.43000030517578,24.0,23.0,23.809999465942383,19.89729118347168,9070
2010-11-11,23.219999313354492,24.0,23.1200008392334,23.399999618530273,19.554670333862305,1430
2010-11-12,23.100000381469727,24.200000762939453,23.100000381469727,23.790000915527344,19.880582809448242,13090
2010-11-15,23.399999618530273,23.399999618530273,23.100000381469727,23.100000381469727,19.30396842956543,6080
2010-11-16,24.0,24.0,22.020000457763672,22.209999084472656,18.56022071838379,10110
2010-11-18,22.229999542236328,22.25,22.219999313354492,22.25,18.593650817871094,3505
2010-11-19,21.139999389648438,23.200000762939453,21.139999389648438,21.450000762939453,17.925111770629883,2905
2010-11-22,22.520000457763672,22.520000457763672,22.100000381469727,22.100000381469727,18.46829605102539,1310
2010-11-23,22.049999237060547,22.100000381469727,22.049999237060547,22.100000381469727,18.46829605102539,2270
2010-11-24,22.399999618530273,22.600000381469727,22.1200008392334,22.1299991607666,18.49336814880371,4840
2010-11-25,22.030000686645508,23.200000762939453,21.200000762939453,22.549999237060547,18.844350814819336,4750
2010-11-26,22.549999237060547,23.200000762939453,21.5,21.540000915527344,18.000328063964844,27050
2010-11-29,22.0,22.0,21.200000762939453,21.899999618530273,18.301166534423828,3005
2010-11-30,22.100000381469727,22.989999771118164,22.100000381469727,22.6299991607666,18.911203384399414,3660
2010-12-01,23.760000228881836,23.760000228881836,22.100000381469727,22.139999389648438,18.501724243164062,4805
2010-12-02,22.020000457763672,22.020000457763672,22.0,22.0,18.384733200073242,1700
2010-12-03,23.040000915527344,23.040000915527344,21.1299991607666,21.309999465942383,17.808120727539062,8300
2010-12-06,21.600000381469727,22.200000762939453,21.600000381469727,22.200000762939453,18.551864624023438,2860
2010-12-07,22.0,22.110000610351562,22.0,22.110000610351562,18.47665786743164,815
2010-12-08,23.1200008392334,23.1200008392334,21.31999969482422,21.700000762939453,18.134033203125,9765
2010-12-09,21.600000381469727,21.600000381469727,21.0,21.15999984741211,17.682771682739258,5515
2010-12-10,21.200000762939453,21.399999618530273,21.0,21.270000457763672,17.774694442749023,2800
2010-12-13,20.209999084472656,22.200000762939453,20.209999084472656,21.600000381469727,18.05046272277832,1385
2010-12-14,21.25,21.799999237060547,21.25,21.700000762939453,18.134033203125,2000
2010-12-15,21.299999237060547,21.709999084472656,21.020000457763672,21.059999465942383,17.59920310974121,3495
2010-12-16,21.0,21.600000381469727,21.0,21.200000762939453,17.716197967529297,2765
2010-12-20,22.0,22.0,21.200000762939453,21.649999618530273,18.092248916625977,555
2010-12-21,21.200000762939453,21.200000762939453,20.850000381469727,20.850000381469727,17.4237117767334,600
2010-12-22,20.399999618530273,21.600000381469727,20.399999618530273,21.600000381469727,18.05046272277832,3505
2010-12-23,21.0,21.020000457763672,21.0,21.020000457763672,17.565776824951172,130
2010-12-24,22.06999969482422,22.06999969482422,21.0,21.0,17.549062728881836,2905
2010-12-27,19.959999084472656,21.600000381469727,19.959999084472656,21.600000381469727,18.05046272277832,1005
2010-12-28,22.68000030517578,22.68000030517578,21.600000381469727,21.600000381469727,18.05046272277832,3500
2010-12-29,22.600000381469727,22.600000381469727,21.600000381469727,21.799999237060547,18.217599868774414,385
2010-12-30,21.600000381469727,21.600000381469727,21.600000381469727,21.600000381469727,18.05046272277832,2500
2010-12-31,22.559999465942383,22.559999465942383,21.600000381469727,21.600000381469727,18.05046272277832,510
2011-01-03,21.799999237060547,22.600000381469727,21.25,21.809999465942383,18.225954055786133,1290
2011-01-04,21.600000381469727,21.600000381469727,21.600000381469727,21.600000381469727,18.05046272277832,500
2011-01-05,22.600000381469727,22.600000381469727,20.899999618530273,20.899999618530273,17.465496063232422,2505
2011-01-06,21.799999237060547,21.899999618530273,21.299999237060547,21.299999237060547,17.79976463317871,1790
2011-01-07,22.15999984741211,22.15999984741211,21.420000076293945,21.420000076293945,17.90004539489746,3180
2011-01-10,22.0,22.0,21.399999618530273,21.399999618530273,17.88332748413086,1005
2011-01-11,22.469999313354492,22.469999313354492,20.34000015258789,21.0,17.549062728881836,2125
2011-01-12,21.399999618530273,21.399999618530273,21.049999237060547,21.049999237060547,17.590845108032227,2755
2011-01-13,20.0,21.0,20.0,21.0,17.549062728881836,1500
2011-01-14,21.979999542236328,21.979999542236328,21.020000457763672,21.020000457763672,17.565776824951172,1505
2011-01-17,21.8799991607666,21.8799991607666,20.969999313354492,20.969999313354492,17.52399253845215,1180
2011-01-18,20.799999237060547,21.56999969482422,20.0,21.56999969482422,18.025400161743164,2015
2011-01-19,22.399999618530273,22.399999618530273,21.600000381469727,21.600000381469727,18.05046272277832,1005
2011-01-20,21.200000762939453,21.200000762939453,21.200000762939453,21.200000762939453,17.716197967529297,150
2011-01-21,21.0,21.579999923706055,20.149999618530273,21.3700008392334,17.858259201049805,760
2011-01-24,22.010000228881836,22.010000228881836,21.649999618530273,21.649999618530273,18.092248916625977,10
2011-01-25,21.799999237060547,21.799999237060547,21.149999618530273,21.149999618530273,17.674413681030273,5
2011-01-27,21.399999618530273,21.399999618530273,20.600000381469727,20.600000381469727,17.21479606628418,510
2011-01-28,21.5,21.5,19.600000381469727,19.600000381469727,16.379127502441406,31610
2011-01-31,20.200000762939453,20.200000762939453,19.030000686645508,19.030000686645508,15.902792930603027,905
2011-02-01,19.790000915527344,19.790000915527344,18.100000381469727,19.0,15.877725601196289,1625
2011-02-02,19.520000457763672,19.520000457763672,18.059999465942383,19.0,15.877725601196289,1110
2011-02-03,18.200000762939453,19.1299991607666,18.059999465942383,18.18000030517578,15.192474365234375,3180
2011-02-04,18.18000030517578,19.079999923706055,17.290000915527344,17.489999771118164,14.615863800048828,4810
2011-02-07,16.6200008392334,17.75,16.6200008392334,16.6299991607666,13.897186279296875,17430
2011-02-08,16.200000762939453,16.559999465942383,15.800000190734863,16.059999465942383,13.420854568481445,22720
2011-02-09,15.5,15.5,15.270000457763672,15.270000457763672,12.760675430297852,1700
2011-02-10,14.510000228881836,14.800000190734863,14.510000228881836,14.579999923706055,12.184063911437988,4525
2011-02-11,13.899999618530273,14.399999618530273,13.859999656677246,13.890000343322754,11.607452392578125,8665
2011-02-14,14.579999923706055,14.579999923706055,13.399999618530273,14.039999961853027,11.732802391052246,810
2011-02-15,14.699999809265137,14.739999771118164,14.59000015258789,14.699999809265137,12.284343719482422,1770
2011-02-16,15.430000305175781,15.430000305175781,15.420000076293945,15.430000305175781,12.89438247680664,1550
2011-02-17,16.18000030517578,16.200000762939453,16.15999984741211,16.15999984741211,13.504420280456543,2500
2011-02-18,16.700000762939453,16.799999237060547,16.700000762939453,16.799999237060547,14.0392484664917,54320
2011-02-21,16.850000381469727,17.639999389648438,16.81999969482422,17.639999389648438,14.741211891174316,3280
2011-02-22,17.75,18.520000457763672,17.719999313354492,18.5,15.459888458251953,9415
2011-02-23,18.639999389648438,19.420000076293945,18.639999389648438,19.3799991607666,16.19527816772461,7375
2011-02-24,19.799999237060547,19.899999618530273,18.600000381469727,18.600000381469727,15.543456077575684,2000
2011-02-25,18.969999313354492,18.969999313354492,17.68000030517578,17.68000030517578,14.774639129638672,1340
2011-02-28,17.799999237060547,18.360000610351562,16.799999237060547,16.809999465942383,14.047606468200684,27750
2011-03-01,17.360000610351562,17.360000610351562,15.970000267028809,16.100000381469727,13.454280853271484,8040
2011-03-03,16.0,16.0,15.600000381469727,16.0,13.370715141296387,1225
2011-03-04,16.799999237060547,16.799999237060547,16.200000762939453,16.6299991607666,13.897186279296875,2955
2011-03-07,16.600000381469727,16.600000381469727,15.819999694824219,15.819999694824219,13.220293998718262,9005
2011-03-08,16.200000762939453,16.610000610351562,15.899999618530273,16.530000686645508,13.813619613647461,6365
2011-03-09,16.079999923706055,17.350000381469727,16.079999923706055,16.399999618530273,13.704981803894043,135
2011-03-10,16.0,16.0,15.9399995803833,15.9399995803833,13.320574760437012,650
2011-03-11,16.100000381469727,16.100000381469727,16.100000381469727,16.100000381469727,13.454280853271484,725
2011-03-15,15.609999656677246,15.609999656677246,15.460000038146973,15.460000038146973,12.919453620910645,1095
2011-03-16,16.0,16.229999542236328,15.819999694824219,16.229999542236328,13.562918663024902,740
2011-03-18,17.020000457763672,17.040000915527344,17.0,17.040000915527344,14.239810943603516,5875
2011-03-21,17.399999618530273,17.889999389648438,17.399999618530273,17.889999389648438,14.950127601623535,5640
2011-03-22,17.100000381469727,18.399999618530273,17.059999465942383,18.389999389648438,15.367965698242188,3060
2011-03-23,18.0,18.899999618530273,17.8799991607666,17.8799991607666,14.941773414611816,1175
2011-03-25,17.420000076293945,17.450000762939453,17.420000076293945,17.450000762939453,14.582436561584473,750
2011-03-28,18.299999237060547,18.299999237060547,18.299999237060547,18.299999237060547,15.292755126953125,200
2011-03-31,17.1200008392334,17.1200008392334,17.100000381469727,17.100000381469727,14.289952278137207,500
2011-04-04,17.950000762939453,17.950000762939453,16.799999237060547,16.799999237060547,14.0392484664917,3360
2011-04-05,16.200000762939453,17.639999389648438,16.200000762939453,17.079999923706055,14.273238182067871,1770
2011-04-06,17.889999389648438,17.93000030517578,17.889999389648438,17.93000030517578,14.983555793762207,730
2011-04-07,18.799999237060547,18.81999969482422,17.399999618530273,17.399999618530273,14.540650367736816,2140
2011-04-08,18.270000457763672,18.270000457763672,17.799999237060547,17.799999237060547,14.874919891357422,2150
2011-04-11,18.690000534057617,18.690000534057617,17.739999771118164,17.75,14.833136558532715,1005
2011-04-13,18.6299991607666,18.6299991607666,18.6299991607666,18.6299991607666,15.568522453308105,930
2011-04-15,18.6299991607666,19.559999465942383,18.6299991607666,19.030000686645508,15.902792930603027,8820
2011-04-18,18.100000381469727,19.979999542236328,18.100000381469727,19.979999542236328,16.696678161621094,2770
2011-04-19,20.799999237060547,20.799999237060547,20.059999465942383,20.43000030517578,17.072731018066406,3625
2011-04-20,20.100000381469727,20.100000381469727,19.899999618530273,19.899999618530273,16.629825592041016,1000
2011-04-21,19.399999618530273,20.719999313354492,19.270000457763672,20.100000381469727,16.796958923339844,725
2011-04-25,20.899999618530273,20.899999618530273,20.0,20.040000915527344,16.746822357177734,1750
2011-04-26,20.799999237060547,20.799999237060547,20.0,20.0,16.71339225769043,2500
2011-04-27,19.649999618530273,20.850000381469727,19.260000228881836,20.719999313354492,17.315074920654297,3500
2011-04-28,20.799999237060547,20.950000762939453,20.799999237060547,20.950000762939453,17.507280349731445,5755
2011-04-29,21.0,21.0,20.65999984741211,20.65999984741211,17.264934539794922,400
2011-05-02,21.399999618530273,21.399999618530273,20.100000381469727,20.190000534057617,16.87217140197754,1050
2011-05-03,20.1200008392334,20.1200008392334,20.1200008392334,20.1200008392334,16.813674926757812,2500
2011-05-04,20.600000381469727,20.600000381469727,20.600000381469727,20.600000381469727,17.21479606628418,50
2011-05-05,20.200000762939453,20.600000381469727,19.700000762939453,20.600000381469727,17.21479606628418,2125
2011-05-06,20.200000762939453,20.200000762939453,20.200000762939453,20.200000762939453,16.880529403686523,250
2011-05-09,19.219999313354492,19.219999313354492,19.200000762939453,19.209999084472656,16.053213119506836,1050
2011-05-10,18.299999237060547,18.5,18.299999237060547,18.43000030517578,15.401392936706543,2500
2011-05-11,17.6200008392334,17.6200008392334,17.510000228881836,17.549999237060547,14.666004180908203,2000
2011-05-12,18.399999618530273,18.399999618530273,18.190000534057617,18.190000534057617,15.20082950592041,20
2011-05-13,18.889999389648438,19.0,18.200000762939453,18.239999771118164,15.242615699768066,505
2011-05-16,19.0,19.0,18.399999618530273,18.399999618530273,15.376321792602539,1550
2011-05-17,19.0,19.0,18.5,18.799999237060547,15.710588455200195,1625
2011-05-18,18.899999618530273,19.700000762939453,18.899999618530273,19.260000228881836,16.094999313354492,2500
2011-05-19,19.399999618530273,19.399999618530273,19.399999618530273,19.399999618530273,16.211990356445312,10
2011-05-20,18.649999618530273,19.559999465942383,18.649999618530273,19.559999465942383,16.345699310302734,365
2011-05-23,19.200000762939453,19.200000762939453,19.200000762939453,19.200000762939453,16.044858932495117,1000
2011-05-24,18.540000915527344,19.0,18.25,18.719999313354492,15.643735885620117,3200
2011-05-25,19.31999969482422,19.31999969482422,18.920000076293945,18.920000076293945,15.810869216918945,1550
2011-05-26,19.0,19.0,18.899999618530273,18.899999618530273,15.794156074523926,945
2011-05-27,19.0,19.5,19.0,19.0,15.877725601196289,4465
2011-05-30,19.0,19.100000381469727,19.0,19.079999923706055,15.94457721710205,975
2011-05-31,18.1299991607666,19.200000762939453,18.1299991607666,19.200000762939453,16.044858932495117,600
2011-06-02,19.25,19.25,19.25,19.25,16.086641311645508,1500
2011-06-03,19.0,19.34000015258789,18.399999618530273,19.34000015258789,16.161849975585938,125
2011-06-06,19.0,19.200000762939453,19.0,19.010000228881836,15.886080741882324,1025
2011-06-07,18.799999237060547,19.200000762939453,18.799999237060547,18.84000015258789,15.744016647338867,665
2011-06-08,18.799999237060547,18.799999237060547,18.799999237060547,18.799999237060547,15.710588455200195,50
2011-06-09,19.200000762939453,19.200000762939453,19.0,19.079999923706055,15.94457721710205,4250
2011-06-10,19.200000762939453,19.200000762939453,19.0,19.0,15.877725601196289,550
2011-06-13,19.0,19.0,18.959999084472656,19.0,15.877725601196289,1750
2011-06-14,18.1200008392334,18.799999237060547,18.1200008392334,18.40999984741211,15.38467788696289,2500
2011-06-15,18.020000457763672,18.3799991607666,18.0,18.0,15.042051315307617,1025
2011-06-16,17.25,17.25,17.25,17.25,14.415300369262695,250
2011-06-17,16.399999618530273,18.110000610351562,16.399999618530273,18.059999465942383,15.092193603515625,1325
2011-06-22,18.700000762939453,18.700000762939453,18.700000762939453,18.700000762939453,15.627022743225098,500
2011-06-23,18.700000762939453,18.700000762939453,18.700000762939453,18.700000762939453,15.627022743225098,4850
2011-06-24,18.600000381469727,18.600000381469727,17.770000457763672,17.969999313354492,15.016983032226562,14525
2011-06-27,17.31999969482422,18.860000610351562,17.31999969482422,18.860000610351562,15.760733604431152,12420
2011-06-28,19.700000762939453,19.799999237060547,18.920000076293945,19.6200008392334,16.39583969116211,9005
2011-06-29,19.200000762939453,20.600000381469727,19.200000762939453,20.600000381469727,17.21479606628418,11565
2011-06-30,21.399999618530273,21.600000381469727,20.809999465942383,21.5,17.966896057128906,56750
2011-07-01,22.399999618530273,22.56999969482422,21.100000381469727,22.530000686645508,18.82763671875,100645
2011-07-04,23.299999237060547,23.649999618530273,23.020000457763672,23.40999984741211,19.563026428222656,283950
2011-07-05,24.18000030517578,24.579999923706055,24.020000457763672,24.56999969482422,20.53240203857422,134845
2011-07-06,24.68000030517578,25.790000915527344,24.68000030517578,25.559999465942383,21.359712600708008,46760
2011-07-07,25.959999084472656,26.829999923706055,24.299999237060547,26.770000457763672,22.370874404907227,38690
2011-07-08,26.200000762939453,28.100000381469727,26.200000762939453,27.860000610351562,23.28175926208496,59370
2011-07-11,28.0,29.25,28.0,28.75,24.025503158569336,103135
2011-07-12,28.889999389648438,30.100000381469727,28.200000762939453,29.860000610351562,24.953096389770508,146040
2011-07-13,31.190000534057617,31.190000534057617,29.600000381469727,30.260000228881836,25.287363052368164,151020
2011-07-14,31.200000762939453,31.299999237060547,30.6200008392334,31.020000457763672,25.92247200012207,94700
2011-07-15,31.399999618530273,32.56999969482422,31.399999618530273,32.56999969482422,27.21776008605957,163600
2011-07-18,33.02000045776367,33.220001220703125,31.920000076293945,32.90999984741211,27.501888275146484,379850
2011-07-19,33.38999938964844,33.560001373291016,32.279998779296875,33.470001220703125,27.969867706298828,314405
2011-07-20,33.470001220703125,34.0,32.810001373291016,33.97999954223633,28.39605712890625,70480
2011-07-21,33.79999923706055,34.20000076293945,33.310001373291016,33.75,28.2038516998291,91365
2011-07-22,33.20000076293945,33.20000076293945,33.08000183105469,33.08000183105469,27.643951416015625,47330
2011-07-25,32.41999816894531,32.41999816894531,32.41999816894531,32.41999816894531,27.0924072265625,163785
2011-07-26,31.780000686645508,31.780000686645508,31.780000686645508,31.780000686645508,26.557580947875977,117655
2011-07-27,31.149999618530273,31.149999618530273,31.149999618530273,31.149999618530273,26.031110763549805,990
2011-07-28,30.530000686645508,30.530000686645508,30.530000686645508,30.530000686645508,25.51299285888672,505
2011-07-29,29.920000076293945,29.920000076293945,29.920000076293945,29.920000076293945,25.003238677978516,750
2011-08-01,29.329999923706055,29.329999923706055,29.329999923706055,29.329999923706055,24.510189056396484,425
2011-08-02,28.75,28.75,28.75,28.75,24.025503158569336,18125
2011-08-03,28.18000030517578,28.18000030517578,28.18000030517578,28.18000030517578,23.549169540405273,505
2011-08-04,27.6200008392334,27.6200008392334,27.6200008392334,27.6200008392334,23.081195831298828,250
2011-08-05,27.06999969482422,27.06999969482422,27.06999969482422,27.06999969482422,22.621578216552734,130
2011-08-08,26.530000686645508,26.530000686645508,26.530000686645508,26.530000686645508,22.170318603515625,250
2011-08-09,26.0,26.0,26.0,26.0,21.7274112701416,1055
2011-08-10,25.489999771118164,25.489999771118164,25.489999771118164,25.489999771118164,21.301218032836914,360
2011-08-11,24.989999771118164,24.989999771118164,24.989999771118164,24.989999771118164,20.883384704589844,50
2011-08-12,24.5,24.5,24.5,24.5,20.473907470703125,1250
2011-08-16,24.020000457763672,24.020000457763672,24.020000457763672,24.020000457763672,20.072786331176758,50
2011-08-17,23.540000915527344,23.540000915527344,23.540000915527344,23.540000915527344,19.67166519165039,255
2011-08-18,23.06999969482422,23.06999969482422,23.06999969482422,23.06999969482422,19.278900146484375,65
2011-08-19,22.610000610351562,22.610000610351562,22.610000610351562,22.610000610351562,18.89449119567871,505
2011-08-22,22.15999984741211,22.15999984741211,22.15999984741211,22.15999984741211,18.5184383392334,8505
2011-08-23,21.719999313354492,21.719999313354492,21.719999313354492,21.719999313354492,18.150747299194336,25
2011-08-24,21.290000915527344,21.290000915527344,21.290000915527344,21.290000915527344,17.79140853881836,420
2011-08-25,20.8700008392334,20.8700008392334,20.8700008392334,20.8700008392334,17.440427780151367,125
2011-08-26,20.459999084472656,20.459999084472656,20.459999084472656,20.459999084472656,17.097801208496094,125
2011-08-29,20.059999465942383,20.059999465942383,20.059999465942383,20.059999465942383,16.763534545898438,100
2011-08-30,19.65999984741211,19.65999984741211,19.65999984741211,19.65999984741211,16.42926597595215,50
2011-09-02,19.270000457763672,19.270000457763672,19.270000457763672,19.270000457763672,16.103355407714844,625
2011-09-05,18.889999389648438,18.889999389648438,18.889999389648438,18.889999389648438,15.78580093383789,15
2011-09-06,18.520000457763672,18.520000457763672,18.520000457763672,18.520000457763672,15.476602554321289,57940
2011-09-07,18.15999984741211,18.15999984741211,18.149999618530273,18.149999618530273,15.167403221130371,46765
2011-09-08,17.790000915527344,18.510000228881836,17.790000915527344,18.43000030517578,15.401392936706543,71400
2011-09-09,18.600000381469727,18.790000915527344,18.200000762939453,18.780000686645508,15.693876266479492,35585
2011-09-12,18.440000534057617,19.149999618530273,18.43000030517578,19.030000686645508,15.902792930603027,9810
2011-09-13,19.399999618530273,19.40999984741211,18.940000534057617,19.399999618530273,16.211990356445312,23790
2011-09-14,19.739999771118164,19.780000686645508,19.020000457763672,19.610000610351562,16.387479782104492,4760
2011-09-15,19.959999084472656,20.0,19.610000610351562,19.8799991607666,16.61311149597168,56450
2011-09-16,19.799999237060547,20.270000457763672,19.579999923706055,20.25,16.922311782836914,58360
2011-09-19,20.25,20.649999618530273,20.25,20.649999618530273,17.25657844543457,18675
2011-09-20,21.059999465942383,21.059999465942383,20.65999984741211,20.940000534057617,17.498924255371094,25900
2011-09-21,21.34000015258789,21.34000015258789,20.709999084472656,21.34000015258789,17.83319091796875,12190
2011-09-22,21.0,21.760000228881836,20.950000762939453,21.600000381469727,18.93790054321289,14250
2011-09-23,22.030000686645508,22.030000686645508,21.200000762939453,21.940000534057617,19.236000061035156,1025
2011-09-26,22.3700008392334,22.3700008392334,21.510000228881836,22.059999465942383,19.341209411621094,11485
2011-09-27,21.81999969482422,21.81999969482422,21.6200008392334,21.6200008392334,18.955434799194336,2625
2011-09-28,21.200000762939453,21.600000381469727,21.190000534057617,21.40999984741211,18.771318435668945,4200
2011-09-29,21.0,21.0,20.989999771118164,20.989999771118164,18.403079986572266,300
2011-09-30,21.399999618530273,21.399999618530273,20.579999923706055,20.579999923706055,18.043611526489258,1150
2011-10-03,20.170000076293945,20.989999771118164,20.170000076293945,20.989999771118164,18.403079986572266,43910
2011-10-04,21.0,21.399999618530273,20.799999237060547,21.309999465942383,18.68364143371582,68075
2011-10-05,21.600000381469727,21.729999542236328,20.889999389648438,21.729999542236328,19.051877975463867,115485
2011-10-07,22.0,22.15999984741211,21.5,22.15999984741211,19.428884506225586,9655
2011-10-10,22.0,22.600000381469727,21.889999389648438,22.600000381469727,19.814655303955078,35450
2011-10-11,22.600000381469727,23.049999237060547,22.200000762939453,23.040000915527344,20.200429916381836,28490
2011-10-12,23.5,23.5,23.5,23.5,20.603736877441406,2125
2011-10-13,23.950000762939453,23.969999313354492,23.040000915527344,23.90999984741211,20.963207244873047,77490
2011-10-14,24.34000015258789,24.3799991607666,24.200000762939453,24.3799991607666,21.37527847290039,29600
2011-10-17,24.850000381469727,24.860000610351562,24.75,24.860000610351562,21.79612159729004,50840
2011-10-18,25.299999237060547,25.350000381469727,25.299999237060547,25.350000381469727,22.225730895996094,10815
2011-10-19,25.850000381469727,25.850000381469727,25.84000015258789,25.850000381469727,22.66411018371582,19050
2011-10-20,26.350000381469727,26.360000610351562,26.010000228881836,26.360000610351562,23.11125373840332,24150
2011-10-21,26.8799991607666,26.8799991607666,26.8799991607666,26.8799991607666,23.567167282104492,4035
2011-10-24,26.8799991607666,27.40999984741211,26.8799991607666,27.40999984741211,24.031845092773438,26225
2011-10-25,27.40999984741211,27.950000762939453,26.8700008392334,27.950000762939453,24.505292892456055,18405
2011-10-28,29.06999969482422,29.06999969482422,27.940000534057617,29.0,25.425884246826172,19600
2011-10-31,29.510000228881836,29.579999923706055,28.799999237060547,29.579999923706055,25.934404373168945,25500
2011-11-01,30.079999923706055,30.170000076293945,28.989999771118164,28.989999771118164,25.417116165161133,45635
2011-11-02,28.420000076293945,29.559999465942383,28.420000076293945,29.559999465942383,25.916868209838867,60075
2011-11-03,29.420000076293945,30.149999618530273,29.020000457763672,30.149999618530273,26.434152603149414,36415
2011-11-04,30.719999313354492,30.75,30.40999984741211,30.75,26.960208892822266,70415
2011-11-08,31.600000381469727,32.279998779296875,30.799999237060547,32.279998779296875,28.301639556884766,105115
2011-11-09,33.400001525878906,33.88999938964844,32.79999923706055,33.88999938964844,29.71321678161621,109550
2011-11-11,34.79999923706055,34.79999923706055,32.20000076293945,32.650001525878906,28.62604331970215,72765
2011-11-14,31.5,34.279998779296875,31.5,34.220001220703125,30.002546310424805,64220
2011-11-15,35.599998474121094,35.90999984741211,34.27000045776367,35.130001068115234,30.800397872924805,129555
2011-11-16,35.130001068115234,35.130001068115234,33.380001068115234,34.7400016784668,30.458459854125977,62660
2011-11-17,35.95000076293945,35.95000076293945,33.0099983215332,33.0099983215332,28.94167137145996,40875
2011-11-18,33.95000076293945,33.95000076293945,31.360000610351562,31.360000610351562,27.495025634765625,13515
2011-11-21,29.799999237060547,29.799999237060547,29.799999237060547,29.799999237060547,26.127286911010742,5000
2011-11-22,28.31999969482422,28.31999969482422,28.31999969482422,28.31999969482422,24.829692840576172,15255
2011-11-23,26.90999984741211,26.90999984741211,26.90999984741211,26.90999984741211,23.593467712402344,1500
2011-11-24,25.56999969482422,25.56999969482422,25.56999969482422,25.56999969482422,22.418617248535156,4360
2011-11-25,24.299999237060547,24.299999237060547,24.299999237060547,24.299999237060547,21.305137634277344,19600
2011-11-28,23.09000015258789,25.489999771118164,23.09000015258789,24.149999618530273,21.17362403869629,49480
2011-11-29,23.600000381469727,25.350000381469727,23.600000381469727,25.18000030517578,22.076683044433594,14625
2011-11-30,26.0,26.200000762939453,24.799999237060547,26.010000228881836,22.80438995361328,6460
2011-12-01,25.399999618530273,27.290000915527344,24.8700008392334,27.1200008392334,23.777585983276367,13985
2011-12-02,28.0,28.469999313354492,27.049999237060547,28.469999313354492,24.961206436157227,34120
2011-12-05,29.399999618530273,29.600000381469727,28.799999237060547,29.56999969482422,25.925634384155273,9350
2011-12-07,29.600000381469727,30.18000030517578,28.399999618530273,28.399999618530273,24.89983558654785,4560
2011-12-08,30.0,30.0,29.399999618530273,29.399999618530273,25.776586532592773,520
2011-12-09,28.350000381469727,29.200000762939453,27.940000534057617,27.940000534057617,24.49652671813965,10895
2011-12-12,26.549999237060547,28.0,26.549999237060547,26.549999237060547,23.277835845947266,12935
2011-12-13,26.579999923706055,26.579999923706055,25.229999542236328,25.309999465942383,22.19066047668457,2470
2011-12-14,26.559999465942383,26.559999465942383,24.049999237060547,24.049999237060547,21.085948944091797,24345
2011-12-15,24.18000030517578,24.18000030517578,22.850000381469727,22.989999771118164,20.15658950805664,11835
2011-12-16,22.0,22.5,21.850000381469727,21.850000381469727,19.15709114074707,14585
2011-12-19,21.950000762939453,22.0,21.40999984741211,21.989999771118164,19.279834747314453,1795
2011-12-20,22.010000228881836,23.079999923706055,22.010000228881836,22.31999969482422,19.569162368774414,1970
2011-12-21,22.200000762939453,23.43000030517578,22.200000762939453,23.420000076293945,20.533594131469727,23475
2011-12-22,24.3799991607666,24.59000015258789,23.200000762939453,23.860000610351562,20.91936683654785,18975
2011-12-23,25.049999237060547,25.049999237060547,22.670000076293945,22.690000534057617,19.893566131591797,47820
2011-12-26,23.5,23.700000762939453,21.559999465942383,21.799999237060547,19.113250732421875,74115
2011-12-27,22.0,22.09000015258789,20.84000015258789,22.0,19.288602828979492,10160
2011-12-28,21.989999771118164,21.989999771118164,20.90999984741211,21.530000686645508,18.87653160095215,20085
2011-12-29,21.989999771118164,21.989999771118164,20.459999084472656,20.559999465942383,18.026077270507812,7520
2011-12-30,21.489999771118164,21.489999771118164,19.540000915527344,19.59000015258789,17.17562484741211,23720
2012-01-02,18.719999313354492,19.979999542236328,18.719999313354492,19.420000076293945,17.02657699584961,23180
2012-01-03,19.200000762939453,19.780000686645508,19.0,19.149999618530273,16.78985023498535,15355
2012-01-04,20.100000381469727,20.100000381469727,19.43000030517578,19.940000534057617,17.48248863220215,37730
2012-01-05,20.0,20.93000030517578,19.549999237060547,20.93000030517578,18.350473403930664,26575
2012-01-06,21.399999618530273,21.600000381469727,19.889999389648438,21.239999771118164,18.622270584106445,42610
2012-01-09,20.799999237060547,21.170000076293945,20.700000762939453,21.170000076293945,18.560897827148438,1505
2012-01-10,21.649999618530273,21.649999618530273,20.1200008392334,20.34000015258789,17.83319091796875,1410
2012-01-11,20.200000762939453,21.15999984741211,20.200000762939453,21.1299991607666,18.52582550048828,24865
2012-01-12,20.979999542236328,20.979999542236328,20.209999084472656,20.729999542236328,18.17512321472168,1510
2012-01-13,20.600000381469727,21.0,20.600000381469727,21.0,18.411849975585938,105
2012-01-16,21.700000762939453,21.700000762939453,21.0,21.3700008392334,18.736249923706055,5480
2012-01-17,21.200000762939453,22.389999389648438,20.309999465942383,21.600000381469727,18.93790054321289,20310
2012-01-18,20.799999237060547,21.200000762939453,20.600000381469727,20.600000381469727,18.061145782470703,5775
2012-01-19,21.200000762939453,21.200000762939453,19.610000610351562,20.719999313354492,18.166357040405273,15230
2012-01-20,21.5,21.75,20.0,21.709999084472656,19.03434181213379,49505
2012-01-23,22.510000228881836,22.790000915527344,21.270000457763672,22.700000762939453,19.90233039855957,24040
2012-01-24,23.700000762939453,23.700000762939453,22.25,23.600000381469727,20.691410064697266,21145
2012-01-25,23.979999542236328,24.5,23.0,24.299999237060547,21.305137634277344,24370
2012-01-27,24.200000762939453,25.0,23.200000762939453,23.709999084472656,20.787851333618164,15080
2012-01-30,23.799999237060547,23.799999237060547,22.75,22.75,19.9461727142334,5355
2012-01-31,23.18000030517578,23.18000030517578,21.6200008392334,21.6299991607666,18.964200973510742,16335
2012-02-01,21.200000762939453,21.700000762939453,20.549999237060547,20.670000076293945,18.12251853942871,21520
2012-02-02,20.799999237060547,21.0,20.399999618530273,20.40999984741211,17.894563674926758,7775
2012-02-03,20.399999618530273,21.399999618530273,20.399999618530273,20.540000915527344,18.008541107177734,4225
2012-02-06,21.389999389648438,21.399999618530273,20.600000381469727,21.25,18.63103485107422,17770
2012-02-07,22.309999465942383,22.309999465942383,20.190000534057617,20.190000534057617,17.701677322387695,36455
2012-02-08,20.790000915527344,21.190000534057617,20.399999618530273,20.90999984741211,18.33293914794922,14280
2012-02-09,21.0,21.0,19.8700008392334,20.06999969482422,17.596466064453125,5055
2012-02-10,20.989999771118164,20.989999771118164,19.06999969482422,19.6299991607666,17.210691452026367,22890
2012-02-13,20.3799991607666,20.3799991607666,19.399999618530273,20.1299991607666,17.649070739746094,7770
2012-02-14,20.0,21.1299991607666,19.809999465942383,21.1299991607666,18.52582550048828,30895
2012-02-15,21.1299991607666,22.18000030517578,21.1299991607666,22.18000030517578,19.446420669555664,24275
2012-02-16,22.399999618530273,23.280000686645508,22.399999618530273,23.280000686645508,20.41084861755371,23300
2012-02-17,24.0,24.440000534057617,23.5,24.360000610351562,21.357744216918945,42690
2012-02-21,24.200000762939453,25.56999969482422,24.200000762939453,25.56999969482422,22.418617248535156,49505
2012-02-22,24.600000381469727,26.84000015258789,24.299999237060547,26.290000915527344,23.049882888793945,54745
2012-02-23,25.200000762939453,27.600000381469727,25.200000762939453,27.219999313354492,23.865264892578125,76210
2012-02-24,25.90999984741211,27.399999618530273,25.90999984741211,27.270000457763672,23.909099578857422,20575
2012-02-27,28.6299991607666,28.6299991607666,25.90999984741211,26.899999618530273,23.584699630737305,33170
2012-02-28,25.600000381469727,25.780000686645508,25.559999465942383,25.559999465942383,22.409849166870117,15885
2012-02-29,24.989999771118164,25.600000381469727,24.290000915527344,24.729999542236328,21.682144165039062,11130
2012-03-01,25.600000381469727,25.600000381469727,24.979999542236328,24.979999542236328,21.901330947875977,1770
2012-03-02,26.0,26.219999313354492,25.690000534057617,26.049999237060547,22.839458465576172,10850
2012-03-05,27.200000762939453,27.200000762939453,25.809999465942383,27.1299991607666,23.786354064941406,17115
2012-03-06,27.200000762939453,27.200000762939453,27.18000030517578,27.18000030517578,23.8301944732666,23425
2012-03-07,27.18000030517578,27.18000030517578,27.18000030517578,27.18000030517578,23.8301944732666,0
2012-03-09,26.600000381469727,26.600000381469727,25.200000762939453,25.790000915527344,22.61150360107422,10410
2012-03-12,26.600000381469727,27.06999969482422,25.399999618530273,26.770000457763672,23.47072410583496,31150
2012-03-13,26.979999542236328,26.979999542236328,26.0,26.0,22.795621871948242,5100
2012-03-14,26.0,26.0,24.81999969482422,25.010000228881836,21.927635192871094,225
2012-03-15,25.399999618530273,26.260000228881836,25.399999618530273,26.0,22.795621871948242,2975
2012-03-16,24.799999237060547,27.299999237060547,24.799999237060547,26.959999084472656,23.637306213378906,12225
2012-03-19,26.0,27.200000762939453,26.0,27.18000030517578,23.8301944732666,10775
2012-03-20,26.200000762939453,28.530000686645508,25.829999923706055,28.399999618530273,24.89983558654785,152480
2012-03-21,29.799999237060547,29.81999969482422,27.450000762939453,29.81999969482422,26.14482307434082,45965
2012-03-22,30.799999237060547,31.309999465942383,29.81999969482422,31.299999237060547,27.442420959472656,172530
2012-03-23,31.799999237060547,32.86000061035156,30.049999237060547,32.86000061035156,28.81015968322754,71550
2012-03-26,33.86000061035156,34.5,33.0,34.5,30.24803352355957,71800
2012-03-27,36.20000076293945,36.220001220703125,34.20000076293945,36.220001220703125,31.756053924560547,100325
2012-03-28,37.599998474121094,37.599998474121094,34.40999984741211,34.40999984741211,30.169130325317383,23600
2012-03-29,32.689998626708984,36.0,32.689998626708984,34.689998626708984,30.414615631103516,165175
2012-03-30,34.0,36.41999816894531,32.970001220703125,36.290000915527344,31.817426681518555,68375
2012-04-02,37.900001525878906,37.900001525878906,34.70000076293945,34.72999954223633,30.449687957763672,2835
2012-04-03,36.459999084472656,36.459999084472656,33.0,33.2400016784668,29.143325805664062,63700
2012-04-04,33.86000061035156,34.900001525878906,31.799999237060547,34.66999816894531,30.39708709716797,19650
2012-04-09,35.20000076293945,36.400001525878906,35.20000076293945,36.400001525878906,31.91387367248535,75990
2012-04-10,37.9900016784668,38.220001220703125,37.61000061035156,38.220001220703125,33.50956726074219,28220
2012-04-11,38.939998626708984,40.130001068115234,37.040000915527344,40.130001068115234,35.18416976928711,48865
2012-04-12,41.970001220703125,42.130001068115234,41.970001220703125,42.130001068115234,36.93767547607422,29295
2012-04-13,44.22999954223633,44.22999954223633,42.619998931884766,44.22999954223633,38.77885437011719,65520
2012-04-16,44.22999954223633,46.439998626708984,42.40999984741211,46.439998626708984,40.71649169921875,100415
2012-04-17,45.400001525878906,48.7599983215332,45.20000076293945,48.599998474121094,42.61027526855469,48320
2012-04-18,50.79999923706055,51.029998779296875,48.619998931884766,50.779998779296875,44.52159881591797,163915
2012-04-19,48.29999923706055,52.9900016784668,48.25,51.27000045776367,44.95121383666992,119480
2012-04-20,49.619998931884766,51.97999954223633,48.709999084472656,50.619998931884766,44.38132095336914,116740
2012-04-23,48.33000183105469,48.33000183105469,48.09000015258789,48.09000015258789,42.16313171386719,93945
2012-04-24,45.689998626708984,46.79999923706055,45.689998626708984,45.689998626708984,40.058921813964844,70340
2012-04-25,47.189998626708984,47.970001220703125,44.0,46.63999938964844,40.89183807373047,14600
2012-04-26,48.369998931884766,48.369998931884766,44.79999923706055,45.650001525878906,40.02385330200195,3060
2012-04-27,47.54999923706055,47.54999923706055,43.470001220703125,45.040000915527344,39.48903274536133,6355
2012-04-30,45.040000915527344,45.040000915527344,45.040000915527344,45.040000915527344,39.48903274536133,0
2012-05-02,43.83000183105469,44.58000183105469,43.83000183105469,44.40999984741211,38.936676025390625,20720
2012-05-03,43.15999984741211,46.630001068115234,42.5,46.630001068115234,40.88307571411133,18065
2012-05-04,48.79999923706055,48.79999923706055,44.29999923706055,44.29999923706055,38.84022903442383,37560
2012-05-07,43.0,43.9900016784668,42.09000015258789,43.22999954223633,37.90210723876953,19090
2012-05-08,47.54999923706055,47.54999923706055,38.90999984741211,43.22999954223633,37.90210723876953,82235
2012-05-09,41.20000076293945,41.20000076293945,38.90999984741211,38.90999984741211,34.114524841308594,37855
2012-05-10,38.06999969482422,40.79999923706055,35.02000045776367,35.16999816894531,30.83545684814453,37215
2012-05-11,32.40999984741211,38.68000030517578,32.40999984741211,37.630001068115234,32.992279052734375,113130
2012-05-14,37.0,38.0,35.220001220703125,35.81999969482422,31.405351638793945,42990
2012-05-15,36.400001525878906,36.599998474121094,32.2400016784668,32.68000030517578,28.652341842651367,28265
2012-05-16,34.0,34.0,31.049999237060547,31.049999237060547,27.223230361938477,108570
2012-05-17,30.0,32.599998474121094,29.540000915527344,32.560001373291016,28.54713249206543,38130
2012-05-18,33.0,34.18000030517578,32.0,34.18000030517578,29.967477798461914,152485
2012-05-21,35.880001068115234,35.880001068115234,35.79999923706055,35.880001068115234,31.457956314086914,4010
2012-05-22,37.66999816894531,37.66999816894531,34.09000015258789,34.13999938964844,29.93240737915039,232230
2012-05-23,34.0,35.84000015258789,32.650001525878906,35.790000915527344,31.37904930114746,53895
2012-05-24,34.810001373291016,36.97999954223633,34.0099983215332,34.58000183105469,30.318174362182617,25565
2012-05-25,32.900001525878906,36.06999969482422,32.86000061035156,32.869998931884766,28.818927764892578,126090
2012-05-28,32.02000045776367,33.79999923706055,31.229999542236328,31.979999542236328,28.038616180419922,45900
2012-05-29,32.970001220703125,33.56999969482422,32.970001220703125,33.56999969482422,29.43265151977539,124260
2012-05-30,34.619998931884766,34.619998931884766,33.040000915527344,33.4900016784668,29.362520217895508,3060
2012-05-31,33.970001220703125,35.15999984741211,32.209999084472656,34.650001525878906,30.37955093383789,6150
2012-06-01,36.0,36.380001068115234,33.5099983215332,36.349998474121094,31.87002944946289,33475
2012-06-04,34.79999923706055,38.15999984741211,34.79999923706055,38.09000015258789,33.39558792114258,51420
2012-06-05,39.77000045776367,39.9900016784668,37.20000076293945,39.310001373291016,34.46522903442383,176600
2012-06-06,39.599998474121094,40.400001525878906,38.599998474121094,39.90999984741211,34.99127960205078,39895
2012-06-07,40.79999923706055,41.900001525878906,39.400001525878906,41.02000045776367,35.9644775390625,16340
2012-06-08,41.119998931884766,41.959999084472656,39.20000076293945,39.470001220703125,34.605506896972656,20840
2012-06-11,40.400001525878906,41.400001525878906,38.79999923706055,41.369998931884766,36.27134323120117,7580
2012-06-12,39.63999938964844,40.18000030517578,39.310001373291016,39.310001373291016,34.46522903442383,73485
2012-06-13,37.40999984741211,40.0,37.349998474121094,37.349998474121094,32.74678421020508,26105
2012-06-14,35.5,36.36000061035156,35.4900016784668,35.77000045776367,31.36151695251465,32430
2012-06-15,35.81999969482422,37.54999923706055,35.81999969482422,37.54999923706055,32.92213821411133,47330
2012-06-18,38.20000076293945,38.20000076293945,38.0,38.0,33.316680908203125,64980
2012-06-19,36.310001373291016,38.099998474121094,36.11000061035156,36.7599983215332,32.22949981689453,62180
2012-06-20,36.7599983215332,38.59000015258789,36.7599983215332,38.11000061035156,33.413116455078125,87945
2012-06-21,36.810001373291016,36.810001373291016,36.209999084472656,36.209999084472656,31.747283935546875,15970
2012-06-22,36.0,37.400001525878906,34.439998626708984,35.65999984741211,31.265071868896484,19615
2012-06-25,34.65999984741211,37.0,34.65999984741211,36.900001525878906,32.35224533081055,1155
2012-06-26,37.040000915527344,37.599998474121094,35.540000915527344,37.08000183105469,32.51006317138672,18625
2012-06-27,37.599998474121094,38.0,36.349998474121094,37.959999084472656,33.28160858154297,42995
2012-06-28,37.650001525878906,38.400001525878906,37.0,38.36000061035156,33.6323127746582,78860
2012-06-29,38.0,39.599998474121094,38.0,39.060001373291016,34.24604415893555,188380
2012-07-02,39.060001373291016,39.20000076293945,37.11000061035156,38.290000915527344,33.57093811035156,28855
2012-07-03,37.56999969482422,40.20000076293945,37.56999969482422,40.029998779296875,35.09648895263672,46495
2012-07-04,40.0,42.029998779296875,40.0,41.959999084472656,36.78862762451172,84150
2012-07-05,41.79999923706055,43.790000915527344,41.400001525878906,42.959999084472656,37.66537857055664,181895
2012-07-06,45.79999923706055,45.79999923706055,42.599998474121094,43.70000076293945,38.31418228149414,118555
2012-07-09,45.189998626708984,45.2599983215332,43.45000076293945,44.95000076293945,39.41012954711914,51400
2012-07-10,44.0099983215332,46.97999954223633,42.0099983215332,44.61000061035156,39.11202621459961,149320
2012-07-11,45.0,47.54999923706055,42.86000061035156,44.56999969482422,39.07695007324219,111480
2012-07-12,42.060001373291016,46.9900016784668,40.79999923706055,45.41999816894531,39.82219696044922,221710
2012-07-13,45.02000045776367,46.369998931884766,44.439998626708984,45.0099983215332,39.46272659301758,202515
2012-07-16,45.20000076293945,45.599998474121094,45.0,45.0,39.45396041870117,6775
2012-07-17,44.86000061035156,44.97999954223633,44.02000045776367,44.220001220703125,38.77009201049805,655
2012-07-18,44.0099983215332,44.220001220703125,43.400001525878906,44.06999969482422,38.638580322265625,68650
2012-07-19,44.880001068115234,44.900001525878906,43.06999969482422,43.869998931884766,38.46323013305664,155
2012-07-20,43.029998779296875,43.5,39.4900016784668,39.97999954223633,35.05265426635742,193795
2012-07-23,38.7400016784668,43.970001220703125,36.61000061035156,43.54999923706055,38.18267059326172,43120
2012-07-24,47.56999969482422,47.56999969482422,43.099998474121094,44.0,38.577205657958984,40030
2012-07-25,46.599998474121094,46.599998474121094,40.79999923706055,41.93000030517578,36.762325286865234,19175
2012-07-26,42.20000076293945,43.38999938964844,41.86000061035156,42.56999969482422,37.32344436645508,7580
2012-07-27,43.099998474121094,44.0,41.400001525878906,42.72999954223633,37.46372985839844,16615
2012-07-30,43.9900016784668,43.9900016784668,41.0,42.2599983215332,37.05165100097656,20405
2012-07-31,43.0,43.0,41.400001525878906,42.5,37.26206970214844,12575
2012-08-01,40.599998474121094,43.959999084472656,40.599998474121094,42.34000015258789,37.121795654296875,125745
2012-08-02,41.599998474121094,43.0,41.599998474121094,42.400001525878906,37.174400329589844,2500
2012-08-03,41.0,44.0,40.0,40.439998626708984,35.455963134765625,110010
2012-08-06,41.599998474121094,41.599998474121094,40.400001525878906,41.290000915527344,36.20119857788086,12795
2012-08-07,40.02000045776367,45.40999984741211,40.02000045776367,45.369998931884766,39.778358459472656,174695
2012-08-08,43.02000045776367,47.400001525878906,42.86000061035156,43.70000076293945,38.31418228149414,90220
2012-08-09,41.79999923706055,46.9900016784668,41.79999923706055,46.630001068115234,40.88307571411133,174165
2012-08-10,42.810001373291016,48.630001068115234,42.810001373291016,47.81999969482422,41.926414489746094,136430
2012-08-13,47.79999923706055,50.0,46.79999923706055,47.91999816894531,42.01408386230469,143615
2012-08-14,48.599998474121094,49.20000076293945,44.29999923706055,45.470001220703125,39.866031646728516,69100
2012-08-16,42.61000061035156,47.0,42.61000061035156,44.43000030517578,38.95420455932617,83495
2012-08-17,45.0,48.869998931884766,45.0,48.849998474121094,42.8294677734375,143535
2012-08-21,50.400001525878906,53.72999954223633,50.400001525878906,53.72999954223633,47.108028411865234,228075
2012-08-22,57.0,59.099998474121094,57.0,59.09000015258789,51.807430267333984,388045
2012-08-23,64.98999786376953,64.98999786376953,60.79999923706055,64.43000030517578,56.48930740356445,536565
2012-08-24,64.43000030517578,66.0,61.209999084472656,65.63999938964844,57.550174713134766,233825
2012-08-27,65.62999725341797,67.19999694824219,63.630001068115234,66.16999816894531,58.01485061645508,59120
2012-08-28,65.80000305175781,69.0,63.220001220703125,68.43000030517578,59.9963264465332,206650
2012-08-29,69.41999816894531,71.8499984741211,68.20999908447266,71.8499984741211,62.99482345581055,264295
2012-08-30,74.0,75.44000244140625,72.01000213623047,75.43000030517578,66.13361358642578,404275
2012-08-31,76.95999908447266,79.19999694824219,72.61000061035156,76.80999755859375,67.34352111816406,276310
2012-09-03,78.0,80.6500015258789,77.19999694824219,79.75,69.92118835449219,342870
2012-09-04,80.16999816894531,80.73999786376953,75.7699966430664,78.58999633789062,68.90414428710938,253110
2012-09-05,76.4000015258789,82.51000213623047,75.01000213623047,82.0999984741211,71.98155975341797,473395
2012-09-06,83.0,85.0,82.5,84.47000122070312,74.0594711303711,151030
2012-09-07,85.0199966430664,88.0,85.0,86.08000183105469,75.47103881835938,107810
2012-09-10,91.08999633789062,92.58000183105469,89.62000274658203,90.22000122070312,79.1008071899414,466575
2012-09-11,87.0999984741211,91.9800033569336,87.0999984741211,90.83000183105469,79.6356430053711,181390
2012-09-12,91.0999984741211,91.98999786376953,89.5999984741211,90.23999786376953,79.11833953857422,211540
2012-09-13,90.19999694824219,91.4000015258789,88.5999984741211,89.81999969482422,78.75010681152344,169710
2012-09-14,85.41999816894531,93.55999755859375,85.41999816894531,92.86000061035156,81.41544342041016,229465
2012-09-17,93.0,93.0,88.22000122070312,91.31999969482422,80.06523895263672,163390
2012-09-18,91.0,93.0,91.0,92.63999938964844,81.2225570678711,173175
2012-09-20,95.80000305175781,95.80000305175781,92.44999694824219,92.86000061035156,81.41544342041016,58640
2012-09-21,92.80000305175781,93.80000305175781,90.0,90.58000183105469,80.2809829711914,110770
2012-09-24,92.0,95.0999984741211,91.05999755859375,93.7699966430664,83.10826873779297,119575
2012-09-25,95.4000015258789,98.44999694824219,95.19999694824219,98.44999694824219,87.25613403320312,81870
2012-09-26,102.9800033569336,103.37000274658203,100.0,100.69999694824219,89.25032043457031,120670
2012-09-27,101.5999984741211,102.5999984741211,100.0,100.44000244140625,89.0198745727539,38150
2012-09-28,99.19999694824219,105.45999908447266,95.41999816894531,103.73999786376953,91.94466400146484,132590
2012-10-01,104.0,106.5999984741211,102.0,104.44000244140625,92.5650863647461,108920
2012-10-03,104.0199966430664,104.80000305175781,99.5999984741211,101.0,89.51620483398438,35020
2012-10-04,102.80000305175781,104.80000305175781,99.62000274658203,104.0999984741211,92.26373291015625,111030
2012-10-05,100.0,103.4000015258789,99.19999694824219,100.12999725341797,88.74513244628906,60980
2012-10-08,96.4000015258789,102.69999694824219,96.4000015258789,101.31999969482422,89.79981994628906,32120
2012-10-09,100.0,100.19999694824219,96.27999877929688,99.44000244140625,88.13359832763672,76445
2012-10-10,96.4800033569336,104.41000366210938,96.4800033569336,104.1500015258789,92.30805969238281,177310
2012-10-11,106.0,109.3499984741211,106.0,108.72000122070312,96.35845184326172,187455
2012-10-12,111.69999694824219,114.1500015258789,103.41000366210938,113.55000305175781,100.63926696777344,151720
2012-10-15,115.9000015258789,115.9000015258789,107.87999725341797,109.37000274658203,96.93453979492188,141925
2012-10-16,107.5999984741211,109.0,103.91000366210938,106.95999908447266,94.7985610961914,32680
2012-10-17,103.0,109.0199966430664,101.6500015258789,108.7300033569336,96.36730194091797,151935
2012-10-18,105.19999694824219,108.0,103.30000305175781,103.86000061035156,92.051025390625,50225
2012-10-19,98.66999816894531,104.75,98.66999816894531,102.25,90.62408447265625,93585
2012-10-22,98.4000015258789,101.0,97.13999938964844,97.30000305175781,86.2369155883789,81625
2012-10-23,100.19999694824219,100.19999694824219,92.44000244140625,94.47000122070312,83.72868347167969,15550
2012-10-25,89.75,99.19000244140625,89.75,99.19000244140625,87.91201782226562,82245
2012-10-29,105.80000305175781,105.80000305175781,97.0,99.48999786376953,88.17789459228516,102105
2012-10-30,98.87999725341797,102.98999786376953,94.5199966430664,97.79000091552734,86.67118835449219,64660
2012-10-31,99.4000015258789,99.4000015258789,94.0,95.75,84.86314392089844,76325
2012-11-01,96.4000015258789,100.52999877929688,91.05000305175781,99.62999725341797,88.30198669433594,62930
2012-11-02,101.80000305175781,104.61000061035156,94.6500015258789,104.37000274658203,92.5030517578125,138625
2012-11-05,105.19999694824219,107.0,104.4000015258789,105.80999755859375,93.779296875,88615
2012-11-06,106.4000015258789,108.80000305175781,104.94000244140625,105.77999877929688,93.75271606445312,20280
2012-11-07,105.5,105.5,101.80999755859375,104.79000091552734,92.87528228759766,66895
2012-11-08,103.5999984741211,109.80000305175781,99.55999755859375,105.01000213623047,93.07026672363281,98940
2012-11-09,102.0,108.9800033569336,99.76000213623047,107.20999908447266,95.02013397216797,208870
2012-11-12,110.0,110.0,101.8499984741211,102.72000122070312,91.04064178466797,70145
2012-11-15,98.19999694824219,101.0,97.66999816894531,100.83999633789062,89.37439727783203,54210
2012-11-16,95.80000305175781,103.77999877929688,95.80000305175781,102.9000015258789,91.20018005371094,103950
2012-11-19,101.0,101.0,97.76000213623047,97.87999725341797,86.7509536743164,38610
2012-11-20,93.45999908447266,98.0,93.44999694824219,93.98999786376953,83.30326080322266,32005
2012-11-21,90.69999694824219,98.58000183105469,90.69999694824219,98.04000091552734,86.89277648925781,39365
2012-11-22,99.01000213623047,102.4000015258789,98.0,101.33000183105469,89.80868530273438,67400
2012-11-23,104.0,105.97000122070312,101.19999694824219,105.45999908447266,93.46910858154297,94665
2012-11-26,103.0,110.4000015258789,103.0,109.1500015258789,96.73954772949219,53900
2012-11-27,110.0,114.5999984741211,108.19999694824219,114.5999984741211,101.56987762451172,128360
2012-11-29,120.0,120.33000183105469,114.4000015258789,120.06999969482422,106.41793823242188,127230
2012-11-30,124.19999694824219,126.06999969482422,118.0,125.98999786376953,111.66482543945312,49465
2012-12-03,126.0,126.0,119.69999694824219,122.3499984741211,108.4386978149414,151640
2012-12-04,125.0,125.0,116.23999786376953,117.19999694824219,103.87425994873047,50580
2012-12-05,121.0,121.0,112.19999694824219,116.93000030517578,103.63495635986328,74955
2012-12-06,111.5999984741211,115.0,111.08999633789062,111.08999633789062,98.4589614868164,78230
2012-12-07,105.61000061035156,116.63999938964844,105.54000091552734,115.06999969482422,101.98643493652344,209280
2012-12-10,116.0,117.18000030517578,111.16000366210938,115.98999786376953,102.80183410644531,73350
2012-12-11,114.0,117.79000091552734,110.41999816894531,111.06999969482422,98.44123840332031,34345
2012-12-12,112.0,114.0,111.4000015258789,112.18000030517578,99.42504119873047,62600
2012-12-13,111.0,115.0,107.01000213623047,112.16999816894531,99.41618347167969,40425
2012-12-14,110.5999984741211,111.0,106.62000274658203,107.12999725341797,94.94923400878906,106630
2012-12-17,108.0,111.69999694824219,102.0199966430664,102.4800033569336,90.82793426513672,82540
2012-12-18,102.0,105.5999984741211,98.41999816894531,104.4800033569336,92.60054016113281,82405
2012-12-19,104.0,105.98999786376953,99.26000213623047,99.26000213623047,87.97406005859375,67990
2012-12-20,99.0,99.0,94.44000244140625,96.31999969482422,85.36833190917969,67950
2012-12-21,94.4000015258789,98.79000091552734,91.5999984741211,93.6500015258789,83.00189971923828,63985
2012-12-24,91.5999984741211,98.33000183105469,88.97000122070312,97.04000091552734,86.0064697265625,98150
2012-12-26,101.5999984741211,101.5999984741211,92.19000244140625,92.54000091552734,82.01812744140625,159165
2012-12-27,93.0,93.0,87.91999816894531,91.33999633789062,80.95455932617188,38830
2012-12-28,87.80000305175781,92.38999938964844,86.77999877929688,88.0199966430664,78.01204681396484,81280
2012-12-31,83.76000213623047,88.19999694824219,83.62000274658203,83.62000274658203,74.11233520507812,95890
2013-01-01,79.62000274658203,80.19999694824219,79.44000244140625,79.44000244140625,70.40760040283203,10070
2013-01-02,75.47000122070312,83.41000366210938,75.47000122070312,83.19999694824219,73.74008178710938,310835
2013-01-03,86.9000015258789,87.36000061035156,84.01000213623047,87.29000091552734,77.36505126953125,110360
2013-01-04,89.80000305175781,91.6500015258789,86.4000015258789,91.5999984741211,81.18499755859375,96055
2013-01-07,95.68000030517578,95.68000030517578,87.02999877929688,88.41999816894531,78.36656188964844,157975
2013-01-08,88.41999816894531,88.54000091552734,84.0,87.95999908447266,77.95887756347656,328075
2013-01-09,92.0,92.0,86.0,86.29000091552734,76.478759765625,119200
2013-01-10,87.98999786376953,88.37000274658203,84.19999694824219,87.98999786376953,77.98545837402344,1323630
2013-01-11,84.0199966430664,91.58999633789062,84.0199966430664,87.77999877929688,77.7993392944336,875225
2013-01-14,88.0,89.19999694824219,86.0,87.91999816894531,77.92341613769531,248180
2013-01-15,86.5999984741211,88.9000015258789,86.20999908447266,87.87999725341797,77.8879623413086,241995
2013-01-16,87.4000015258789,87.5999984741211,83.63999938964844,86.76000213623047,76.89530944824219,167160
2013-01-17,87.58999633789062,87.58999633789062,82.43000030517578,82.9000015258789,73.47419738769531,69285
2013-01-18,84.0999984741211,87.0,81.5999984741211,86.26000213623047,76.4521713256836,73475
2013-01-21,84.26000213623047,87.0,84.19999694824219,85.83000183105469,76.07105255126953,16400
2013-01-22,87.98999786376953,87.98999786376953,83.0999984741211,84.0999984741211,74.53775787353516,14695
2013-01-23,81.91000366210938,84.0,79.9000015258789,79.9000015258789,70.81529998779297,100490
2013-01-24,79.5999984741211,82.69999694824219,75.91000366210938,81.1500015258789,71.92317199707031,219715
2013-01-25,81.19999694824219,85.19999694824219,81.19999694824219,83.73999786376953,74.21869659423828,32420
2013-01-28,81.4000015258789,87.91999816894531,81.4000015258789,87.4000015258789,77.46253967285156,94100
2013-01-29,91.76000213623047,91.7699966430664,88.5,91.76000213623047,81.32681274414062,41955
2013-01-30,91.94000244140625,95.88999938964844,91.94000244140625,95.63999938964844,84.7656478881836,48475
2013-01-31,96.0,100.41999816894531,92.31999969482422,100.05999755859375,88.6830825805664,147055
2013-02-01,100.11000061035156,102.13999938964844,95.05999755859375,96.58999633789062,85.60762786865234,83360
2013-02-04,92.0199966430664,98.4000015258789,91.7699966430664,92.08000183105469,81.61042785644531,162750
2013-02-05,87.4800033569336,89.62000274658203,87.4800033569336,87.4800033569336,77.533447265625,49355
2013-02-06,84.3499984741211,89.76000213623047,84.3499984741211,88.7699966430664,78.6767807006836,38090
2013-02-07,89.0,89.0,84.36000061035156,85.37999725341797,75.67221069335938,59875
2013-02-08,82.62999725341797,88.04000091552734,81.12000274658203,87.33000183105469,77.40050506591797,111845
2013-02-11,91.58000183105469,91.58000183105469,82.97000122070312,84.08000183105469,74.5200424194336,73240
2013-02-12,83.0,84.80000305175781,79.87999725341797,83.41000366210938,73.92621612548828,45695
2013-02-13,84.4000015258789,85.80000305175781,80.0199966430664,84.51000213623047,74.90113830566406,35205
2013-02-14,85.19999694824219,85.19999694824219,80.29000091552734,80.4800033569336,71.32935333251953,90590
2013-02-15,79.80000305175781,84.4000015258789,77.12000274658203,83.41999816894531,73.93506622314453,72730
2013-02-18,82.0,86.0,79.98999786376953,84.75,75.11385345458984,84460
2013-02-19,82.05000305175781,84.7699966430664,80.80000305175781,82.61000061035156,73.21717071533203,15200
2013-02-20,82.5999984741211,84.5999984741211,80.12000274658203,83.25,73.7844009399414,49850
2013-02-21,81.11000061035156,86.0,80.0,82.79000091552734,73.37670135498047,45775
2013-02-22,82.79000091552734,84.0,80.20999908447266,81.69000244140625,72.40178680419922,77165
2013-02-25,82.4000015258789,82.69999694824219,77.61000061035156,79.41000366210938,70.38101959228516,53795
2013-02-26,76.12000274658203,80.0,75.44000244140625,75.80999755859375,67.19033813476562,40175
2013-02-27,76.19999694824219,76.5999984741211,72.0199966430664,72.0199966430664,63.831260681152344,72250
2013-02-28,69.0,69.0,68.41999816894531,68.41999816894531,60.64058303833008,32345
2013-03-01,65.0,71.83999633789062,65.0,71.37999725341797,63.2640266418457,196020
2013-03-04,71.80000305175781,74.94000244140625,70.19999694824219,74.16000366210938,65.72794342041016,45305
2013-03-05,71.33000183105469,77.5999984741211,71.33000183105469,77.27999877929688,68.49320220947266,48490
2013-03-06,77.72000122070312,80.5,76.0,80.33000183105469,71.1964111328125,77175
2013-03-07,82.0,82.77999877929688,80.0,80.6500015258789,71.48003387451172,21125
2013-03-08,82.18000030517578,85.4000015258789,78.0199966430664,84.30999755859375,74.723876953125,196190
2013-03-11,80.19999694824219,86.0,80.19999694824219,82.33999633789062,72.97787475585938,312625
2013-03-12,80.44000244140625,83.80000305175781,80.19999694824219,81.4000015258789,72.14474487304688,5330
2013-03-13,80.19999694824219,82.19999694824219,75.19999694824219,81.55000305175781,72.27769470214844,61115
2013-03-14,84.0,84.0,76.19999694824219,81.76000213623047,72.46382141113281,199320
2013-03-15,82.19999694824219,82.19999694824219,80.5,81.54000091552734,72.26882934570312,70745
2013-03-18,81.54000091552734,81.54000091552734,78.0,79.38999938964844,70.36329650878906,50760
2013-03-19,74.58000183105469,80.91999816894531,74.58000183105469,77.08999633789062,68.32479858398438,15100
2013-03-20,75.0999984741211,77.30000305175781,69.38999938964844,70.45999908447266,62.44864273071289,41825
2013-03-21,74.0,74.0,63.41999816894531,66.68000030517578,59.098426818847656,266525
2013-03-22,65.68000030517578,66.0,60.02000045776367,60.02000045776367,53.1956787109375,115020
2013-03-25,57.279998779296875,60.900001525878906,57.02000045776367,58.529998779296875,51.875091552734375,81710
2013-03-26,55.81999969482422,58.900001525878906,55.81999969482422,56.61000061035156,50.173397064208984,37340
2013-03-28,57.0,57.20000076293945,55.0,55.849998474121094,49.49980545043945,64120
2013-04-01,54.0099983215332,58.63999938964844,53.599998474121094,58.63999938964844,51.97257995605469,10865
2013-04-02,61.29999923706055,61.56999969482422,60.400001525878906,61.56999969482422,54.56943893432617,2050
2013-04-03,64.4000015258789,64.4000015258789,62.400001525878906,63.70000076293945,56.45725631713867,70540
2013-04-04,63.599998474121094,63.599998474121094,60.529998779296875,60.7400016784668,53.83381271362305,1470
2013-04-05,57.709999084472656,63.59000015258789,57.709999084472656,60.27000045776367,53.4172477722168,10220
2013-04-08,62.560001373291016,62.560001373291016,57.2599983215332,57.2599983215332,50.74948501586914,159945
2013-04-09,56.02000045776367,56.65999984741211,54.400001525878906,55.279998779296875,48.99461364746094,5075
2013-04-10,52.61000061035156,56.97999954223633,52.52000045776367,54.040000915527344,47.895606994628906,118400
2013-04-11,54.0,56.400001525878906,54.0,55.09000015258789,48.82621765136719,3380
2013-04-12,55.9900016784668,55.9900016784668,52.400001525878906,53.91999816894531,47.789249420166016,4075
2013-04-15,53.79999923706055,53.79999923706055,51.22999954223633,51.22999954223633,45.40510559082031,18210
2013-04-16,48.66999816894531,48.66999816894531,48.66999816894531,48.66999816894531,43.13618087768555,7000
2013-04-17,46.2400016784668,46.2400016784668,46.2400016784668,46.2400016784668,40.98247528076172,2835
2013-04-18,43.93000030517578,48.54999923706055,43.93000030517578,48.54999923706055,43.02981948852539,63945
2013-04-22,50.970001220703125,50.970001220703125,48.20000076293945,50.81999969482422,45.04172134399414,97440
2013-04-23,51.709999084472656,51.709999084472656,48.31999969482422,49.04999923706055,43.47297286987305,15435
2013-04-25,48.79999923706055,48.79999923706055,46.599998474121094,46.599998474121094,41.30153274536133,9560
2013-04-26,44.400001525878906,47.5,44.279998779296875,46.93000030517578,41.59402084350586,6775
2013-04-29,48.0,48.59000015258789,44.59000015258789,44.59000015258789,39.52008056640625,4725
2013-04-30,44.0,44.5,42.369998931884766,42.369998931884766,37.552494049072266,4875
2013-05-02,40.2599983215332,43.9900016784668,40.2599983215332,43.61000061035156,38.65150833129883,7145
2013-05-03,42.04999923706055,44.33000183105469,41.43000030517578,41.95000076293945,37.18025207519531,3490
2013-05-06,41.95000076293945,43.18000030517578,40.40999984741211,42.540000915527344,37.70316696166992,125205
2013-05-07,42.0,43.54999923706055,40.65999984741211,41.61000061035156,36.87890625,2965
2013-05-08,43.0,43.689998626708984,42.20000076293945,43.689998626708984,38.722408294677734,1480
2013-05-09,42.20000076293945,44.540000915527344,41.5099983215332,41.5099983215332,36.7902717590332,5225
2013-05-10,41.0,43.560001373291016,39.45000076293945,42.56999969482422,37.72975540161133,20875
2013-05-13,40.66999816894531,41.599998474121094,38.63999938964844,38.63999938964844,34.24660110473633,132255
2013-05-14,36.79999923706055,38.0,36.709999084472656,37.279998779296875,33.04123306274414,5070
2013-05-15,38.0,39.13999938964844,36.02000045776367,39.13999938964844,34.68974685668945,2380
2013-05-16,41.09000015258789,41.09000015258789,38.400001525878906,40.470001220703125,35.86852264404297,1970
2013-05-17,40.0,42.4900016784668,38.45000076293945,42.4900016784668,37.658851623535156,4095
2013-05-20,44.599998474121094,44.599998474121094,40.369998931884766,40.369998931884766,35.77989959716797,136960
2013-05-21,38.810001373291016,41.56999969482422,38.36000061035156,38.36000061035156,33.998435974121094,1180
2013-05-22,36.45000076293945,40.2599983215332,36.45000076293945,36.45000076293945,32.30560302734375,4180
2013-05-23,38.27000045776367,38.27000045776367,35.02000045776367,36.52000045776367,32.36764144897461,2760
2013-05-24,38.0,38.0,34.70000076293945,37.58000183105469,33.30712127685547,5020
2013-05-27,38.790000915527344,39.380001068115234,36.599998474121094,38.4900016784668,34.11365509033203,128840
2013-05-28,40.0,40.40999984741211,36.70000076293945,40.40999984741211,35.81534957885742,21800
2013-05-29,41.0099983215332,42.43000030517578,41.0099983215332,42.43000030517578,37.605674743652344,26845
2013-05-30,42.70000076293945,44.54999923706055,42.70000076293945,44.54999923706055,39.4846305847168,5610
2013-05-31,46.77000045776367,46.77000045776367,46.400001525878906,46.77000045776367,41.45220947265625,7245
2013-06-03,49.099998474121094,49.099998474121094,49.099998474121094,49.099998474121094,43.51728820800781,3100
2013-06-04,51.54999923706055,51.54999923706055,51.54999923706055,51.54999923706055,45.688724517822266,8755
2013-06-05,54.119998931884766,54.119998931884766,54.119998931884766,54.119998931884766,47.96651077270508,6795
2013-06-06,56.0,56.81999969482422,54.0,56.81999969482422,50.35951614379883,11870
2013-06-07,59.65999984741211,59.65999984741211,57.130001068115234,58.4900016784668,51.839637756347656,61010
2013-06-10,61.29999923706055,61.29999923706055,55.56999969482422,57.54999923706055,51.00651550292969,8275
2013-06-11,57.54999923706055,59.79999923706055,54.68000030517578,57.880001068115234,51.29899215698242,10945
2013-06-12,59.7599983215332,59.7599983215332,54.9900016784668,55.31999969482422,49.030067443847656,47455
2013-06-13,55.0,55.0,52.560001373291016,52.560001373291016,46.583885192871094,3690
2013-06-14,55.18000030517578,55.18000030517578,49.939998626708984,50.79999923706055,45.02399826049805,21575
2013-06-17,48.29999923706055,50.59000015258789,48.27000045776367,49.27000045776367,43.66795349121094,600
2013-06-18,49.0,49.0,46.810001373291016,47.2599983215332,41.886497497558594,9415
2013-06-19,45.599998474121094,49.619998931884766,44.900001525878906,45.0,39.88345718383789,4155
2013-06-20,42.7599983215332,42.7599983215332,42.7599983215332,42.7599983215332,37.89814758300781,520
2013-06-21,41.599998474121094,42.0,40.630001068115234,40.630001068115234,36.010337829589844,53415
2013-06-24,38.630001068115234,42.65999984741211,38.599998474121094,41.13999938964844,36.462345123291016,5190
2013-06-25,39.2400016784668,43.189998626708984,39.2400016784668,42.16999816894531,37.3752326965332,2930
2013-06-26,41.099998474121094,44.27000045776367,41.06999969482422,43.66999816894531,38.704681396484375,3640
2013-06-27,42.029998779296875,43.09000015258789,41.5,41.52000045776367,36.79914093017578,3655
2013-06-28,41.099998474121094,43.36000061035156,39.45000076293945,40.290000915527344,35.70899200439453,8470
2013-07-01,38.279998779296875,41.0,38.279998779296875,39.88999938964844,35.354469299316406,2780
2013-07-02,38.0,38.9900016784668,37.900001525878906,38.0,33.67937088012695,785
2013-07-03,38.119998931884766,39.20000076293945,36.52000045776367,38.540000915527344,34.1579704284668,780
2013-07-04,38.56999969482422,38.79999923706055,36.79999923706055,38.59000015258789,34.20228576660156,2130
2013-07-05,38.400001525878906,38.400001525878906,36.66999816894531,37.15999984741211,32.934879302978516,5370
2013-07-08,35.41999816894531,37.79999923706055,35.310001373291016,36.93000030517578,32.73103332519531,2230
2013-07-09,36.93000030517578,38.0099983215332,36.029998779296875,37.709999084472656,33.42233657836914,4165
2013-07-10,37.029998779296875,37.939998626708984,36.0,36.11000061035156,32.0042610168457,64030
2013-07-11,34.900001525878906,36.95000076293945,34.83000183105469,36.599998474121094,32.43854904174805,5350
2013-07-12,35.619998931884766,37.599998474121094,35.619998931884766,37.29999923706055,33.058956146240234,65
2013-07-15,36.5099983215332,37.9900016784668,36.0,37.79999923706055,33.502105712890625,6775
2013-07-16,36.900001525878906,37.790000915527344,36.029998779296875,37.790000915527344,33.493247985839844,3605
2013-07-17,37.02000045776367,37.02000045776367,35.90999984741211,36.61000061035156,32.447410583496094,3640
2013-07-18,37.38999938964844,38.439998626708984,35.0,35.70000076293945,31.64088249206543,6410
2013-07-19,35.619998931884766,36.099998474121094,34.099998474121094,34.720001220703125,30.772306442260742,310
2013-07-22,33.20000076293945,34.400001525878906,32.9900016784668,32.9900016784668,29.2390079498291,7445
2013-07-23,31.600000381469727,32.0,31.350000381469727,31.350000381469727,27.785478591918945,4300
2013-07-24,30.200000762939453,30.200000762939453,29.790000915527344,29.790000915527344,26.40285301208496,685
2013-07-25,28.309999465942383,29.780000686645508,28.309999465942383,28.309999465942383,25.09112548828125,11865
2013-07-26,28.0,29.690000534057617,27.0,29.0,25.702674865722656,7065
2013-07-29,30.0,30.0,29.0,29.549999237060547,26.190139770507812,2865
2013-07-30,29.020000457763672,29.020000457763672,28.079999923706055,28.079999923706055,24.88728141784668,23705
2013-07-31,26.68000030517578,26.68000030517578,26.68000030517578,26.68000030517578,23.64646339416504,50
2013-08-01,25.350000381469727,27.989999771118164,25.350000381469727,25.350000381469727,22.467681884765625,81090
2013-08-02,25.350000381469727,26.399999618530273,24.09000015258789,26.3799991607666,23.380573272705078,14645
2013-08-05,25.200000762939453,27.690000534057617,25.06999969482422,26.09000015258789,23.123546600341797,13175
2013-08-06,24.799999237060547,26.0,24.790000915527344,25.1200008392334,22.263835906982422,1515
2013-08-07,24.790000915527344,26.3700008392334,24.790000915527344,26.3700008392334,23.3717098236084,6765
2013-08-08,27.299999237060547,27.600000381469727,25.600000381469727,26.729999542236328,23.69077491760254,3680
2013-08-12,26.729999542236328,27.600000381469727,25.81999969482422,26.100000381469727,23.132408142089844,1360
2013-08-13,27.079999923706055,27.100000381469727,24.799999237060547,25.0,22.15747833251953,32090
2013-08-14,26.190000534057617,26.25,25.020000457763672,26.09000015258789,23.123546600341797,1610
2013-08-16,25.010000228881836,25.5,24.799999237060547,25.010000228881836,22.16634178161621,10590
2013-08-19,24.399999618530273,26.0,24.399999618530273,26.0,23.043777465820312,355
2013-08-20,27.25,27.25,25.010000228881836,25.81999969482422,22.884241104125977,270
2013-08-21,27.020000457763672,27.100000381469727,24.530000686645508,25.530000686645508,22.62721824645996,26825
2013-08-22,24.280000686645508,25.200000762939453,24.280000686645508,25.200000762939453,22.33473777770996,2780
2013-08-23,26.0,26.0,24.899999618530273,25.290000915527344,22.414505004882812,31290
2013-08-26,25.010000228881836,25.600000381469727,25.010000228881836,25.600000381469727,22.689258575439453,150
2013-08-27,24.540000915527344,25.100000381469727,24.540000915527344,25.010000228881836,22.16634178161621,2150
2013-08-28,25.010000228881836,25.40999984741211,25.010000228881836,25.40999984741211,22.52086067199707,4260
2013-08-29,25.510000228881836,26.399999618530273,25.510000228881836,25.700000762939453,22.77788543701172,1355
2013-08-30,25.170000076293945,26.399999618530273,25.170000076293945,26.229999542236328,23.24762725830078,2555
2013-09-02,27.389999389648438,27.389999389648438,25.5,27.299999237060547,24.19596290588379,1300
2013-09-03,26.020000457763672,26.049999237060547,25.940000534057617,25.940000534057617,22.990598678588867,6275
2013-09-04,25.0,25.440000534057617,24.649999618530273,24.940000534057617,22.10430335998535,61160
2013-09-05,24.030000686645508,24.959999084472656,24.020000457763672,24.40999984741211,21.63456153869629,6560
2013-09-06,24.0,26.700000762939453,24.0,26.700000762939453,23.664186477661133,1250
2013-09-10,26.799999237060547,27.5,25.649999618530273,27.350000381469727,24.240283966064453,4115
2013-09-11,25.40999984741211,27.329999923706055,24.6200008392334,25.600000381469727,22.689258575439453,10255
2013-09-12,25.700000762939453,26.399999618530273,24.799999237060547,26.350000381469727,23.35398292541504,7655
2013-09-13,27.15999984741211,27.15999984741211,26.0,26.399999618530273,23.398296356201172,350
2013-09-16,26.399999618530273,26.399999618530273,24.600000381469727,26.1299991607666,23.15899658203125,1970
2013-09-17,25.40999984741211,25.989999771118164,24.399999618530273,24.399999618530273,21.62569808959961,275
2013-09-18,25.600000381469727,26.0,24.6200008392334,26.0,23.043777465820312,7055
2013-09-19,26.0,26.0,23.639999389648438,24.200000762939453,21.448440551757812,30910
2013-09-20,24.110000610351562,25.200000762939453,24.0,24.09000015258789,21.35094451904297,16630
2013-09-23,24.100000381469727,25.0,23.0,24.100000381469727,21.35980987548828,2155
2013-09-24,25.360000610351562,25.3700008392334,24.399999618530273,24.450000762939453,22.608108520507812,870
2013-09-25,24.020000457763672,24.600000381469727,23.899999618530273,24.450000762939453,22.608108520507812,31430
2013-09-26,23.719999313354492,24.790000915527344,23.719999313354492,24.780000686645508,22.913251876831055,8025
2013-09-27,24.049999237060547,24.610000610351562,23.079999923706055,23.68000030517578,21.8961181640625,34320
2013-09-30,24.0,24.0,23.209999084472656,23.239999771118164,21.489261627197266,415
2013-10-01,24.200000762939453,24.200000762939453,23.420000076293945,24.0,22.1920108795166,1250
2013-10-03,23.5,24.600000381469727,23.299999237060547,23.690000534057617,21.905363082885742,26570
2013-10-04,23.979999542236328,26.0,23.979999542236328,25.350000381469727,23.440309524536133,6685
2013-10-07,27.8799991607666,27.8799991607666,24.0,24.610000610351562,22.75605583190918,2575
2013-10-08,24.219999313354492,25.799999237060547,24.219999313354492,25.520000457763672,23.597505569458008,2265
2013-10-09,25.899999618530273,25.899999618530273,24.0,24.0,22.1920108795166,5665
2013-10-10,25.309999465942383,25.399999618530273,23.600000381469727,24.540000915527344,22.691329956054688,3980
2013-10-11,24.979999542236328,24.979999542236328,23.799999237060547,23.90999984741211,22.10879135131836,1285
2013-10-14,24.0,24.0,23.600000381469727,23.950000762939453,22.145776748657227,13065
2013-10-15,23.799999237060547,24.200000762939453,23.799999237060547,24.0,22.1920108795166,13710
2013-10-17,24.399999618530273,24.399999618530273,24.0,24.399999618530273,22.56187629699707,10250
2013-10-18,25.600000381469727,25.600000381469727,23.799999237060547,24.600000381469727,22.746809005737305,1325
2013-10-21,24.030000686645508,24.5,23.110000610351562,24.0,22.1920108795166,10345
2013-10-22,23.200000762939453,24.010000228881836,23.200000762939453,24.0,22.1920108795166,12055
2013-10-23,23.440000534057617,24.899999618530273,23.440000534057617,24.899999618530273,23.024208068847656,5405
2013-10-24,23.700000762939453,24.0,23.700000762939453,23.940000534057617,22.136533737182617,14760
2013-10-25,23.709999084472656,24.3799991607666,23.600000381469727,23.950000762939453,22.145776748657227,4460
2013-10-28,23.40999984741211,24.0,23.40999984741211,23.610000610351562,21.831388473510742,10105
2013-10-29,23.239999771118164,24.0,23.239999771118164,24.0,22.1920108795166,15
2013-10-30,23.610000610351562,24.600000381469727,23.610000610351562,24.0,22.1920108795166,40
2013-10-31,24.0,24.010000228881836,24.0,24.0,22.1920108795166,6030
2013-11-01,24.56999969482422,24.56999969482422,24.010000228881836,24.280000686645508,22.450918197631836,15
2013-11-05,24.0,25.59000015258789,24.0,24.989999771118164,23.1074275970459,4805
2013-11-06,23.799999237060547,25.0,23.68000030517578,24.739999771118164,22.876264572143555,4520
2013-11-07,24.399999618530273,24.399999618530273,24.0,24.049999237060547,22.23824119567871,4745
2013-11-08,23.639999389648438,25.600000381469727,23.639999389648438,24.93000030517578,23.051950454711914,1645
2013-11-11,24.0,24.3799991607666,24.0,24.040000915527344,22.22899627685547,3580
2013-11-12,24.0,25.0,24.0,24.299999237060547,22.469409942626953,3115
2013-11-13,24.299999237060547,25.0,24.020000457763672,24.469999313354492,22.626604080200195,4615
2013-11-14,24.540000915527344,24.559999465942383,24.540000915527344,24.559999465942383,22.709823608398438,10
2013-11-18,25.0,25.399999618530273,24.049999237060547,24.600000381469727,22.746809005737305,3725
2013-11-19,24.020000457763672,24.799999237060547,23.959999084472656,23.979999542236328,22.17351531982422,83690
2013-11-20,23.760000228881836,24.0,23.600000381469727,23.600000381469727,21.8221435546875,1970
2013-11-21,22.100000381469727,23.850000381469727,22.100000381469727,23.399999618530273,21.637208938598633,5305
2013-11-22,22.90999984741211,23.399999618530273,22.6200008392334,22.790000915527344,21.073162078857422,2460
2013-11-25,23.0,23.0,23.0,23.0,21.267345428466797,250
2013-11-26,23.200000762939453,23.200000762939453,20.799999237060547,21.56999969482422,19.945066452026367,31905
2013-11-27,23.559999465942383,23.559999465942383,19.219999313354492,19.989999771118164,18.484094619750977,22380
2013-11-28,20.170000076293945,20.739999771118164,20.0,20.59000015258789,19.038894653320312,845
2013-11-29,21.93000030517578,21.93000030517578,16.979999542236328,17.360000610351562,16.052221298217773,42740
2013-12-02,17.420000076293945,20.829999923706055,15.40999984741211,20.829999923706055,19.26081657409668,239205
2013-12-03,23.0,24.329999923706055,18.0,20.479999542236328,18.93718147277832,310335
2013-12-04,20.600000381469727,21.389999389648438,18.420000076293945,18.8700008392334,17.448467254638672,19155
2013-12-05,19.0,20.0,19.0,19.270000457763672,17.818336486816406,8710
2013-12-06,18.809999465942383,20.700000762939453,18.600000381469727,19.40999984741211,17.947786331176758,147435
2013-12-09,19.899999618530273,21.059999465942383,18.799999237060547,19.299999237060547,17.8460750579834,210590
2013-12-10,20.18000030517578,20.600000381469727,19.799999237060547,20.18000030517578,18.65978240966797,36305
2013-12-11,19.34000015258789,20.540000915527344,19.34000015258789,20.219999313354492,18.696767807006836,123695
2013-12-12,20.290000915527344,20.600000381469727,19.399999618530273,20.06999969482422,18.558069229125977,111285
2013-12-13,20.0,20.5,19.399999618530273,20.0,18.49334144592285,115920
2013-12-16,20.200000762939453,20.200000762939453,19.6200008392334,19.760000228881836,18.271421432495117,111765
2013-12-17,20.5,20.5,19.219999313354492,19.969999313354492,18.465599060058594,169760
2013-12-18,20.440000534057617,22.770000457763672,19.799999237060547,22.260000228881836,20.58308982849121,205000
2013-12-19,21.5,23.18000030517578,21.020000457763672,21.920000076293945,20.26870346069336,180185
2013-12-20,20.799999237060547,21.690000534057617,20.110000610351562,20.600000381469727,19.04814338684082,127820
2013-12-23,21.530000686645508,24.719999313354492,20.780000686645508,24.40999984741211,22.571123123168945,198610
2013-12-24,25.200000762939453,29.0,23.639999389648438,26.420000076293945,24.429702758789062,103145
2013-12-26,27.59000015258789,31.200000762939453,27.110000610351562,30.93000030517578,28.599952697753906,124605
2013-12-27,31.600000381469727,33.38999938964844,31.600000381469727,32.650001525878906,30.190380096435547,68785
2013-12-30,33.209999084472656,33.959999084472656,29.389999389648438,29.520000457763672,27.29616928100586,85905
2013-12-31,29.0,31.200000762939453,28.399999618530273,30.760000228881836,28.442758560180664,56470
2014-01-01,31.200000762939453,31.799999237060547,30.200000762939453,31.31999969482422,28.960573196411133,63505
2014-01-02,31.0,32.380001068115234,28.399999618530273,28.709999084472656,26.547191619873047,76435
2014-01-03,29.0,30.200000762939453,28.110000610351562,29.469999313354492,27.24993896484375,51505
2014-01-06,28.520000457763672,29.989999771118164,28.510000228881836,29.799999237060547,27.555076599121094,21230
2014-01-07,28.020000457763672,30.399999618530273,27.0,30.0,27.740013122558594,59915
2014-01-08,29.0,30.399999618530273,29.0,29.6299991607666,27.397884368896484,57360
2014-01-09,29.799999237060547,29.799999237060547,28.420000076293945,28.790000915527344,26.621164321899414,45100
2014-01-10,27.84000015258789,29.170000076293945,27.84000015258789,28.600000381469727,26.445478439331055,23320
2014-01-13,27.399999618530273,30.190000534057617,27.399999618530273,28.989999771118164,26.80609703063965,4430
2014-01-14,28.799999237060547,31.559999465942383,28.010000228881836,28.6299991607666,26.473217010498047,54360
2014-01-15,29.639999389648438,29.639999389648438,28.68000030517578,29.530000686645508,27.305419921875,2655
2014-01-16,28.299999237060547,29.579999923706055,28.299999237060547,28.68000030517578,26.519453048706055,26465
2014-01-17,28.600000381469727,29.0,27.0,27.420000076293945,25.3543701171875,28890
2014-01-20,27.959999084472656,28.600000381469727,26.639999389648438,27.6200008392334,25.539304733276367,45845
2014-01-21,26.920000076293945,27.799999237060547,25.110000610351562,25.979999542236328,24.02284812927246,51860
2014-01-22,27.0,27.0,25.690000534057617,25.940000534057617,23.985862731933594,13740
2014-01-23,27.790000915527344,27.790000915527344,26.209999084472656,26.31999969482422,24.337238311767578,720
2014-01-24,26.790000915527344,26.790000915527344,24.600000381469727,25.200000762939453,23.301612854003906,18370
2014-01-27,27.579999923706055,27.579999923706055,24.299999237060547,25.75,23.810176849365234,5650
2014-01-28,25.75,26.0,25.200000762939453,25.200000762939453,23.301612854003906,4465
2014-01-29,26.0,27.0,24.459999084472656,25.290000915527344,23.38483238220215,10705
2014-01-30,25.989999771118164,25.989999771118164,25.0,25.190000534057617,23.292362213134766,4105
2014-01-31,26.3700008392334,26.3700008392334,25.0,25.1299991607666,23.236881256103516,21235
2014-02-03,25.600000381469727,25.600000381469727,25.0,25.579999923706055,23.652986526489258,17025
2014-02-04,26.0,26.100000381469727,25.0,25.5,23.579011917114258,265
2014-02-05,26.799999237060547,26.799999237060547,25.030000686645508,25.200000762939453,23.301612854003906,510
2014-02-06,25.600000381469727,25.600000381469727,24.40999984741211,25.0,23.116676330566406,7390
2014-02-07,25.0,26.200000762939453,25.0,26.200000762939453,24.22627830505371,5940
2014-02-10,26.700000762939453,26.700000762939453,25.200000762939453,25.790000915527344,23.847164154052734,1290
2014-02-11,26.600000381469727,26.600000381469727,24.329999923706055,24.34000015258789,22.50639533996582,2625
2014-02-12,25.950000762939453,25.950000762939453,24.200000762939453,25.0,23.116676330566406,22380
2014-02-13,25.700000762939453,26.0,25.020000457763672,25.520000457763672,23.597505569458008,6380
2014-02-14,25.049999237060547,25.959999084472656,23.799999237060547,24.3700008392334,22.53413963317871,70625
2014-02-17,23.639999389648438,25.25,23.639999389648438,24.950000762939453,23.070444107055664,2365
2014-02-18,22.760000228881836,25.040000915527344,22.760000228881836,23.989999771118164,22.182762145996094,22365
2014-02-19,23.209999084472656,24.93000030517578,23.209999084472656,24.790000915527344,22.922496795654297,1290
2014-02-20,22.450000762939453,24.770000457763672,22.450000762939453,22.809999465942383,21.091655731201172,11995
2014-02-21,23.899999618530273,23.899999618530273,22.219999313354492,22.459999084472656,20.768022537231445,3945
2014-02-24,22.100000381469727,22.43000030517578,22.100000381469727,22.239999771118164,20.564594268798828,2775
2014-02-25,23.799999237060547,23.799999237060547,21.0,22.799999237060547,21.082406997680664,2465
2014-02-26,21.6299991607666,22.799999237060547,20.600000381469727,21.030000686645508,19.445749282836914,19300
2014-02-28,21.360000610351562,21.360000610351562,20.40999984741211,21.149999618530273,19.55670738220215,11315
2014-03-03,21.389999389648438,21.389999389648438,20.0,20.34000015258789,18.807727813720703,8720
2014-03-04,20.0,21.5,19.600000381469727,20.110000610351562,18.595056533813477,5005
2014-03-05,21.0,22.1200008392334,20.0,22.1200008392334,20.453638076782227,3820
2014-03-06,24.329999923706055,24.329999923706055,21.420000076293945,22.729999542236328,21.017683029174805,24770
2014-03-07,23.770000457763672,24.700000762939453,21.239999771118164,22.239999771118164,20.564594268798828,8145
2014-03-10,22.040000915527344,22.979999542236328,22.0,22.979999542236328,21.24884796142578,4380
2014-03-11,22.0,23.600000381469727,21.450000762939453,22.600000381469727,20.89747428894043,805
2014-03-12,23.34000015258789,24.0,22.459999084472656,23.989999771118164,22.182762145996094,14145
2014-03-13,24.899999618530273,24.899999618530273,22.399999618530273,22.399999618530273,20.712541580200195,5665
2014-03-14,23.600000381469727,23.600000381469727,22.40999984741211,22.40999984741211,20.72178840637207,13035
2014-03-18,21.0,22.760000228881836,19.100000381469727,22.049999237060547,20.38890838623047,19655
2014-03-19,20.719999313354492,23.520000457763672,20.719999313354492,23.18000030517578,21.43378448486328,690
2014-03-20,23.59000015258789,23.59000015258789,22.0,22.559999465942383,20.86048698425293,13140
2014-03-21,23.200000762939453,23.200000762939453,22.0,22.229999542236328,20.555347442626953,3050
2014-03-24,22.950000762939453,22.950000762939453,22.059999465942383,22.5,20.80500602722168,220
2014-03-25,21.700000762939453,23.360000610351562,20.399999618530273,21.1299991607666,19.53821563720703,6550
2014-03-26,22.0,22.399999618530273,21.0,21.299999237060547,19.69540786743164,33225
2014-03-27,22.690000534057617,23.0,21.200000762939453,23.0,21.267345428466797,9535
2014-03-28,23.700000762939453,23.700000762939453,22.600000381469727,22.600000381469727,20.89747428894043,3285
2014-03-31,22.600000381469727,22.600000381469727,22.600000381469727,22.600000381469727,20.89747428894043,0
2014-04-01,22.799999237060547,24.100000381469727,21.65999984741211,22.6299991607666,20.925216674804688,900
2014-04-02,22.600000381469727,23.760000228881836,22.399999618530273,23.760000228881836,21.970090866088867,2925
2014-04-03,21.850000381469727,23.399999618530273,21.850000381469727,23.100000381469727,21.35980987548828,5480
2014-04-04,22.0,23.799999237060547,21.399999618530273,21.940000534057617,20.28719711303711,4030
2014-04-07,24.790000915527344,24.790000915527344,22.450000762939453,23.729999542236328,21.94234848022461,4050
2014-04-09,23.600000381469727,23.600000381469727,22.559999465942383,22.649999618530273,20.943710327148438,1355
2014-04-10,24.0,24.0,22.200000762939453,23.540000915527344,21.76666259765625,1760
2014-04-11,22.600000381469727,22.780000686645508,22.399999618530273,22.780000686645508,21.063915252685547,1295
2014-04-15,22.0,22.799999237060547,21.399999618530273,21.639999389648438,20.009794235229492,10295
2014-04-16,21.399999618530273,23.299999237060547,21.399999618530273,22.989999771118164,21.25809669494629,80
2014-04-17,21.899999618530273,22.190000534057617,21.399999618530273,21.520000457763672,19.898834228515625,2610
2014-04-21,22.0,23.75,22.0,22.290000915527344,20.610828399658203,5580
2014-04-22,22.200000762939453,23.200000762939453,22.200000762939453,22.600000381469727,20.89747428894043,1990
2014-04-23,22.799999237060547,23.190000534057617,21.440000534057617,22.040000915527344,20.379663467407227,7450
2014-04-24,22.040000915527344,22.040000915527344,22.040000915527344,22.040000915527344,20.379663467407227,0
2014-04-25,21.399999618530273,22.600000381469727,21.399999618530273,21.6299991607666,20.00054931640625,6075
2014-04-28,22.0,25.950000762939453,21.0,25.309999465942383,23.403324127197266,216705
2014-04-29,26.020000457763672,26.020000457763672,22.799999237060547,23.190000534057617,21.443029403686523,25425
2014-04-30,23.600000381469727,24.0,22.309999465942383,22.6200008392334,20.915969848632812,9760
2014-05-02,22.709999084472656,23.959999084472656,22.700000762939453,22.790000915527344,21.073162078857422,10490
2014-05-05,22.3799991607666,22.780000686645508,22.219999313354492,22.450000762939453,20.758777618408203,215
2014-05-06,23.549999237060547,23.549999237060547,22.0,22.040000915527344,20.379663467407227,2020
2014-05-07,21.65999984741211,21.739999771118164,21.65999984741211,21.739999771118164,20.102262496948242,475
2014-05-08,22.0,25.5,21.559999465942383,24.84000015258789,22.96872901916504,38600
2014-05-09,25.959999084472656,25.959999084472656,24.020000457763672,24.56999969482422,22.719070434570312,3970
2014-05-12,25.0,25.0,23.40999984741211,23.920000076293945,22.118038177490234,5610
2014-05-13,25.389999389648438,25.389999389648438,23.0,23.049999237060547,21.313575744628906,5740
2014-05-14,18.799999237060547,24.389999389648438,18.799999237060547,24.100000381469727,22.284475326538086,90
2014-05-15,22.309999465942383,23.5,22.309999465942383,22.729999542236328,21.017683029174805,535
2014-05-16,22.290000915527344,24.799999237060547,22.290000915527344,23.600000381469727,21.8221435546875,1795
2014-05-19,22.459999084472656,23.200000762939453,21.979999542236328,22.079999923706055,20.416650772094727,10380
2014-05-20,23.299999237060547,23.299999237060547,22.100000381469727,22.59000015258789,20.888229370117188,10275
2014-05-21,23.799999237060547,23.799999237060547,22.0,22.459999084472656,20.768022537231445,11030
2014-05-22,22.799999237060547,26.950000762939453,22.799999237060547,26.8700008392334,24.845806121826172,53430
2014-05-23,30.0,30.0,24.700000762939453,28.65999984741211,26.500959396362305,24110
2014-05-26,28.0,33.599998474121094,28.0,31.100000381469727,28.757144927978516,49235
2014-05-27,31.600000381469727,33.18000030517578,28.6200008392334,31.81999969482422,29.42290687561035,19215
2014-05-28,30.399999618530273,31.329999923706055,28.799999237060547,30.100000381469727,27.83247947692871,11975
2014-05-29,28.309999465942383,29.899999618530273,27.399999618530273,27.950000762939453,25.844446182250977,12440
2014-05-30,28.0,28.790000915527344,26.40999984741211,27.270000457763672,25.215669631958008,6160
2014-06-02,29.0,29.0,28.43000030517578,28.540000915527344,26.389999389648438,1955
2014-06-03,27.399999618530273,28.989999771118164,27.399999618530273,28.989999771118164,26.80609703063965,1655
2014-06-04,28.200000762939453,29.270000457763672,28.200000762939453,28.709999084472656,26.547191619873047,775
2014-06-05,29.600000381469727,29.600000381469727,27.510000228881836,29.200000762939453,27.00027847290039,700
2014-06-06,28.0,29.200000762939453,27.0,28.270000457763672,26.140336990356445,4145
2014-06-09,27.0,29.100000381469727,27.0,28.200000762939453,26.075613021850586,5250
2014-06-10,28.600000381469727,28.600000381469727,27.399999618530273,27.780000686645508,25.687252044677734,1960
2014-06-11,27.540000915527344,28.899999618530273,27.540000915527344,27.809999465942383,25.714990615844727,4895
2014-06-12,27.809999465942383,27.809999465942383,27.809999465942383,27.809999465942383,25.714990615844727,0
2014-06-13,27.100000381469727,28.989999771118164,27.100000381469727,27.200000762939453,25.150943756103516,3085
2014-06-16,26.799999237060547,27.0,26.799999237060547,27.0,24.96600914001465,780
2014-06-17,26.690000534057617,26.700000762939453,26.690000534057617,26.690000534057617,24.679363250732422,370
2014-06-18,29.309999465942383,29.309999465942383,26.700000762939453,27.799999237060547,25.70574188232422,600
2014-06-19,26.690000534057617,28.0,26.690000534057617,27.399999618530273,25.335878372192383,830
2014-06-20,26.899999618530273,26.899999618530273,26.899999618530273,26.899999618530273,24.873544692993164,500
2014-06-23,27.0,27.0,26.690000534057617,26.690000534057617,24.679363250732422,1300
2014-06-24,26.690000534057617,26.709999084472656,26.600000381469727,26.600000381469727,24.596147537231445,720
2014-06-25,26.010000228881836,26.010000228881836,26.0,26.0,24.041343688964844,2825
2014-06-26,25.40999984741211,26.600000381469727,25.40999984741211,25.700000762939453,23.76394271850586,1255
2014-06-27,27.389999389648438,27.389999389648438,25.030000686645508,25.329999923706055,23.421815872192383,1570
2014-06-30,25.010000228881836,27.59000015258789,23.81999969482422,26.020000457763672,24.059837341308594,207825
2014-07-01,27.959999084472656,28.600000381469727,26.979999542236328,27.280000686645508,25.22491455078125,10665
2014-07-02,26.420000076293945,27.799999237060547,26.030000686645508,26.350000381469727,24.364978790283203,1735
2014-07-03,27.0,28.979999542236328,26.6200008392334,28.979999542236328,26.796852111816406,10135
2014-07-04,28.969999313354492,29.6299991607666,27.6200008392334,29.15999984741211,26.96329116821289,14055
2014-07-07,29.6299991607666,33.599998474121094,28.209999084472656,30.709999084472656,28.396526336669922,36420
2014-07-08,31.420000076293945,31.420000076293945,28.0,29.200000762939453,27.00027847290039,65555
2014-07-09,29.799999237060547,30.18000030517578,26.6299991607666,27.889999389648438,25.788965225219727,2660
2014-07-10,27.200000762939453,28.59000015258789,27.040000915527344,28.59000015258789,26.43623161315918,55
2014-07-11,28.989999771118164,28.989999771118164,27.030000686645508,27.100000381469727,25.05847930908203,1170
2014-07-14,27.100000381469727,30.600000381469727,26.299999237060547,29.399999618530273,27.185211181640625,146520
2014-07-15,29.299999237060547,29.299999237060547,27.260000228881836,27.950000762939453,25.844446182250977,34315
2014-07-16,27.149999618530273,32.0,27.100000381469727,29.989999771118164,27.73076629638672,52330
2014-07-17,29.799999237060547,30.200000762939453,28.5,28.68000030517578,26.519453048706055,6690
2014-07-18,28.799999237060547,31.780000686645508,27.799999237060547,30.709999084472656,28.396526336669922,17450
2014-07-21,31.0,32.86000061035156,31.0,31.290000915527344,28.93283462524414,25480
2014-07-22,31.799999237060547,31.799999237060547,30.020000457763672,31.3700008392334,29.006807327270508,8275
2014-07-23,31.799999237060547,31.799999237060547,31.0,31.139999389648438,28.794132232666016,5670
2014-07-24,31.579999923706055,31.799999237060547,29.6299991607666,31.420000076293945,29.05303955078125,7085
2014-07-25,27.850000381469727,32.900001525878906,27.850000381469727,30.399999618530273,28.109878540039062,2530
2014-07-28,29.979999542236328,31.389999389648438,29.979999542236328,30.65999984741211,28.350290298461914,275
2014-07-30,30.0,30.0,30.0,30.0,27.740013122558594,1585
2014-07-31,28.600000381469727,30.889999389648438,28.600000381469727,30.0,27.740013122558594,9340
2014-08-01,29.600000381469727,31.0,28.0,28.479999542236328,26.334518432617188,9285
2014-08-04,31.600000381469727,31.600000381469727,28.399999618530273,28.579999923706055,26.426986694335938,400
2014-08-05,28.799999237060547,29.0,28.049999237060547,28.079999923706055,25.964649200439453,3430
2014-08-06,29.0,29.600000381469727,26.200000762939453,28.600000381469727,26.445478439331055,3710
2014-08-07,29.700000762939453,30.0,27.600000381469727,29.600000381469727,27.37014389038086,53095
2014-08-08,28.200000762939453,32.02000045776367,28.110000610351562,31.959999084472656,29.55236053466797,30340
2014-08-11,32.0099983215332,38.0,32.0099983215332,36.119998931884766,33.39897537231445,32950
2014-08-12,36.599998474121094,40.0,36.599998474121094,37.7400016784668,34.896934509277344,21175
2014-08-13,37.02000045776367,37.9900016784668,37.0,37.0,34.21268081665039,14335
2014-08-14,36.0,37.79999923706055,35.599998474121094,36.0,33.28801345825195,12035
2014-08-18,39.400001525878906,39.400001525878906,36.5099983215332,37.66999816894531,34.83220672607422,2470
2014-08-19,34.20000076293945,37.0,34.02000045776367,36.93000030517578,34.14795684814453,4420
2014-08-20,36.20000076293945,36.400001525878906,36.0,36.400001525878906,33.65788269042969,4910
2014-08-21,39.189998626708984,39.189998626708984,36.20000076293945,36.790000915527344,34.01850128173828,7065
2014-08-22,37.20000076293945,38.400001525878906,36.20000076293945,37.61000061035156,34.77672576904297,13050
2014-08-25,37.040000915527344,37.779998779296875,36.0,36.97999954223633,34.194183349609375,4200
2014-08-26,35.220001220703125,36.0,34.0,34.79999923706055,32.178409576416016,13680
2014-08-27,34.400001525878906,34.630001068115234,34.400001525878906,34.630001068115234,32.02122116088867,275
2014-08-28,34.900001525878906,34.900001525878906,33.0,33.529998779296875,31.00408363342285,10535
2014-09-01,36.31999969482422,36.31999969482422,32.529998779296875,32.79999923706055,30.329078674316406,4085
2014-09-02,32.43000030517578,32.93000030517578,32.43000030517578,32.93000030517578,30.449289321899414,100
2014-09-03,34.20000076293945,34.20000076293945,33.0099983215332,33.0099983215332,30.523258209228516,50
2014-09-04,32.4900016784668,39.400001525878906,32.0,34.790000915527344,32.16917037963867,24095
2014-09-05,35.599998474121094,38.599998474121094,34.20000076293945,34.47999954223633,31.88252067565918,7610
2014-09-08,34.47999954223633,34.47999954223633,34.47999954223633,34.47999954223633,31.88252067565918,300
2014-09-09,35.599998474121094,35.599998474121094,33.599998474121094,34.720001220703125,32.10444259643555,16480
2014-09-10,33.20000076293945,33.79999923706055,32.20000076293945,32.79999923706055,30.329078674316406,9525
2014-09-11,33.7599983215332,33.7599983215332,31.959999084472656,32.0,29.58934783935547,14400
2014-09-12,33.9900016784668,33.9900016784668,33.0,33.599998474121094,31.068811416625977,70
2014-09-15,32.79999923706055,33.7400016784668,32.20000076293945,33.7400016784668,31.198266983032227,3175
2014-09-16,32.5,32.5,32.400001525878906,32.45000076293945,30.00544548034668,8500
2014-09-17,32.0,32.0,30.219999313354492,30.399999618530273,28.109878540039062,2735
2014-09-18,31.799999237060547,31.799999237060547,31.200000762939453,31.270000457763672,28.91434097290039,735
2014-09-19,31.299999237060547,31.399999618530273,31.299999237060547,31.399999618530273,29.034543991088867,9630
2014-09-22,33.0,33.0,32.20000076293945,32.20000076293945,29.77427864074707,2475
2014-09-23,32.220001220703125,32.220001220703125,32.0,32.0,29.58934783935547,7525
2014-09-24,31.0,31.020000457763672,30.0,30.3700008392334,28.988014221191406,165
2014-09-25,28.450000762939453,29.219999313354492,28.450000762939453,29.219999313354492,27.890342712402344,160
2014-09-26,28.209999084472656,30.399999618530273,28.209999084472656,28.780000686645508,27.47037124633789,275
2014-09-29,33.130001068115234,33.130001068115234,28.799999237060547,29.0,27.680356979370117,35
2014-09-30,25.0,30.200000762939453,25.0,30.200000762939453,28.82575035095215,300
2014-10-01,30.200000762939453,30.600000381469727,29.239999771118164,30.200000762939453,28.82575035095215,670
2014-10-07,32.939998626708984,32.939998626708984,31.790000915527344,31.790000915527344,30.34339714050293,45
2014-10-08,31.799999237060547,31.799999237060547,30.0,30.049999237060547,28.682573318481445,5540
2014-10-09,29.440000534057617,30.0,29.440000534057617,30.0,28.634851455688477,80
2014-10-10,29.170000076293945,30.0,29.170000076293945,30.0,28.634851455688477,50
2014-10-13,31.0,33.619998931884766,30.600000381469727,31.780000686645508,30.333852767944336,3055
2014-10-14,30.200000762939453,35.79999923706055,30.200000762939453,33.779998779296875,32.24283981323242,2575
2014-10-15,33.779998779296875,33.779998779296875,33.779998779296875,33.779998779296875,32.24283981323242,0
2014-10-16,32.02000045776367,33.79999923706055,32.0,32.77000045776367,31.278804779052734,2590
2014-10-17,29.0,33.20000076293945,29.0,32.90999984741211,31.412429809570312,2305
2014-10-20,31.040000915527344,31.040000915527344,30.5,30.770000457763672,29.36981201171875,1800
2014-10-21,29.899999618530273,33.0,29.170000076293945,31.0,29.589345932006836,3960
2014-10-22,26.020000457763672,33.33000183105469,26.020000457763672,33.18000030517578,31.670143127441406,4455
2014-10-27,32.38999938964844,32.38999938964844,32.0,32.0,30.543842315673828,375
2014-10-28,33.93000030517578,33.93000030517578,31.5,31.5,30.06659507751465,60
2014-10-29,33.38999938964844,33.38999938964844,30.399999618530273,31.3700008392334,29.9425106048584,1305
2014-10-30,30.200000762939453,32.0,30.200000762939453,31.540000915527344,30.104772567749023,675
2014-10-31,30.0,31.229999542236328,30.0,30.709999084472656,29.312541961669922,1850
2014-11-03,30.600000381469727,30.649999618530273,30.600000381469727,30.649999618530273,29.255273818969727,945
2014-11-05,30.600000381469727,33.0,30.600000381469727,33.0,31.49833869934082,1200
2014-11-07,30.65999984741211,32.720001220703125,30.0,32.0,30.543842315673828,4035
2014-11-10,29.600000381469727,31.200000762939453,29.600000381469727,30.579999923706055,29.188457489013672,1035
2014-11-11,31.3799991607666,32.400001525878906,30.100000381469727,32.040000915527344,30.582021713256836,2250
2014-11-12,32.5,32.5,30.81999969482422,30.81999969482422,29.41753578186035,800
2014-11-13,30.469999313354492,31.799999237060547,30.420000076293945,31.799999237060547,30.352943420410156,2500
2014-11-14,30.799999237060547,31.600000381469727,29.950000762939453,29.950000762939453,28.58712387084961,475
2014-11-17,30.200000762939453,30.200000762939453,30.200000762939453,30.200000762939453,28.82575035095215,130
2014-11-18,30.200000762939453,30.200000762939453,30.049999237060547,30.049999237060547,28.682573318481445,1500
2014-11-19,30.06999969482422,30.40999984741211,29.75,29.75,28.396224975585938,2075
2014-11-20,31.100000381469727,34.02000045776367,30.81999969482422,33.5099983215332,31.98512840270996,18935
2014-11-21,30.610000610351562,35.79999923706055,30.030000686645508,35.349998474121094,33.741397857666016,20105
2014-11-24,33.2599983215332,41.36000061035156,33.2599983215332,37.029998779296875,35.344947814941406,295410
2014-11-25,38.18000030517578,44.43000030517578,37.20000076293945,44.43000030517578,42.4082145690918,162015
2014-11-26,45.599998474121094,46.0,42.0,43.209999084472656,41.24372863769531,163675
2014-11-27,43.0,43.0,39.060001373291016,40.130001068115234,38.30388641357422,25515
2014-11-28,40.79999923706055,41.0,36.43000030517578,36.54999923706055,34.88679122924805,23145
2014-12-01,38.0,40.0,34.02000045776367,34.599998474121094,33.0255241394043,10195
2014-12-02,34.0,34.0,32.869998931884766,32.880001068115234,31.38379669189453,13835
2014-12-03,31.34000015258789,32.130001068115234,31.239999771118164,31.469999313354492,30.0379581451416,17980
2014-12-04,30.219999313354492,31.799999237060547,30.040000915527344,31.09000015258789,29.675251007080078,11320
2014-12-05,31.030000686645508,31.030000686645508,29.81999969482422,29.8799991607666,28.520309448242188,10140
2014-12-08,30.399999618530273,30.399999618530273,28.600000381469727,29.15999984741211,27.83307456970215,6605
2014-12-09,29.790000915527344,29.790000915527344,29.010000228881836,29.3700008392334,28.033519744873047,780
2014-12-10,30.600000381469727,30.600000381469727,29.170000076293945,29.860000610351562,28.501222610473633,3390
2014-12-11,30.979999542236328,30.979999542236328,29.799999237060547,29.829999923706055,28.472585678100586,7925
2014-12-12,29.1299991607666,29.420000076293945,29.0,29.0,27.680356979370117,3990
2014-12-15,29.579999923706055,29.799999237060547,29.579999923706055,29.700000762939453,28.34850311279297,1075
2014-12-16,30.200000762939453,30.200000762939453,28.399999618530273,28.459999084472656,27.164926528930664,1070
2014-12-17,28.010000228881836,29.200000762939453,27.329999923706055,29.200000762939453,27.87125587463379,2340
2014-12-18,29.0,29.0,29.0,29.0,27.680356979370117,315
2014-12-19,29.0,29.0,29.0,29.0,27.680356979370117,450
2014-12-22,28.139999389648438,28.139999389648438,28.139999389648438,28.139999389648438,26.859487533569336,2635
2014-12-23,27.6200008392334,27.760000228881836,27.610000610351562,27.719999313354492,26.458600997924805,390
2014-12-24,27.0,29.0,27.0,29.0,27.680356979370117,910
2014-12-26,28.600000381469727,28.600000381469727,27.700000762939453,27.889999389648438,26.620866775512695,2920
2014-12-29,29.110000610351562,29.110000610351562,26.8799991607666,28.790000915527344,27.47991180419922,19430
2014-12-30,28.399999618530273,29.0,27.610000610351562,27.989999771118164,26.7163143157959,5880
2014-12-31,27.0,27.989999771118164,27.0,27.989999771118164,26.7163143157959,70
2015-01-01,27.979999542236328,27.979999542236328,27.0,27.0,25.771364212036133,1850
2015-01-02,27.959999084472656,28.200000762939453,27.219999313354492,27.420000076293945,26.172250747680664,3515
2015-01-05,28.0,28.0,27.200000762939453,27.219999313354492,25.981353759765625,165
2015-01-06,26.0,28.670000076293945,26.0,26.40999984741211,25.208213806152344,1700
2015-01-07,27.0,27.0,26.600000381469727,26.600000381469727,25.389568328857422,520
2015-01-08,27.0,27.639999389648438,27.0,27.639999389648438,26.38224220275879,60
2015-01-09,28.8799991607666,28.8799991607666,26.209999084472656,28.59000015258789,27.289012908935547,1750
2015-01-12,26.770000457763672,27.3799991607666,26.399999618530273,26.489999771118164,25.28457260131836,1725
2015-01-13,27.780000686645508,29.1299991607666,26.0,28.0,26.725858688354492,5510
2015-01-14,27.860000610351562,29.979999542236328,27.790000915527344,28.010000228881836,26.735408782958984,5565
2015-01-15,27.399999618530273,29.399999618530273,27.399999618530273,28.030000686645508,26.754497528076172,930
2015-01-16,27.100000381469727,27.100000381469727,26.610000610351562,27.010000228881836,25.78091049194336,500
2015-01-19,28.0,29.059999465942383,28.0,28.979999542236328,27.661266326904297,325
2015-01-20,28.0,29.139999389648438,28.0,29.139999389648438,27.813983917236328,225
2015-01-21,28.0,28.0,27.0,27.200000762939453,25.962265014648438,6170
2015-01-22,28.0,28.0,26.940000534057617,26.940000534057617,25.71409797668457,1575
2015-01-23,28.3799991607666,28.3799991607666,27.0,27.040000915527344,25.80954933166504,6320
2015-01-27,27.020000457763672,27.020000457763672,27.0,27.020000457763672,25.79045867919922,750
2015-01-28,27.020000457763672,27.020000457763672,27.020000457763672,27.020000457763672,25.79045867919922,0
2015-01-29,27.579999923706055,27.579999923706055,26.600000381469727,26.84000015258789,25.6186466217041,2895
2015-01-30,28.200000762939453,28.200000762939453,27.959999084472656,27.979999542236328,26.706771850585938,770
2015-02-02,28.959999084472656,28.959999084472656,28.200000762939453,28.200000762939453,26.91676139831543,550
2015-02-03,28.5,28.5,27.200000762939453,28.34000015258789,27.050390243530273,280
2015-02-04,29.899999618530273,29.899999618530273,27.360000610351562,27.5,26.248611450195312,180
2015-02-05,26.420000076293945,28.15999984741211,26.420000076293945,28.15999984741211,26.87858009338379,305
2015-02-06,26.799999237060547,29.0,26.799999237060547,28.940000534057617,27.623085021972656,350
2015-02-09,28.600000381469727,28.600000381469727,28.600000381469727,28.600000381469727,27.298559188842773,5000
2015-02-10,28.600000381469727,28.600000381469727,28.600000381469727,28.600000381469727,27.298559188842773,0
2015-02-11,25.600000381469727,28.780000686645508,25.600000381469727,28.600000381469727,27.298559188842773,75
2015-02-12,28.600000381469727,28.600000381469727,28.600000381469727,28.600000381469727,27.298559188842773,0
2015-02-13,28.799999237060547,28.84000015258789,27.0,28.780000686645508,27.47037124633789,135
2015-02-16,29.5,29.5,29.5,29.5,28.15760612487793,5
2015-02-18,29.520000457763672,30.0,26.200000762939453,29.200000762939453,27.87125587463379,2965
2015-02-19,30.600000381469727,30.600000381469727,28.799999237060547,29.280000686645508,27.947614669799805,3305
2015-02-20,29.799999237060547,29.979999542236328,28.200000762939453,29.700000762939453,28.34850311279297,1025
2015-02-23,28.600000381469727,28.799999237060547,28.600000381469727,28.799999237060547,27.489456176757812,10
2015-02-24,29.799999237060547,29.799999237060547,29.799999237060547,29.799999237060547,28.44394874572754,10
2015-02-25,29.3799991607666,29.760000228881836,29.3799991607666,29.6200008392334,28.272144317626953,1200
2015-02-26,29.760000228881836,29.760000228881836,26.0,26.700000762939453,25.485017776489258,5240
2015-02-27,25.799999237060547,26.31999969482422,25.799999237060547,26.260000228881836,25.065038681030273,350
2015-03-02,29.200000762939453,29.200000762939453,27.0,27.0,25.771364212036133,1070
2015-03-03,27.200000762939453,27.600000381469727,25.959999084472656,26.100000381469727,24.912321090698242,6250
2015-03-04,27.0,27.0,26.139999389648438,27.0,25.771364212036133,1205
2015-03-05,27.0,27.0,27.0,27.0,25.771364212036133,0
2015-03-09,28.3799991607666,28.3799991607666,28.3799991607666,28.3799991607666,27.08856964111328,25
2015-03-10,28.399999618530273,28.399999618530273,27.200000762939453,27.200000762939453,25.962265014648438,300
2015-03-11,28.8799991607666,28.8799991607666,27.200000762939453,27.299999237060547,26.05771255493164,355
2015-03-12,29.18000030517578,29.18000030517578,25.31999969482422,26.299999237060547,25.103219985961914,2250
2015-03-13,27.0,27.0,27.0,27.0,25.771364212036133,125
2015-03-16,24.059999465942383,26.0,24.059999465942383,24.899999618530273,23.766925811767578,5665
2015-03-17,24.200000762939453,24.200000762939453,24.200000762939453,24.200000762939453,23.098779678344727,50
2015-03-18,25.940000534057617,26.280000686645508,24.799999237060547,24.799999237060547,23.671478271484375,735
2015-03-19,26.600000381469727,26.600000381469727,26.600000381469727,26.600000381469727,25.389568328857422,50
2015-03-20,24.100000381469727,26.0,24.100000381469727,24.260000228881836,23.156049728393555,2130
2015-03-23,25.799999237060547,25.799999237060547,24.020000457763672,24.979999542236328,23.843286514282227,1510
2015-03-24,23.920000076293945,25.0,23.920000076293945,25.0,23.862377166748047,2355
2015-03-25,25.0,25.0,25.0,25.0,23.862377166748047,0
2015-03-26,24.0,24.0,21.600000381469727,22.600000381469727,21.57158851623535,1615
2015-03-27,22.1200008392334,23.979999542236328,22.0,22.8799991607666,21.838844299316406,6295
2015-03-30,23.799999237060547,24.299999237060547,23.0,23.040000915527344,21.991565704345703,1545
2015-03-31,19.100000381469727,23.799999237060547,19.100000381469727,23.0,21.953388214111328,2245
2015-04-01,23.979999542236328,24.780000686645508,23.979999542236328,24.420000076293945,23.308767318725586,1020
2015-04-06,24.959999084472656,24.959999084472656,23.0,24.420000076293945,23.308767318725586,110
2015-04-07,24.020000457763672,28.0,24.020000457763672,24.979999542236328,23.843286514282227,2125
2015-04-08,25.200000762939453,25.200000762939453,25.200000762939453,25.200000762939453,24.05327606201172,250
2015-04-09,26.780000686645508,26.979999542236328,25.399999618530273,25.440000534057617,24.2823543548584,510
2015-04-10,25.0,25.399999618530273,24.799999237060547,24.799999237060547,23.671478271484375,235
2015-04-13,29.0,29.0,25.020000457763672,25.219999313354492,24.072364807128906,445
2015-04-15,26.0,26.0,25.200000762939453,25.200000762939453,24.05327606201172,2025
2015-04-16,25.799999237060547,25.799999237060547,25.799999237060547,25.799999237060547,24.625972747802734,10
2015-04-17,25.799999237060547,25.799999237060547,25.799999237060547,25.799999237060547,24.625972747802734,0
2015-04-20,24.0,24.0,24.0,24.0,22.907880783081055,500
2015-04-21,24.0,24.0,24.0,24.0,22.907880783081055,0
2015-04-22,24.0,24.0,24.0,24.0,22.907880783081055,0
2015-04-23,23.0,23.0,23.0,23.0,21.953388214111328,500
2015-04-24,24.799999237060547,27.399999618530273,23.0,26.200000762939453,25.00777244567871,4545
2015-04-27,25.0,25.0,22.399999618530273,23.360000610351562,22.29700469970703,1165
2015-04-28,26.760000228881836,26.760000228881836,25.440000534057617,26.0,24.816871643066406,6325
2015-04-29,25.219999313354492,26.0,23.200000762939453,23.6200008392334,22.54517364501953,16905
2015-04-30,25.760000228881836,25.760000228881836,22.799999237060547,24.0,22.907880783081055,5645
2015-05-04,24.020000457763672,25.600000381469727,24.020000457763672,25.600000381469727,24.435073852539062,500
2015-05-05,24.0,26.0,24.0,25.760000228881836,24.58778953552246,490
2015-05-06,25.760000228881836,25.760000228881836,25.760000228881836,25.760000228881836,24.58778953552246,0
2015-05-07,25.760000228881836,25.760000228881836,25.760000228881836,25.760000228881836,24.58778953552246,0
2015-05-08,25.760000228881836,25.760000228881836,25.760000228881836,25.760000228881836,24.58778953552246,0
2015-05-11,23.600000381469727,24.0,23.600000381469727,24.0,22.907880783081055,150
2015-05-12,25.579999923706055,25.579999923706055,23.780000686645508,23.780000686645508,22.697893142700195,1310
2015-05-13,23.399999618530273,26.559999465942383,22.399999618530273,25.100000381469727,23.95782470703125,6260
2015-05-14,24.440000534057617,25.799999237060547,24.399999618530273,24.399999618530273,23.2896785736084,60
2015-05-15,23.0,24.0,22.399999618530273,23.280000686645508,22.220645904541016,4560
2015-05-18,23.280000686645508,23.280000686645508,23.280000686645508,23.280000686645508,22.220645904541016,0
2015-05-19,23.280000686645508,23.280000686645508,23.280000686645508,23.280000686645508,22.220645904541016,0
2015-05-20,24.399999618530273,24.399999618530273,24.399999618530273,24.399999618530273,23.2896785736084,50
2015-05-21,24.0,24.0,22.020000457763672,22.579999923706055,21.55249786376953,3670
2015-05-22,23.719999313354492,23.979999542236328,23.719999313354492,23.979999542236328,22.888790130615234,525
2015-05-25,23.0,23.719999313354492,23.0,23.459999084472656,22.392452239990234,80
2015-05-26,23.079999923706055,23.079999923706055,23.079999923706055,23.079999923706055,22.02974510192871,500
2015-05-27,22.0,23.68000030517578,21.700000762939453,23.5,22.430633544921875,1170
2015-05-28,21.700000762939453,23.18000030517578,21.600000381469727,23.18000030517578,22.125194549560547,2470
2015-05-29,23.979999542236328,24.020000457763672,23.979999542236328,24.020000457763672,22.926969528198242,780
2015-06-01,24.020000457763672,24.020000457763672,24.020000457763672,24.020000457763672,22.926969528198242,0
2015-06-02,24.020000457763672,24.020000457763672,24.020000457763672,24.020000457763672,22.926969528198242,0
2015-06-03,21.700000762939453,23.559999465942383,21.700000762939453,23.559999465942383,22.48790168762207,1010
2015-06-04,20.700000762939453,23.579999923706055,20.700000762939453,23.579999923706055,22.506994247436523,525
2015-06-05,21.100000381469727,22.700000762939453,20.299999237060547,21.440000534057617,20.464374542236328,3535
2015-06-08,20.799999237060547,22.399999618530273,20.799999237060547,21.0,20.04439353942871,215
2015-06-09,21.0,21.0,19.399999618530273,19.65999984741211,18.765371322631836,9450
2015-06-10,22.0,22.0,20.600000381469727,21.239999771118164,20.273473739624023,805
2015-06-11,21.799999237060547,22.600000381469727,21.799999237060547,22.0,20.998889923095703,2265
2015-06-12,21.0,22.399999618530273,21.0,22.239999771118164,21.227968215942383,120
2015-06-15,20.020000457763672,22.600000381469727,20.020000457763672,21.68000030517578,20.69345474243164,510
2015-06-16,20.020000457763672,21.579999923706055,20.020000457763672,21.579999923706055,20.59800148010254,475
2015-06-17,21.639999389648438,21.639999389648438,20.600000381469727,20.600000381469727,19.66259765625,125
2015-06-18,23.399999618530273,23.399999618530273,20.459999084472656,20.479999542236328,19.548057556152344,520
2015-06-19,23.600000381469727,23.65999984741211,21.799999237060547,21.8799991607666,20.88435173034668,2870
2015-06-22,20.799999237060547,22.700000762939453,20.31999969482422,22.700000762939453,21.667037963867188,315
2015-06-23,22.200000762939453,22.200000762939453,21.799999237060547,21.799999237060547,20.80799102783203,100
2015-06-24,22.399999618530273,22.600000381469727,22.200000762939453,22.200000762939453,21.18979263305664,1540
2015-06-25,21.399999618530273,22.5,21.399999618530273,22.399999618530273,21.380687713623047,2060
2015-06-26,22.0,23.0,20.799999237060547,22.899999618530273,21.857934951782227,1080
2015-06-29,21.799999237060547,25.799999237060547,21.0,24.399999618530273,23.2896785736084,98640
2015-06-30,24.600000381469727,25.739999771118164,24.0,25.739999771118164,24.568700790405273,1075
2015-07-01,24.0,25.399999618530273,24.0,24.0,22.907880783081055,350
2015-07-02,24.200000762939453,25.0,23.399999618530273,24.639999389648438,23.518756866455078,225
2015-07-03,24.0,24.0,23.0,24.0,22.907880783081055,625
2015-07-06,23.200000762939453,23.399999618530273,23.200000762939453,23.399999618530273,22.33518409729004,750
2015-07-07,23.200000762939453,23.200000762939453,20.799999237060547,21.299999237060547,20.33074378967285,10690
2015-07-08,21.479999542236328,23.299999237060547,21.479999542236328,23.299999237060547,22.23973274230957,2920
2015-07-09,23.600000381469727,23.600000381469727,22.0,22.979999542236328,21.934293746948242,1085
2015-07-10,21.559999465942383,23.0,21.0,21.520000457763672,20.540733337402344,5280
2015-07-13,23.0,23.459999084472656,23.0,23.459999084472656,22.392452239990234,340
2015-07-14,22.399999618530273,23.399999618530273,22.399999618530273,23.299999237060547,22.23973274230957,1985
2015-07-15,22.5,22.799999237060547,22.200000762939453,22.799999237060547,21.76248550415039,2375
2015-07-16,22.399999618530273,22.399999618530273,21.799999237060547,22.200000762939453,21.18979263305664,2500
2015-07-17,23.739999771118164,26.639999389648438,23.739999771118164,26.219999313354492,25.026859283447266,9355
2015-07-20,26.399999618530273,31.200000762939453,25.440000534057617,30.719999313354492,29.322086334228516,25600
2015-07-21,33.70000076293945,34.599998474121094,30.239999771118164,32.900001525878906,31.40288734436035,26640
2015-07-22,31.0,36.18000030517578,31.0,34.91999816894531,33.33095932006836,24405
2015-07-23,33.099998474121094,38.400001525878906,33.099998474121094,37.47999954223633,35.77447509765625,29240
2015-07-24,35.720001220703125,38.70000076293945,34.41999816894531,38.599998474121094,36.843509674072266,25350
2015-07-27,37.220001220703125,37.68000030517578,36.13999938964844,37.2599983215332,35.564483642578125,2195
2015-07-28,35.400001525878906,39.5,35.02000045776367,38.36000061035156,36.61442947387695,17530
2015-07-29,37.7599983215332,40.939998626708984,37.7599983215332,39.79999923706055,37.9889030456543,50870
2015-07-30,38.400001525878906,39.0,35.779998779296875,36.18000030517578,34.533634185791016,7805
2015-07-31,34.0,39.20000076293945,34.0,38.5,36.7480583190918,26260
2015-08-03,38.599998474121094,42.34000015258789,37.79999923706055,41.939998626708984,40.03152084350586,19870
2015-08-04,45.7599983215332,45.7599983215332,40.20000076293945,43.599998474121094,41.61598205566406,21780
2015-08-05,45.0,45.0,42.02000045776367,43.599998474121094,41.61598205566406,3420
2015-08-06,44.900001525878906,46.0,40.119998931884766,42.0,40.08878707885742,15635
2015-08-07,42.400001525878906,46.0,42.400001525878906,45.36000061035156,43.2958984375,17920
2015-08-10,42.400001525878906,46.599998474121094,42.400001525878906,45.36000061035156,43.2958984375,33640
2015-08-11,45.400001525878906,47.0,41.720001220703125,45.65999984741211,43.582244873046875,11200
2015-08-12,47.97999954223633,48.84000015258789,43.0,48.5,46.293006896972656,99695
2015-08-13,48.0,49.70000076293945,45.41999816894531,48.52000045776367,46.31209945678711,7890
2015-08-14,49.279998779296875,53.36000061035156,49.279998779296875,53.36000061035156,50.931854248046875,48605
2015-08-17,55.959999084472656,56.959999084472656,48.2400016784668,50.47999954223633,48.18291091918945,51380
2015-08-18,52.900001525878906,52.900001525878906,50.220001220703125,51.02000045776367,48.698333740234375,3655
2015-08-19,51.0,56.119998931884766,50.52000045776367,54.68000030517578,52.1917839050293,16290
2015-08-20,54.599998474121094,54.599998474121094,49.400001525878906,50.540000915527344,48.240177154541016,19830
2015-08-21,50.97999954223633,51.58000183105469,48.2599983215332,50.18000030517578,47.89656066894531,805
2015-08-24,48.099998474121094,48.7599983215332,45.18000030517578,46.58000183105469,44.46038055419922,13735
2015-08-25,46.20000076293945,47.0,41.939998626708984,42.220001220703125,40.29878616333008,4075
2015-08-26,39.0,43.0,38.400001525878906,39.79999923706055,37.9889030456543,8840
2015-08-27,39.400001525878906,41.400001525878906,39.400001525878906,41.2599983215332,39.38246154785156,3090
2015-08-28,43.099998474121094,43.20000076293945,42.380001068115234,42.400001525878906,40.47058868408203,5075
2015-08-31,44.36000061035156,44.52000045776367,43.0,43.63999938964844,41.6541633605957,5500
2015-09-01,45.81999969482422,45.81999969482422,41.459999084472656,41.459999084472656,39.5733642578125,11460
2015-09-02,41.279998779296875,43.20000076293945,41.2599983215332,41.47999954223633,39.59245300292969,4360
2015-09-03,41.119998931884766,42.119998931884766,39.41999816894531,39.81999969482422,38.00798797607422,7900
2015-09-04,38.0,39.400001525878906,38.0,39.400001525878906,37.60710906982422,65
2015-09-07,37.5,39.400001525878906,37.439998626708984,37.70000076293945,35.98446273803711,7760
2015-09-08,39.58000183105469,39.58000183105469,36.0,38.380001068115234,36.63351821899414,5130
2015-09-09,39.0,39.0,35.5,35.5,33.88457489013672,3435
2015-09-10,34.0,35.63999938964844,34.0,35.63999938964844,34.0181999206543,2410
2015-09-11,36.599998474121094,36.599998474121094,34.599998474121094,36.380001068115234,34.72452926635742,1450
2015-09-14,37.779998779296875,37.779998779296875,34.58000183105469,34.619998931884766,33.044612884521484,5895
2015-09-15,33.41999816894531,36.34000015258789,33.41999816894531,35.5,33.88457489013672,6780
2015-09-16,37.2599983215332,37.2599983215332,35.599998474121094,37.2400016784668,35.54539489746094,9580
2015-09-18,36.119998931884766,39.099998474121094,35.599998474121094,39.0,37.22530746459961,1410
2015-09-21,38.599998474121094,40.65999984741211,36.84000015258789,40.380001068115234,38.54250717163086,2150
2015-09-22,39.0,42.380001068115234,39.0,42.380001068115234,40.451507568359375,3650
2015-09-23,42.400001525878906,43.97999954223633,39.91999816894531,43.459999084472656,42.48482894897461,6590
2015-09-24,43.41999816894531,45.619998931884766,42.0,45.41999816894531,44.40085220336914,26010
2015-09-28,47.58000183105469,47.58000183105469,44.040000915527344,47.400001525878906,46.336421966552734,33355
2015-09-29,46.0,47.0,45.220001220703125,46.18000030517578,45.143795013427734,21115
2015-09-30,46.18000030517578,48.47999954223633,45.7400016784668,48.08000183105469,47.001163482666016,47320
2015-10-01,50.20000076293945,50.400001525878906,46.900001525878906,48.220001220703125,47.138023376464844,38665
2015-10-05,50.20000076293945,50.20000076293945,47.400001525878906,48.040000915527344,46.96205520629883,3935
2015-10-06,49.5,52.58000183105469,44.459999084472656,52.439998626708984,51.263328552246094,11090
2015-10-07,51.79999923706055,53.5,50.400001525878906,53.08000183105469,51.888973236083984,26600
2015-10-08,53.0,58.20000076293945,51.79999923706055,53.81999969482422,52.612361907958984,30330
2015-10-09,57.380001068115234,62.599998474121094,55.0,61.119998931884766,59.748565673828125,51210
2015-10-12,59.0,61.97999954223633,58.20000076293945,61.36000061035156,59.98318099975586,17800
2015-10-13,59.220001220703125,61.0,59.20000076293945,60.900001525878906,59.533504486083984,13640
2015-10-14,60.79999923706055,63.79999923706055,58.86000061035156,62.58000183105469,61.175811767578125,6185
2015-10-15,61.400001525878906,62.97999954223633,60.0,62.060001373291016,60.667476654052734,12250
2015-10-16,62.79999923706055,62.79999923706055,60.0,61.099998474121094,59.72901153564453,29265
2015-10-19,62.720001220703125,62.779998779296875,58.060001373291016,61.13999938964844,59.76811599731445,15085
2015-10-20,60.20000076293945,60.20000076293945,60.0,60.0,58.6536979675293,595
2015-10-21,60.20000076293945,62.060001373291016,57.36000061035156,60.380001068115234,59.02517318725586,5765
2015-10-23,59.20000076293945,62.97999954223633,58.400001525878906,61.7599983215332,60.374202728271484,13525
2015-10-26,61.400001525878906,61.599998474121094,60.0,60.20000076293945,58.849212646484375,1290
2015-10-27,60.0,61.599998474121094,58.2400016784668,60.599998474121094,59.240238189697266,13605
2015-10-28,58.63999938964844,61.099998474121094,58.63999938964844,60.7599983215332,59.39664077758789,3070
2015-10-29,60.7599983215332,60.7599983215332,60.7599983215332,60.7599983215332,59.39664077758789,0
2015-10-30,59.599998474121094,62.939998626708984,58.599998474121094,61.70000076293945,60.315555572509766,33005
2015-11-02,58.619998931884766,60.959999084472656,58.619998931884766,60.0,58.6536979675293,5995
2015-11-03,58.599998474121094,61.0,57.439998626708984,60.540000915527344,59.181583404541016,1205
2015-11-04,57.7599983215332,60.0,57.65999984741211,58.47999954223633,57.16780471801758,2660
2015-11-05,55.79999923706055,60.099998474121094,55.79999923706055,58.0,56.69857406616211,1110
2015-11-06,58.0,61.0,56.0,61.0,59.631263732910156,1010
2015-11-09,54.34000015258789,65.9800033569336,54.34000015258789,62.400001525878906,60.999847412109375,13380
2015-11-10,60.20000076293945,67.0,60.20000076293945,64.72000122070312,63.267791748046875,8135
2015-11-13,61.20000076293945,63.779998779296875,60.220001220703125,61.86000061035156,60.47196578979492,2320
2015-11-16,61.20000076293945,61.7400016784668,60.0,61.7400016784668,60.35466003417969,1890
2015-11-17,61.599998474121094,61.599998474121094,58.79999923706055,60.0,58.6536979675293,550
2015-11-18,59.20000076293945,60.58000183105469,54.0,55.779998779296875,54.52838897705078,6675
2015-11-19,56.02000045776367,61.34000015258789,56.02000045776367,60.959999084472656,59.592159271240234,6840
2015-11-20,65.5999984741211,65.77999877929688,59.0,64.5,63.0527229309082,26025
2015-11-23,60.599998474121094,64.4000015258789,60.400001525878906,62.7599983215332,61.35176467895508,11260
2015-11-24,62.599998474121094,63.779998779296875,60.400001525878906,62.880001068115234,61.46907424926758,2010
2015-11-26,62.79999923706055,64.9800033569336,60.400001525878906,61.599998474121094,60.217796325683594,4425
2015-11-27,62.0,67.5999984741211,60.0,65.22000122070312,63.75657272338867,52190
2015-11-30,62.220001220703125,64.4000015258789,61.400001525878906,62.41999816894531,61.01939392089844,3310
2015-12-01,61.02000045776367,68.66000366210938,61.02000045776367,67.58000183105469,66.0636215209961,40940
2015-12-02,69.0,69.55999755859375,64.23999786376953,66.69999694824219,65.20336151123047,135410
2015-12-03,64.44000244140625,66.5999984741211,64.44000244140625,65.45999908447266,63.99118423461914,1255
2015-12-04,65.4000015258789,72.0,65.4000015258789,69.9800033569336,68.4097671508789,33270
2015-12-07,72.0,76.37999725341797,68.80000305175781,71.16000366210938,69.56329345703125,9820
2015-12-08,74.80000305175781,74.80000305175781,66.0999984741211,66.45999908447266,64.96874237060547,9220
2015-12-09,66.0,67.80000305175781,62.0,63.31999969482422,61.89920425415039,5450
2015-12-10,64.80000305175781,73.0,64.77999877929688,71.19999694824219,69.60238647460938,11425
2015-12-11,69.19999694824219,71.9800033569336,66.62000274658203,70.68000030517578,69.09405517578125,1405
2015-12-14,69.30000305175781,70.80000305175781,66.0,66.95999908447266,65.45751953125,1245
2015-12-15,67.0199966430664,80.33999633789062,66.0,78.80000305175781,77.0318603515625,96040
2015-12-16,80.0,81.0,72.73999786376953,75.77999877929688,74.0796127319336,11040
2015-12-17,72.5999984741211,77.9800033569336,72.5999984741211,76.0,74.294677734375,1705
2015-12-18,78.9000015258789,79.4000015258789,76.5999984741211,78.68000030517578,76.91455841064453,28900
2015-12-21,78.80000305175781,82.0,76.0,79.45999908447266,77.67704010009766,21220
2015-12-22,79.9800033569336,88.0,79.80000305175781,80.13999938964844,78.34178161621094,30865
2015-12-23,82.0,88.0,80.0999984741211,85.05999755859375,83.1513900756836,13950
2015-12-24,90.19999694824219,90.19999694824219,84.0,88.5,86.51419830322266,4365
2015-12-28,85.0,89.5999984741211,85.0,85.9800033569336,84.05075073242188,98240
2015-12-29,88.80000305175781,94.9800033569336,85.0,87.63999938964844,85.67350006103516,114890
2015-12-30,88.0199966430664,88.95999908447266,82.0199966430664,83.73999786376953,81.86101531982422,59700
2015-12-31,84.19999694824219,84.19999694824219,80.0,81.80000305175781,79.96454620361328,98915
2016-01-01,81.80000305175781,82.5999984741211,78.22000122070312,79.37999725341797,77.59884643554688,105570
2016-01-04,81.80000305175781,88.80000305175781,76.04000091552734,81.86000061035156,80.02318572998047,128160
2016-01-05,79.5999984741211,80.0199966430664,78.0,78.4800033569336,76.71903991699219,102030
2016-01-06,76.0199966430664,79.77999877929688,72.0,76.12000274658203,74.41199493408203,35945
2016-01-07,73.80000305175781,74.0,68.0,73.77999877929688,72.12449645996094,67160
2016-01-08,71.0,75.0,67.22000122070312,70.22000122070312,68.64437866210938,52730
2016-01-11,70.4000015258789,70.41999816894531,64.0,66.55999755859375,65.0665054321289,46780
2016-01-12,66.0,67.0,62.220001220703125,65.31999969482422,63.85432815551758,79800
2016-01-13,63.400001525878906,68.9800033569336,63.400001525878906,66.55999755859375,65.0665054321289,43255
2016-01-14,67.5999984741211,67.5999984741211,67.5999984741211,67.5999984741211,66.08316802978516,50
2016-01-15,63.5,68.80000305175781,62.099998474121094,63.47999954223633,62.05561447143555,370
2016-01-18,62.0,69.0,60.0,64.05999755859375,62.622596740722656,4635
2016-01-19,61.41999816894531,66.5999984741211,61.0,63.70000076293945,62.27067565917969,2565
2016-01-20,62.0,65.77999877929688,61.400001525878906,64.5999984741211,63.150482177734375,425
2016-01-21,61.400001525878906,65.13999938964844,61.400001525878906,65.13999938964844,63.67835998535156,145
2016-01-22,63.79999923706055,68.94000244140625,60.220001220703125,60.900001525878906,59.533504486083984,3170
2016-01-25,58.02000045776367,64.80000305175781,58.02000045776367,63.34000015258789,61.91875076293945,665
2016-01-27,61.0,61.0,60.0,60.0,58.6536979675293,220
2016-01-28,61.0,61.0,61.0,61.0,59.631263732910156,40
2016-01-29,60.41999816894531,68.9800033569336,57.0,67.54000091552734,66.0245132446289,4190
2016-02-01,66.19999694824219,71.80000305175781,60.0,61.47999954223633,60.100486755371094,3900
2016-02-02,61.400001525878906,62.70000076293945,59.79999923706055,61.18000030517578,59.807220458984375,670
2016-02-03,60.02000045776367,60.02000045776367,59.0,59.0,57.67613983154297,1375
2016-02-04,59.959999084472656,59.959999084472656,59.959999084472656,59.959999084472656,58.614593505859375,360
2016-02-05,63.7599983215332,63.7599983215332,63.7599983215332,63.7599983215332,62.32933044433594,360
2016-02-08,64.5999984741211,64.5999984741211,64.5999984741211,64.5999984741211,63.150482177734375,5
2016-02-09,64.5999984741211,64.5999984741211,64.5999984741211,64.5999984741211,63.150482177734375,0
2016-02-10,53.02000045776367,64.4000015258789,53.02000045776367,64.0199966430664,62.583492279052734,450
2016-02-11,54.279998779296875,54.279998779296875,51.220001220703125,52.959999084472656,51.77165985107422,1935
2016-02-12,52.959999084472656,52.959999084472656,52.959999084472656,52.959999084472656,51.77165985107422,0
2016-02-15,59.2599983215332,59.2599983215332,59.2599983215332,59.2599983215332,57.930301666259766,0
2016-02-16,65.5999984741211,65.5999984741211,49.400001525878906,54.2599983215332,53.0424919128418,1140
2016-02-17,45.41999816894531,59.779998779296875,45.41999816894531,59.060001373291016,57.73479080200195,9185
2016-02-18,53.599998474121094,58.959999084472656,47.279998779296875,48.86000061035156,47.76366424560547,10680
2016-02-19,42.20000076293945,47.58000183105469,42.119998931884766,44.599998474121094,43.5992431640625,2460
2016-02-22,44.0,44.0,42.540000915527344,42.540000915527344,41.58547592163086,2220
2016-02-23,40.41999816894531,40.41999816894531,40.41999816894531,40.41999816894531,39.51303482055664,530
2016-02-24,38.5,42.20000076293945,38.5,42.0,41.057586669921875,3130
2016-02-25,40.79999923706055,40.79999923706055,40.79999923706055,40.79999923706055,39.884517669677734,30
2016-02-26,40.599998474121094,41.70000076293945,38.7599983215332,41.560001373291016,40.62745666503906,1825
2016-02-29,41.560001373291016,41.560001373291016,41.560001373291016,41.560001373291016,40.62745666503906,0
2016-03-01,41.560001373291016,41.560001373291016,41.560001373291016,41.560001373291016,40.62745666503906,0
2016-03-02,40.599998474121094,40.599998474121094,39.5,40.0,39.10246276855469,1750
2016-03-03,40.0,42.0,40.0,41.599998474121094,40.666561126708984,625
2016-03-04,40.02000045776367,43.68000030517578,39.52000045776367,43.68000030517578,42.699893951416016,635
2016-03-08,45.7599983215332,45.79999923706055,45.7599983215332,45.7599983215332,44.733219146728516,75
2016-03-09,43.47999954223633,48.0,43.47999954223633,45.13999938964844,44.127132415771484,4035
2016-03-10,42.900001525878906,45.97999954223633,42.900001525878906,45.97999954223633,44.94828414916992,905
2016-03-11,43.70000076293945,45.959999084472656,43.70000076293945,45.959999084472656,44.92873001098633,565
2016-03-14,43.68000030517578,45.97999954223633,43.68000030517578,45.97999954223633,44.94828414916992,600
2016-03-15,43.70000076293945,47.5,43.70000076293945,45.279998779296875,44.26398849487305,4450
2016-03-16,43.02000045776367,47.0,43.02000045776367,46.13999938964844,45.10469436645508,1015
2016-03-17,43.84000015258789,43.84000015258789,43.84000015258789,43.84000015258789,42.85630416870117,1290
2016-03-18,41.65999984741211,45.79999923706055,41.65999984741211,43.29999923706055,42.32841491699219,1920
2016-03-21,41.13999938964844,45.20000076293945,41.13999938964844,45.20000076293945,44.18578338623047,1385
2016-03-22,42.939998626708984,46.79999923706055,42.939998626708984,46.79999923706055,45.74988555908203,10540
2016-03-23,44.459999084472656,44.459999084472656,44.459999084472656,44.459999084472656,43.46238708496094,90
2016-03-28,42.2400016784668,45.900001525878906,42.2400016784668,44.81999969482422,43.81431198120117,2090
2016-03-29,42.58000183105469,42.58000183105469,42.58000183105469,42.58000183105469,41.624576568603516,525
2016-03-30,40.459999084472656,43.779998779296875,40.459999084472656,40.459999084472656,39.55214309692383,1935
2016-03-31,38.439998626708984,38.439998626708984,38.439998626708984,38.439998626708984,37.57746887207031,1570
2016-04-01,36.52000045776367,38.380001068115234,36.52000045776367,36.52000045776367,35.7005500793457,2115
2016-04-04,34.720001220703125,38.18000030517578,34.70000076293945,38.0,37.1473388671875,5760
2016-04-05,36.099998474121094,39.400001525878906,36.099998474121094,39.400001525878906,38.51593017578125,735
2016-04-06,38.0,41.20000076293945,38.0,38.20000076293945,37.342857360839844,2535
2016-04-07,38.20000076293945,38.20000076293945,38.20000076293945,38.20000076293945,37.342857360839844,0
2016-04-08,38.20000076293945,38.20000076293945,38.20000076293945,38.20000076293945,37.342857360839844,0
2016-04-11,39.79999923706055,39.959999084472656,37.02000045776367,39.7599983215332,38.86785125732422,160
2016-04-12,38.400001525878906,41.0,37.779998779296875,38.380001068115234,37.51881790161133,1370
2016-04-13,40.20000076293945,40.20000076293945,36.47999954223633,39.7599983215332,38.86785125732422,430
2016-04-18,39.7599983215332,39.7599983215332,39.7599983215332,39.7599983215332,38.86785125732422,0
2016-04-20,39.400001525878906,39.7599983215332,37.779998779296875,39.099998474121094,38.22265625,1375
2016-04-21,40.779998779296875,40.779998779296875,39.099998474121094,39.099998474121094,38.22265625,95
2016-04-22,40.779998779296875,40.779998779296875,40.779998779296875,40.779998779296875,39.86496353149414,25
2016-04-25,38.7599983215332,38.7599983215332,38.7599983215332,38.7599983215332,37.89028549194336,935
2016-04-26,40.0,40.0,40.0,40.0,39.10246276855469,25
2016-04-27,38.0,41.599998474121094,38.0,41.18000030517578,40.25598907470703,1235
2016-04-28,41.63999938964844,41.63999938964844,41.63999938964844,41.63999938964844,40.705665588378906,25
2016-04-29,41.84000015258789,42.0,39.79999923706055,42.0,41.057586669921875,710
2016-05-02,40.599998474121094,41.81999969482422,40.599998474121094,41.81999969482422,40.881629943847656,75
2016-05-03,41.81999969482422,41.81999969482422,41.81999969482422,41.81999969482422,40.881629943847656,0
2016-05-04,39.7400016784668,42.79999923706055,39.7400016784668,42.79999923706055,41.839637756347656,55
2016-05-05,40.65999984741211,40.65999984741211,40.65999984741211,40.65999984741211,39.747657775878906,135
2016-05-06,38.63999938964844,42.58000183105469,38.63999938964844,41.34000015258789,40.41239929199219,125
2016-05-09,42.91999816894531,42.91999816894531,39.279998779296875,39.279998779296875,38.39862060546875,220
2016-05-10,39.279998779296875,40.119998931884766,37.31999969482422,38.29999923706055,37.440608978271484,865
2016-05-11,39.65999984741211,39.65999984741211,39.65999984741211,39.65999984741211,38.77008819580078,25
2016-05-12,38.0,38.0,37.68000030517578,37.70000076293945,36.85407257080078,980
2016-05-13,39.400001525878906,39.400001525878906,39.380001068115234,39.380001068115234,38.496376037597656,1130
2016-05-16,40.0,40.97999954223633,38.0,40.97999954223633,40.06047439575195,405
2016-05-17,40.959999084472656,42.68000030517578,40.939998626708984,42.08000183105469,41.13579177856445,455
2016-05-18,41.0,42.5,39.97999954223633,40.0,39.10246276855469,3865
2016-05-19,38.220001220703125,41.779998779296875,38.20000076293945,41.7599983215332,40.82297134399414,200
2016-05-20,41.7599983215332,42.02000045776367,40.79999923706055,41.880001068115234,40.94028091430664,1415
2016-05-23,42.0,42.0,42.0,42.0,41.057586669921875,500
2016-05-24,40.0,43.20000076293945,40.0,43.20000076293945,42.23066329956055,300
2016-05-25,43.20000076293945,43.20000076293945,43.20000076293945,43.20000076293945,42.23066329956055,0
2016-05-26,41.040000915527344,44.380001068115234,41.040000915527344,43.15999984741211,42.191558837890625,840
2016-05-27,41.220001220703125,44.380001068115234,41.0099983215332,44.380001068115234,43.38418960571289,225
2016-05-30,44.380001068115234,44.380001068115234,44.380001068115234,44.380001068115234,43.38418960571289,0
2016-05-31,42.20000076293945,44.79999923706055,42.16999816894531,42.58000183105469,41.624576568603516,6020
2016-06-01,41.0,43.900001525878906,40.79999923706055,43.650001525878906,42.67056655883789,695
2016-06-02,43.650001525878906,43.650001525878906,43.650001525878906,43.650001525878906,42.67056655883789,500
2016-06-03,41.599998474121094,42.22999954223633,41.470001220703125,41.97999954223633,41.03803634643555,250
2016-06-06,40.20000076293945,40.20000076293945,39.88999938964844,39.88999938964844,38.994930267333984,225
2016-06-07,38.150001525878906,39.9900016784668,38.150001525878906,39.9900016784668,39.09269332885742,80
2016-06-08,38.02000045776367,39.68000030517578,38.0,39.68000030517578,38.78964614868164,4435
2016-06-09,38.0,40.7599983215332,37.90999984741211,39.529998779296875,38.64301300048828,290
2016-06-10,40.939998626708984,41.5,37.599998474121094,37.66999816894531,36.824745178222656,20805
2016-06-13,37.59000015258789,37.939998626708984,35.810001373291016,37.939998626708984,37.08868408203125,29425
2016-06-14,37.79999923706055,37.79999923706055,36.04999923706055,37.70000076293945,36.85407257080078,525
2016-06-15,37.02000045776367,37.79999923706055,35.81999969482422,36.779998779296875,35.9547119140625,3810
2016-06-16,37.0,37.0,36.0,37.0,36.16978073120117,775
2016-06-17,37.59000015258789,37.59000015258789,35.599998474121094,37.38999938964844,36.55103302001953,380
2016-06-20,36.0,36.060001373291016,36.0,36.060001373291016,35.25087356567383,1375
2016-06-21,36.060001373291016,36.060001373291016,36.060001373291016,36.060001373291016,35.25087356567383,0
2016-06-22,35.599998474121094,37.790000915527344,35.599998474121094,37.70000076293945,36.85407257080078,15135
2016-06-23,36.599998474121094,37.900001525878906,36.0,37.119998931884766,36.287086486816406,1590
2016-06-24,37.599998474121094,37.97999954223633,37.599998474121094,37.72999954223633,36.883399963378906,750
2016-06-27,37.900001525878906,37.900001525878906,37.900001525878906,37.900001525878906,37.04958724975586,5
2016-06-28,37.560001373291016,38.0,36.0099983215332,36.68000030517578,35.85696029663086,4250
2016-06-29,36.20000076293945,37.900001525878906,36.02000045776367,37.88999938964844,37.0398063659668,2125
2016-06-30,36.20000076293945,36.20000076293945,36.20000076293945,36.20000076293945,35.38772964477539,250
2016-07-01,35.0,37.400001525878906,35.0,36.77000045776367,35.944942474365234,585
2016-07-04,35.619998931884766,36.79999923706055,35.400001525878906,35.599998474121094,34.80119323730469,1450
2016-07-05,36.20000076293945,37.0,35.20000076293945,37.0,36.16978073120117,510
2016-07-07,37.0,37.0,35.0,36.790000915527344,35.96449279785156,1225
2016-07-08,35.0099983215332,37.38999938964844,35.0099983215332,36.5,35.68099594116211,300
2016-07-11,35.20000076293945,37.38999938964844,35.20000076293945,37.38999938964844,36.55103302001953,690
2016-07-12,35.029998779296875,36.20000076293945,35.029998779296875,36.0,35.19221878051758,1045
2016-07-13,38.0,39.400001525878906,35.79999923706055,37.349998474121094,36.511924743652344,4615
2016-07-14,38.0,38.0,36.0,36.0,35.19221878051758,250
2016-07-15,36.0,36.0,35.0,36.0,35.19221878051758,1350
2016-07-18,35.599998474121094,36.0,35.20000076293945,36.0,35.19221878051758,500
2016-07-19,36.0,36.0,36.0,36.0,35.19221878051758,0
2016-07-20,37.0,37.0,37.0,37.0,36.16978073120117,50
2016-07-21,35.709999084472656,37.650001525878906,35.709999084472656,37.59000015258789,36.74654006958008,365
2016-07-22,37.59000015258789,37.59000015258789,37.59000015258789,37.59000015258789,36.74654006958008,0
2016-07-25,37.59000015258789,37.59000015258789,37.59000015258789,37.59000015258789,36.74654006958008,0
2016-07-26,37.59000015258789,37.59000015258789,37.59000015258789,37.59000015258789,36.74654006958008,0
2016-07-27,35.959999084472656,37.790000915527344,35.959999084472656,37.400001525878906,36.56080627441406,18185
2016-07-28,35.02000045776367,36.0,33.93000030517578,34.2400016784668,33.47171401977539,3750
2016-07-29,33.79999923706055,35.79999923706055,32.599998474121094,33.88999938964844,33.12955856323242,2640
2016-08-01,33.83000183105469,36.0,33.83000183105469,35.970001220703125,35.16289138793945,3785
2016-08-02,34.0,35.97999954223633,34.0,34.400001525878906,33.62812042236328,575
2016-08-03,34.13999938964844,35.0,34.02000045776367,35.0,34.214656829833984,250
2016-08-04,35.0,35.0,35.0,35.0,34.214656829833984,0
2016-08-05,34.41999816894531,35.400001525878906,34.400001525878906,35.400001525878906,34.605682373046875,1505
2016-08-08,34.400001525878906,35.79999923706055,34.400001525878906,35.79999923706055,34.9967041015625,1475
2016-08-09,35.79999923706055,35.79999923706055,35.79999923706055,35.79999923706055,34.9967041015625,0
2016-08-10,34.400001525878906,34.400001525878906,32.66999816894531,32.66999816894531,31.936933517456055,140
2016-08-11,36.0,36.0,33.0,35.599998474121094,34.80119323730469,1690
2016-08-12,35.0,35.97999954223633,32.599998474121094,35.33000183105469,34.537254333496094,940
2016-08-16,34.79999923706055,34.79999923706055,34.79999923706055,34.79999923706055,34.019142150878906,5
2016-08-17,34.79999923706055,34.79999923706055,34.79999923706055,34.79999923706055,34.019142150878906,0
2016-08-18,34.79999923706055,34.79999923706055,34.79999923706055,34.79999923706055,34.019142150878906,0
2016-08-19,34.0,34.0,34.0,34.0,33.23709487915039,505
2016-08-22,36.59000015258789,36.59000015258789,36.59000015258789,36.59000015258789,35.76898193359375,500
2016-08-23,33.0,33.0,33.0,33.0,32.25953674316406,105
2016-08-24,35.970001220703125,35.970001220703125,30.0,31.059999465942383,30.36306381225586,14020
2016-08-25,31.020000457763672,31.989999771118164,30.030000686645508,31.989999771118164,31.27219581604004,1280
2016-08-26,30.420000076293945,30.420000076293945,30.0,30.049999237060547,29.3757266998291,2380
2016-08-29,30.200000762939453,31.56999969482422,29.799999237060547,31.559999465942383,30.851844787597656,1030
2016-08-30,32.779998779296875,32.779998779296875,30.0,30.0,29.32684898376465,3875
2016-08-31,28.739999771118164,31.600000381469727,28.739999771118164,31.600000381469727,30.890949249267578,495
2016-09-01,29.760000228881836,31.700000762939453,27.270000457763672,28.290000915527344,27.655216217041016,3770
2016-09-02,28.399999618530273,29.700000762939453,28.020000457763672,29.700000762939453,29.03358268737793,1070
2016-09-06,29.600000381469727,29.799999237060547,29.600000381469727,29.799999237060547,29.13133430480957,1170
2016-09-07,28.459999084472656,28.600000381469727,28.440000534057617,28.600000381469727,27.958263397216797,255
2016-09-08,29.399999618530273,29.399999618530273,29.399999618530273,29.399999618530273,28.740310668945312,300
2016-09-09,30.799999237060547,30.799999237060547,30.799999237060547,30.799999237060547,30.108898162841797,200
2016-09-12,30.780000686645508,31.18000030517578,30.780000686645508,30.799999237060547,30.108898162841797,1125
2016-09-14,30.799999237060547,30.799999237060547,30.799999237060547,30.799999237060547,30.108898162841797,0
2016-09-15,31.270000457763672,31.270000457763672,31.270000457763672,31.270000457763672,30.5683536529541,100
2016-09-16,31.600000381469727,31.600000381469727,30.0,31.600000381469727,30.890949249267578,760
2016-09-19,31.959999084472656,31.979999542236328,30.399999618530273,31.43000030517578,30.724761962890625,930
2016-09-20,30.600000381469727,31.739999771118164,30.110000610351562,30.1200008392334,29.444156646728516,785
2016-09-21,31.200000762939453,31.6200008392334,31.0,31.6200008392334,30.910499572753906,5180
2016-09-22,32.7599983215332,33.20000076293945,32.7599983215332,33.20000076293945,32.97649383544922,1805
2016-09-23,33.0,34.86000061035156,33.0,34.86000061035156,34.62532043457031,2160
2016-09-26,36.599998474121094,36.599998474121094,36.599998474121094,36.599998474121094,36.353607177734375,1980
2016-09-27,38.43000030517578,38.43000030517578,38.43000030517578,38.43000030517578,38.171287536621094,2275
2016-09-28,40.349998474121094,40.349998474121094,40.349998474121094,40.349998474121094,40.0783576965332,85
2016-09-29,41.83000183105469,41.83000183105469,39.81999969482422,41.779998779296875,41.49873352050781,12685
2016-09-30,41.779998779296875,41.83000183105469,41.400001525878906,41.81999969482422,41.53846740722656,14205
2016-10-03,42.0,43.90999984741211,39.93000030517578,43.90999984741211,43.61439514160156,4115
2016-10-04,46.0,46.0,41.79999923706055,44.79999923706055,44.4984016418457,3565
2016-10-05,43.9900016784668,45.0,42.79999923706055,43.54999923706055,43.25681686401367,2050
2016-10-06,45.400001525878906,45.400001525878906,43.20000076293945,43.79999923706055,43.50513458251953,2255
2016-10-07,41.630001068115234,45.400001525878906,41.630001068115234,42.16999816894531,41.8861083984375,735
2016-10-10,43.0,44.27000045776367,41.63999938964844,43.68000030517578,43.38594436645508,9150
2016-10-13,43.68000030517578,43.68000030517578,43.68000030517578,43.68000030517578,43.38594436645508,0
2016-10-14,41.630001068115234,43.83000183105469,41.630001068115234,43.79999923706055,43.50513458251953,1605
2016-10-17,41.72999954223633,43.529998779296875,41.61000061035156,43.529998779296875,43.23695373535156,725
2016-10-18,43.529998779296875,43.529998779296875,43.529998779296875,43.529998779296875,43.23695373535156,0
2016-10-19,41.400001525878906,43.689998626708984,41.36000061035156,41.380001068115234,41.1014289855957,10380
2016-10-20,39.31999969482422,43.439998626708984,39.31999969482422,43.40999984741211,43.11776351928711,9875
2016-10-21,44.0,45.58000183105469,41.45000076293945,45.58000183105469,45.273155212402344,12280
2016-10-24,47.310001373291016,47.849998474121094,43.61000061035156,47.63999938964844,47.31928253173828,3295
2016-10-25,45.65999984741211,49.97999954223633,45.65999984741211,49.099998474121094,48.76945495605469,2050
2016-10-26,49.099998474121094,49.099998474121094,49.099998474121094,49.099998474121094,48.76945495605469,0
2016-10-27,49.97999954223633,51.54999923706055,49.97999954223633,51.43000030517578,51.083770751953125,800
2016-10-28,48.900001525878906,54.0,48.86000061035156,53.790000915527344,53.42788314819336,3125
2016-11-01,54.0,54.0,51.29999923706055,51.29999923706055,50.95464324951172,5610
2016-11-02,48.81999969482422,48.849998474121094,48.81999969482422,48.849998474121094,48.52113723754883,55
2016-11-03,51.20000076293945,51.290000915527344,51.20000076293945,51.290000915527344,50.94470977783203,910
2016-11-04,53.849998474121094,53.849998474121094,51.599998474121094,52.0,51.649932861328125,6550
2016-11-07,52.0,54.599998474121094,52.0,54.599998474121094,54.232425689697266,5220
2016-11-08,56.97999954223633,57.33000183105469,54.0,57.119998931884766,56.73546600341797,7005
2016-11-09,54.27000045776367,54.27000045776367,54.27000045776367,54.27000045776367,53.9046516418457,2135
2016-11-10,54.25,56.900001525878906,54.25,56.900001525878906,56.516944885253906,533
2016-11-11,59.70000076293945,59.70000076293945,56.0,59.70000076293945,59.298095703125,598
2016-11-15,57.5,61.0,56.75,56.75,56.36795425415039,1015
2016-11-16,53.95000076293945,53.95000076293945,53.95000076293945,53.95000076293945,53.58680725097656,275
2016-11-17,53.95000076293945,56.599998474121094,51.5,53.95000076293945,53.58680725097656,862
2016-11-18,51.29999923706055,56.29999923706055,51.29999923706055,55.29999923706055,54.92771530151367,1071
2016-11-21,52.70000076293945,52.70000076293945,52.599998474121094,52.599998474121094,52.24589157104492,110
2016-11-22,54.5,54.5,51.0,54.5,54.13310241699219,155
2016-11-23,52.0,52.0,52.0,52.0,51.649932861328125,80
2016-11-24,49.45000076293945,53.400001525878906,49.45000076293945,49.45000076293945,49.11709976196289,232
2016-11-25,49.0,51.79999923706055,47.0,51.79999923706055,51.45127487182617,920
2016-11-28,49.25,53.29999923706055,49.25,53.29999923706055,52.94117736816406,205
2016-11-29,52.20000076293945,52.20000076293945,51.0,51.0,50.65666580200195,101
2016-11-30,48.5,50.95000076293945,48.5,50.95000076293945,50.60700225830078,124
2016-12-01,49.0,49.0,48.45000076293945,48.45000076293945,48.12383270263672,215
2016-12-02,48.20000076293945,50.849998474121094,46.04999923706055,50.349998474121094,50.01103973388672,126
2016-12-05,50.0,50.0,47.849998474121094,47.849998474121094,47.52786636352539,535
2016-12-06,46.0,50.20000076293945,46.0,48.849998474121094,48.52113723754883,924
2016-12-07,48.04999923706055,48.04999923706055,48.04999923706055,48.04999923706055,47.726524353027344,170
2016-12-08,48.04999923706055,48.04999923706055,48.04999923706055,48.04999923706055,47.726524353027344,55
2016-12-09,45.650001525878906,49.5,45.650001525878906,48.79999923706055,48.471473693847656,164
2016-12-12,46.400001525878906,46.400001525878906,46.400001525878906,46.400001525878906,46.0876350402832,11
2016-12-13,44.400001525878906,46.400001525878906,44.400001525878906,46.400001525878906,46.0876350402832,200
2016-12-14,44.5,48.349998474121094,44.5,48.349998474121094,48.024505615234375,1426
2016-12-15,48.349998474121094,48.349998474121094,48.349998474121094,48.349998474121094,48.024505615234375,0
2016-12-16,45.95000076293945,48.400001525878906,45.95000076293945,48.400001525878906,48.07416915893555,20
2016-12-19,49.0,49.0,49.0,49.0,48.670127868652344,12
2016-12-20,49.0,49.0,49.0,49.0,48.670127868652344,1
2016-12-21,46.54999923706055,46.54999923706055,46.54999923706055,46.54999923706055,46.23661804199219,300
2016-12-22,44.25,48.849998474121094,44.25,48.400001525878906,48.07416915893555,95
2016-12-23,48.400001525878906,48.400001525878906,48.400001525878906,48.400001525878906,48.07416915893555,0
2016-12-26,48.900001525878906,48.95000076293945,48.900001525878906,48.900001525878906,48.57080078125,1005
2016-12-27,46.5,46.5,46.5,46.5,46.18695831298828,1
2016-12-28,44.349998474121094,45.0,44.20000076293945,44.20000076293945,43.902442932128906,9558
2016-12-29,44.20000076293945,44.20000076293945,44.20000076293945,44.20000076293945,43.902442932128906,0
2016-12-30,44.0,44.0,44.0,44.0,43.70378875732422,5
2017-01-02,44.0,44.0,44.0,44.0,43.70378875732422,0
2017-01-03,46.0,46.0,41.95000076293945,42.04999923706055,41.76691436767578,50
2017-01-04,42.04999923706055,44.150001525878906,42.04999923706055,42.29999923706055,42.01523208618164,115
2017-01-05,40.29999923706055,44.400001525878906,40.29999923706055,44.400001525878906,44.10110092163086,95
2017-01-06,46.0,46.0,46.0,46.0,45.69032669067383,105
2017-01-09,47.0,47.0,43.70000076293945,43.70000076293945,43.40580749511719,254
2017-01-10,42.0,42.0,42.0,42.0,41.71725082397461,150
2017-01-11,44.099998474121094,44.099998474121094,39.900001525878906,44.0,43.70378875732422,1055
2017-01-12,45.0,45.0,44.25,44.25,43.95210266113281,1050
2017-01-13,44.25,44.25,44.25,44.25,43.95210266113281,0
2017-01-16,44.0,44.0,43.0,43.0,42.71051788330078,3
2017-01-17,43.95000076293945,43.95000076293945,43.95000076293945,43.95000076293945,43.65412521362305,5
2017-01-18,43.95000076293945,43.95000076293945,43.95000076293945,43.95000076293945,43.65412521362305,0
2017-01-19,43.95000076293945,43.95000076293945,43.95000076293945,43.95000076293945,43.65412521362305,0
2017-01-20,45.5,45.5,45.5,45.5,45.19369125366211,10
2017-01-23,45.0,46.0,43.25,43.25,42.958839416503906,420
2017-01-24,43.25,43.25,43.25,43.25,42.958839416503906,0
2017-01-25,42.0,45.0,42.0,45.0,44.697052001953125,34
2017-01-27,47.25,47.25,43.650001525878906,44.150001525878906,43.852783203125,450
2017-01-30,44.150001525878906,44.150001525878906,44.150001525878906,44.150001525878906,43.852783203125,0
2017-01-31,42.099998474121094,42.25,42.099998474121094,42.25,41.96556854248047,150
2017-02-01,44.349998474121094,44.349998474121094,41.0,43.900001525878906,43.604461669921875,102
2017-02-02,42.5,42.5,42.5,42.5,42.213890075683594,10
2017-02-03,42.5,44.599998474121094,42.5,44.599998474121094,44.29974365234375,25
2017-02-06,44.5,44.5,42.400001525878906,42.400001525878906,42.114559173583984,346
2017-02-07,40.400001525878906,40.400001525878906,40.400001525878906,40.400001525878906,40.12802505493164,5
2017-02-08,41.099998474121094,42.400001525878906,41.0,41.150001525878906,40.87297821044922,1100
2017-02-09,41.20000076293945,42.0,41.20000076293945,42.0,41.71725082397461,800
2017-02-10,42.0,42.0,40.599998474121094,40.70000076293945,40.426002502441406,1195
2017-02-13,40.5,42.70000076293945,40.5,42.70000076293945,42.412540435791016,1173
2017-02-14,40.75,42.70000076293945,40.599998474121094,42.70000076293945,42.412540435791016,1160
2017-02-15,41.0,41.0,40.70000076293945,40.75,40.47566604614258,920
2017-02-16,38.79999923706055,42.70000076293945,38.79999923706055,40.79999923706055,40.525333404541016,2721
2017-02-17,41.0,41.0,39.20000076293945,40.20000076293945,39.92937469482422,2148
2017-02-20,40.20000076293945,40.20000076293945,40.20000076293945,40.20000076293945,39.92937469482422,0
2017-02-21,39.099998474121094,39.150001525878906,39.099998474121094,39.150001525878906,38.886436462402344,966
2017-02-22,40.5,40.5,38.0,38.0,37.744178771972656,340
2017-02-23,39.79999923706055,39.900001525878906,39.79999923706055,39.79999923706055,39.53206253051758,3445
2017-02-27,41.75,41.75,38.849998474121094,40.20000076293945,39.92937469482422,635
2017-02-28,40.20000076293945,40.900001525878906,38.70000076293945,40.900001525878906,40.62466049194336,140
2017-03-01,39.25,40.5,39.0,40.5,40.227352142333984,2301
2017-03-02,40.79999923706055,40.79999923706055,40.75,40.75,40.47566604614258,75
2017-03-03,40.75,40.75,40.75,40.75,40.47566604614258,0
2017-03-06,39.0,41.79999923706055,38.75,41.349998474121094,41.07162857055664,675
2017-03-07,41.349998474121094,41.349998474121094,41.349998474121094,41.349998474121094,41.07162857055664,0
2017-03-08,39.29999923706055,39.29999923706055,39.29999923706055,39.29999923706055,39.035430908203125,50
2017-03-09,40.0,40.0,39.95000076293945,39.95000076293945,39.681053161621094,2665
2017-03-10,39.95000076293945,39.95000076293945,39.95000076293945,39.95000076293945,39.681053161621094,0
2017-03-14,39.95000076293945,39.95000076293945,39.95000076293945,39.95000076293945,39.681053161621094,0
2017-03-15,40.5,40.5,38.099998474121094,40.400001525878906,40.12802505493164,2169
2017-03-16,40.45000076293945,41.5,39.0,40.5,40.227352142333984,860
2017-03-17,41.099998474121094,41.099998474121094,38.5,38.599998474121094,38.34014129638672,1505
2017-03-20,39.0,40.29999923706055,36.70000076293945,38.099998474121094,37.843505859375,2854
2017-03-21,38.5,39.79999923706055,36.70000076293945,39.70000076293945,39.432735443115234,1165
2017-03-22,39.95000076293945,39.95000076293945,37.79999923706055,39.5,39.23408508300781,1210
2017-03-23,37.599998474121094,39.5,37.54999923706055,39.20000076293945,38.93610382080078,2415
2017-03-24,38.95000076293945,38.95000076293945,38.95000076293945,38.95000076293945,38.68778610229492,10
2017-03-27,37.099998474121094,40.5,37.099998474121094,38.900001525878906,38.638126373291016,3229
2017-03-28,37.099998474121094,38.849998474121094,37.0,38.5,38.240814208984375,2032
2017-03-29,37.0,38.400001525878906,37.0,37.29999923706055,37.048892974853516,690
2017-03-30,38.900001525878906,38.95000076293945,38.900001525878906,38.95000076293945,38.68778610229492,8
2017-03-31,40.79999923706055,40.79999923706055,37.04999923706055,37.099998474121094,36.85023880004883,1535
2017-04-03,38.0,38.900001525878906,36.099998474121094,37.75,37.49586486816406,1225
2017-04-05,38.0,38.0,36.20000076293945,36.45000076293945,36.20461654663086,1800
2017-04-06,36.20000076293945,38.099998474121094,35.5,36.099998474121094,35.856971740722656,2492
2017-04-07,37.900001525878906,37.900001525878906,34.29999923706055,35.400001525878906,35.161685943603516,19404
2017-04-10,38.900001525878906,38.900001525878906,35.0,37.95000076293945,37.69451904296875,20267
2017-04-11,36.0,39.599998474121094,36.0,38.0,37.744178771972656,4622
2017-04-12,35.20000076293945,40.45000076293945,35.20000076293945,38.599998474121094,38.34014129638672,4358
2017-04-13,40.0,40.0,37.04999923706055,39.95000076293945,39.681053161621094,3806
2017-04-17,40.5,40.5,40.0,40.5,40.227352142333984,3595
2017-04-18,43.0,43.0,40.0,40.79999923706055,40.525333404541016,10665
2017-04-19,40.0,40.79999923706055,39.25,40.25,39.979034423828125,2889
2017-04-20,43.0,43.0,37.0,40.20000076293945,39.92937469482422,14629
2017-04-21,42.0,42.79999923706055,41.0,41.04999923706055,40.773643493652344,4592
2017-04-24,38.25,42.0,38.25,39.79999923706055,39.53206253051758,4780
2017-04-25,39.29999923706055,40.95000076293945,39.29999923706055,40.79999923706055,40.525333404541016,864
2017-04-26,40.70000076293945,41.849998474121094,40.0,41.650001525878906,41.36960983276367,2508
2017-04-27,39.25,41.75,39.25,41.75,41.468936920166016,200
2017-04-28,42.400001525878906,42.400001525878906,38.95000076293945,40.900001525878906,40.62466049194336,5584
2017-05-02,40.0,40.0,38.54999923706055,38.54999923706055,38.29048156738281,975
2017-05-03,38.45000076293945,40.0,38.45000076293945,39.849998474121094,39.581729888916016,1234
2017-05-04,38.400001525878906,38.70000076293945,36.849998474121094,37.150001525878906,36.89990234375,15641
2017-05-05,39.400001525878906,39.400001525878906,36.75,37.25,36.999229431152344,7374
2017-05-08,37.0,38.5,37.0,37.29999923706055,37.048892974853516,520
2017-05-09,37.95000076293945,37.95000076293945,35.849998474121094,36.400001525878906,36.15495300292969,1094
2017-05-10,37.5,37.5,37.5,37.5,37.24754333496094,310
2017-05-11,37.0,39.0,37.0,38.45000076293945,38.1911506652832,650
2017-05-12,38.5,38.79999923706055,35.650001525878906,38.45000076293945,38.1911506652832,5004
2017-05-15,39.849998474121094,39.900001525878906,36.5,36.95000076293945,36.70125198364258,2130
2017-05-16,36.0,38.0,36.0,38.0,37.744178771972656,1003
2017-05-17,38.0,38.0,38.0,38.0,37.744178771972656,0
2017-05-18,38.0,38.0,37.0,37.0,36.75091552734375,1100
2017-05-19,38.400001525878906,39.5,35.70000076293945,37.29999923706055,37.048892974853516,5021
2017-05-22,37.29999923706055,37.29999923706055,36.150001525878906,36.25,36.00596618652344,2424
2017-05-23,36.0,36.0,34.599998474121094,35.95000076293945,35.70798110961914,1352
2017-05-24,35.95000076293945,35.95000076293945,35.95000076293945,35.95000076293945,35.70798110961914,0
2017-05-25,37.95000076293945,38.0,37.95000076293945,38.0,37.744178771972656,4
2017-05-26,37.900001525878906,38.0,37.900001525878906,38.0,37.744178771972656,2000
2017-05-29,37.79999923706055,37.79999923706055,35.20000076293945,36.0,35.75764465332031,349
2017-05-30,37.95000076293945,37.95000076293945,35.04999923706055,37.54999923706055,37.297210693359375,1102
2017-05-31,37.45000076293945,37.45000076293945,35.099998474121094,35.099998474121094,34.863704681396484,10
2017-06-01,34.5,34.5,34.5,34.5,34.26774215698242,8
2017-06-02,34.5,34.5,34.5,34.5,34.26774215698242,0
2017-06-05,34.25,34.25,34.25,34.25,34.01942443847656,80
2017-06-06,36.0,37.599998474121094,33.400001525878906,37.599998474121094,37.34687423706055,295
2017-06-07,37.45000076293945,37.45000076293945,37.45000076293945,37.45000076293945,37.19788360595703,2
2017-06-08,37.45000076293945,37.45000076293945,37.45000076293945,37.45000076293945,37.19788360595703,0
2017-06-09,37.45000076293945,37.45000076293945,37.45000076293945,37.45000076293945,37.19788360595703,0
2017-06-12,33.04999923706055,33.5,31.399999618530273,32.79999923706055,32.579185485839844,2172
2017-06-13,35.29999923706055,35.29999923706055,35.29999923706055,35.29999923706055,35.06235885620117,100
2017-06-14,36.45000076293945,36.45000076293945,36.45000076293945,36.45000076293945,36.20461654663086,500
2017-06-15,40.79999923706055,40.79999923706055,31.0,33.95000076293945,33.7214469909668,7318
2017-06-16,35.5,37.400001525878906,34.0,35.0,34.76437759399414,9212
2017-06-19,36.0,36.0,36.0,36.0,35.75764465332031,100
2017-06-20,37.099998474121094,37.099998474121094,34.20000076293945,34.20000076293945,33.969764709472656,478
2017-06-21,30.600000381469727,40.0,30.600000381469727,39.54999923706055,39.28374481201172,7160
2017-06-22,40.79999923706055,40.79999923706055,36.0,37.54999923706055,37.297210693359375,4812
2017-06-23,35.95000076293945,38.900001525878906,32.150001525878906,35.29999923706055,35.06235885620117,1749
2017-06-27,38.900001525878906,39.0,36.0,39.0,38.737449645996094,2004
2017-06-28,38.75,38.75,38.75,38.75,38.489131927490234,10
2017-06-29,38.75,38.75,38.75,38.75,38.489131927490234,0
2017-06-30,38.75,38.75,38.75,38.75,38.489131927490234,0
2017-07-03,37.900001525878906,37.900001525878906,37.900001525878906,37.900001525878906,37.64485549926758,6
2017-07-04,38.0,38.0,34.04999923706055,34.5,34.26774215698242,1095
2017-07-05,34.20000076293945,37.0,34.0,34.099998474121094,33.87043380737305,805
2017-07-06,33.29999923706055,34.29999923706055,33.29999923706055,34.29999923706055,34.069091796875,2508
2017-07-07,36.95000076293945,36.95000076293945,36.95000076293945,36.95000076293945,36.70125198364258,20
2017-07-10,36.95000076293945,36.95000076293945,36.95000076293945,36.95000076293945,36.70125198364258,207
2017-07-11,33.25,37.5,33.25,37.400001525878906,37.148223876953125,294
2017-07-12,36.0,36.0,36.0,36.0,35.75764465332031,300
2017-07-13,34.5,35.0,33.0,34.04999923706055,33.820770263671875,6400
2017-07-14,32.0,35.45000076293945,32.0,34.95000076293945,34.714717864990234,75
2017-07-17,32.5,32.5,32.5,32.5,32.28120803833008,50
2017-07-18,33.0,33.0,33.0,33.0,32.7778434753418,49
2017-07-19,33.0,34.0,33.0,34.0,33.77111053466797,1100
2017-07-20,34.5,35.0,33.29999923706055,35.0,34.76437759399414,4224
2017-07-21,34.900001525878906,34.95000076293945,34.900001525878906,34.95000076293945,34.714717864990234,400
2017-07-24,33.20000076293945,34.849998474121094,29.100000381469727,30.5,30.294673919677734,67539
2017-07-25,32.400001525878906,32.400001525878906,26.899999618530273,27.600000381469727,27.414194107055664,459969
2017-07-26,28.5,28.799999237060547,25.25,25.850000381469727,25.675975799560547,100884
2017-07-27,25.899999618530273,28.450000762939453,24.549999237060547,25.0,24.83169937133789,141686
2017-07-28,24.75,25.5,23.0,24.049999237060547,23.888092041015625,118604
2017-07-31,23.549999237060547,24.950000762939453,23.100000381469727,24.299999237060547,24.136409759521484,13610
2017-08-01,23.399999618530273,26.700000762939453,23.399999618530273,26.700000762939453,26.520254135131836,41527
2017-08-02,27.850000381469727,28.399999618530273,25.299999237060547,27.850000381469727,27.662511825561523,24926
2017-08-03,26.549999237060547,28.350000381469727,26.049999237060547,26.350000381469727,26.172611236572266,12466
2017-08-04,26.100000381469727,26.25,25.049999237060547,25.600000381469727,25.42765998840332,3745
2017-08-07,24.350000381469727,25.75,24.350000381469727,25.149999618530273,24.980688095092773,2573
2017-08-08,24.25,25.950000762939453,24.25,25.399999618530273,25.229005813598633,5270
2017-08-09,24.649999618530273,25.299999237060547,24.600000381469727,24.700000762939453,24.53371810913086,3860
2017-08-10,25.399999618530273,25.399999618530273,24.5,24.799999237060547,24.633045196533203,2620
2017-08-11,23.399999618530273,24.799999237060547,23.399999618530273,23.549999237060547,23.39145851135254,3692
2017-08-14,24.0,24.75,23.0,23.100000381469727,22.944488525390625,5574
2017-08-16,24.899999618530273,24.899999618530273,22.200000762939453,22.649999618530273,22.49751853942871,7516
2017-08-17,24.799999237060547,24.899999618530273,21.799999237060547,24.75,24.58338165283203,24351
2017-08-18,24.100000381469727,25.200000762939453,24.049999237060547,24.649999618530273,24.484054565429688,1917
2017-08-21,25.399999618530273,25.399999618530273,24.5,25.25,25.080013275146484,604
2017-08-22,25.0,25.5,24.5,25.450000762939453,25.278669357299805,762
2017-08-23,25.0,25.5,25.0,25.149999618530273,24.980688095092773,1270
2017-08-24,25.100000381469727,25.5,25.049999237060547,25.100000381469727,24.9310245513916,500
2017-08-28,25.049999237060547,25.399999618530273,24.799999237060547,25.399999618530273,25.229005813598633,684
2017-08-29,25.399999618530273,27.0,25.399999618530273,26.100000381469727,25.924293518066406,3680
2017-08-30,26.049999237060547,26.200000762939453,25.0,25.299999237060547,25.12967872619629,3690
2017-08-31,25.950000762939453,26.450000762939453,25.0,26.299999237060547,26.12294578552246,2812
2017-09-01,26.649999618530273,26.649999618530273,25.950000762939453,26.100000381469727,25.924293518066406,4107
2017-09-04,26.950000762939453,28.25,26.299999237060547,27.0,26.818233489990234,5983
2017-09-05,27.950000762939453,28.399999618530273,27.149999618530273,28.200000762939453,28.010156631469727,5519
2017-09-06,28.350000381469727,28.350000381469727,25.399999618530273,26.0,25.824966430664062,10397
2017-09-07,25.149999618530273,25.950000762939453,25.0,25.149999618530273,24.980688095092773,4600
2017-09-08,25.899999618530273,25.899999618530273,25.25,25.649999618530273,25.47732162475586,1160
2017-09-11,25.950000762939453,25.950000762939453,24.600000381469727,25.399999618530273,25.229005813598633,2165
2017-09-12,24.549999237060547,25.950000762939453,24.5,25.950000762939453,25.775304794311523,2353
2017-09-13,26.899999618530273,26.899999618530273,25.5,25.5,25.328332901000977,865
2017-09-14,25.049999237060547,25.5,25.0,25.100000381469727,24.9310245513916,650
2017-09-15,26.399999618530273,26.450000762939453,24.549999237060547,24.75,24.58338165283203,2711
2017-09-18,24.549999237060547,25.5,24.549999237060547,25.049999237060547,24.881359100341797,1101
2017-09-19,25.450000762939453,25.450000762939453,24.549999237060547,24.600000381469727,24.434391021728516,4220
2017-09-20,24.5,25.299999237060547,24.100000381469727,25.299999237060547,25.170604705810547,488
2017-09-21,25.299999237060547,25.299999237060547,24.5,24.549999237060547,24.424442291259766,856
2017-09-22,25.0,25.0,23.600000381469727,23.600000381469727,23.47930145263672,1206
2017-09-25,23.600000381469727,23.950000762939453,23.0,23.5,23.379812240600586,3808
2017-09-26,23.0,23.950000762939453,22.549999237060547,23.950000762939453,23.827510833740234,1693
2017-09-27,24.450000762939453,24.450000762939453,23.0,24.450000762939453,24.324953079223633,2219
2017-09-28,23.549999237060547,24.25,23.0,23.350000381469727,23.230579376220703,3605
2017-09-29,23.299999237060547,23.700000762939453,23.049999237060547,23.700000762939453,23.57878875732422,600
2017-10-03,24.399999618530273,25.399999618530273,23.049999237060547,23.899999618530273,23.77776527404785,3350
2017-10-04,23.299999237060547,24.0,23.049999237060547,24.0,23.877256393432617,2263
2017-10-05,23.0,24.75,23.0,24.0,23.877256393432617,123
2017-10-06,24.350000381469727,24.399999618530273,24.350000381469727,24.399999618530273,24.275209426879883,2
2017-10-09,24.450000762939453,25.0,23.0,23.299999237060547,23.18083381652832,8932
2017-10-10,24.399999618530273,24.450000762939453,23.0,23.950000762939453,23.827510833740234,372
2017-10-11,24.450000762939453,24.5,23.149999618530273,23.75,23.6285343170166,2114
2017-10-12,23.75,23.75,23.100000381469727,23.450000762939453,23.33007049560547,4118
2017-10-13,23.0,24.399999618530273,23.0,23.350000381469727,23.230579376220703,7517
2017-10-16,23.950000762939453,23.950000762939453,22.049999237060547,23.0,22.882369995117188,6281
2017-10-17,23.75,23.75,20.649999618530273,22.0,21.887483596801758,23785
2017-10-18,22.450000762939453,22.450000762939453,21.5,21.5,21.390039443969727,5040
2017-10-19,22.899999618530273,22.950000762939453,22.899999618530273,22.950000762939453,22.832626342773438,1012
2017-10-23,22.049999237060547,23.0,22.049999237060547,22.700000762939453,22.583904266357422,11878
2017-10-24,23.149999618530273,23.149999618530273,22.299999237060547,22.950000762939453,22.832626342773438,214
2017-10-25,23.299999237060547,23.299999237060547,22.100000381469727,22.350000381469727,22.235692977905273,1284
2017-10-26,23.0,23.0,20.0,20.950000762939453,20.842853546142578,36687
2017-10-27,21.450000762939453,21.450000762939453,19.799999237060547,20.149999618530273,20.04694366455078,43221
2017-10-30,20.100000381469727,20.799999237060547,19.899999618530273,20.149999618530273,20.04694366455078,29370
2017-10-31,20.700000762939453,20.700000762939453,19.600000381469727,19.75,19.648990631103516,4128
2017-11-01,20.0,20.5,19.700000762939453,20.149999618530273,20.04694366455078,2566
2017-11-02,20.5,20.5,19.899999618530273,20.0,19.89771270751953,14517
2017-11-03,20.0,20.399999618530273,19.75,20.399999618530273,20.295665740966797,4104
2017-11-06,20.450000762939453,20.450000762939453,19.5,20.0,19.89771270751953,3541
2017-11-07,20.450000762939453,20.450000762939453,19.5,19.700000762939453,19.5992488861084,6318
2017-11-08,20.0,20.399999618530273,20.0,20.0,19.89771270751953,9977
2017-11-09,20.299999237060547,20.299999237060547,19.549999237060547,19.799999237060547,19.698734283447266,3837
2017-11-10,20.0,20.350000381469727,19.950000762939453,20.350000381469727,20.245922088623047,5915
2017-11-13,20.350000381469727,20.350000381469727,19.75,19.75,19.648990631103516,3362
2017-11-14,20.25,20.299999237060547,19.700000762939453,19.700000762939453,19.5992488861084,1420
2017-11-15,19.549999237060547,19.700000762939453,19.450000762939453,19.450000762939453,19.350526809692383,909
2017-11-16,19.399999618530273,20.700000762939453,19.350000381469727,19.950000762939453,19.84796905517578,4830
2017-11-17,19.5,20.5,19.5,20.25,20.146434783935547,2421
2017-11-20,20.200000762939453,20.25,19.700000762939453,19.700000762939453,19.5992488861084,1350
2017-11-21,19.700000762939453,20.5,19.700000762939453,20.450000762939453,20.34541130065918,6900
2017-11-22,20.5,20.899999618530273,18.700000762939453,19.200000762939453,19.101804733276367,19426
2017-11-23,19.0,22.25,18.899999618530273,21.649999618530273,21.539274215698242,33523
2017-11-24,22.0,22.0,20.549999237060547,21.200000762939453,21.091575622558594,5590
2017-11-27,21.5,22.399999618530273,21.100000381469727,21.200000762939453,21.091575622558594,2301
2017-11-28,21.299999237060547,21.5,21.0,21.100000381469727,20.992088317871094,1945
2017-11-29,21.0,21.549999237060547,20.549999237060547,21.299999237060547,21.191064834594727,3345
2017-11-30,20.600000381469727,22.0,20.600000381469727,21.700000762939453,21.589017868041992,2433
2017-12-01,21.149999618530273,21.899999618530273,21.149999618530273,21.700000762939453,21.589017868041992,1223
2017-12-04,21.149999618530273,21.5,21.0,21.5,21.390039443969727,2143
2017-12-05,21.049999237060547,21.299999237060547,21.0,21.299999237060547,21.191064834594727,476
2017-12-06,20.799999237060547,21.799999237060547,20.799999237060547,21.799999237060547,21.688505172729492,616
2017-12-07,21.100000381469727,21.100000381469727,21.049999237060547,21.049999237060547,20.94234275817871,420
2017-12-08,21.799999237060547,21.799999237060547,21.0,21.0,20.892597198486328,1636
2017-12-11,21.5,21.899999618530273,20.200000762939453,21.0,20.892597198486328,2798
2017-12-12,20.25,21.0,20.100000381469727,20.149999618530273,20.04694366455078,3043
2017-12-13,20.25,21.049999237060547,20.0,21.0,20.892597198486328,4165
2017-12-14,20.5,20.600000381469727,20.5,20.549999237060547,20.44489860534668,1600
2017-12-15,21.450000762939453,21.450000762939453,20.5,20.5,20.395156860351562,165
2017-12-18,20.5,20.5,20.5,20.5,20.395156860351562,0
2017-12-19,21.0,21.0,21.0,21.0,20.892597198486328,700
2017-12-20,20.149999618530273,20.950000762939453,20.149999618530273,20.600000381469727,20.494644165039062,760
2017-12-21,21.399999618530273,21.850000381469727,21.049999237060547,21.850000381469727,21.738252639770508,2420
2017-12-22,21.600000381469727,21.899999618530273,21.0,21.5,21.390039443969727,2500
2017-12-26,21.899999618530273,21.899999618530273,21.5,21.899999618530273,21.787994384765625,530
2017-12-27,22.0,22.0,21.149999618530273,21.950000762939453,21.837739944458008,4401
2017-12-28,22.0,22.0,21.549999237060547,22.0,21.887483596801758,7929
2017-12-29,22.399999618530273,22.399999618530273,21.5,21.600000381469727,21.489530563354492,7477
2018-01-01,21.5,22.899999618530273,21.5,22.549999237060547,22.434669494628906,5913
2018-01-02,22.899999618530273,23.299999237060547,21.25,22.5,22.384925842285156,3793
2018-01-03,22.75,22.75,22.149999618530273,22.299999237060547,22.18594741821289,1780
2018-01-04,23.0,25.899999618530273,22.75,24.950000762939453,24.822397232055664,26273
2018-01-05,25.200000762939453,27.399999618530273,24.600000381469727,26.149999618530273,26.016258239746094,21968
2018-01-08,26.25,26.5,24.25,25.299999237060547,25.170604705810547,8398
2018-01-09,25.5,25.5,24.049999237060547,25.0,24.872140884399414,3411
2018-01-10,26.0,26.0,25.0,25.799999237060547,25.668048858642578,2792
2018-01-11,27.0,27.0,24.549999237060547,24.75,24.6234188079834,4062
2018-01-12,25.75,26.799999237060547,24.25,25.350000381469727,25.220352172851562,5614
2018-01-15,26.950000762939453,27.0,24.0,25.799999237060547,25.668048858642578,2008
2018-01-16,24.049999237060547,25.0,24.049999237060547,24.049999237060547,23.926998138427734,205
2018-01-17,23.549999237060547,24.899999618530273,23.549999237060547,24.049999237060547,23.926998138427734,323
2018-01-18,25.200000762939453,25.399999618530273,23.799999237060547,24.049999237060547,23.926998138427734,771
2018-01-19,23.549999237060547,24.950000762939453,21.649999618530273,23.049999237060547,22.932113647460938,1080
2018-01-22,23.850000381469727,24.700000762939453,23.850000381469727,24.0,23.877256393432617,3083
2018-01-23,22.600000381469727,24.450000762939453,22.600000381469727,24.450000762939453,24.324953079223633,5194
2018-01-24,24.899999618530273,24.899999618530273,22.299999237060547,22.600000381469727,22.48441505432129,7225
2018-01-25,23.0,23.0,23.0,23.0,22.882369995117188,121
2018-01-29,24.600000381469727,24.600000381469727,21.0,21.75,21.638761520385742,11124
2018-01-30,21.0,23.5,20.75,22.25,22.136205673217773,4671
2018-01-31,22.0,22.5,20.75,21.100000381469727,20.992088317871094,2962
2018-02-01,21.049999237060547,23.799999237060547,21.0,21.100000381469727,20.992088317871094,513
2018-02-02,21.0,21.0,18.25,19.100000381469727,19.002315521240234,1961
2018-02-05,18.899999618530273,20.399999618530273,18.100000381469727,19.850000381469727,19.74847984313965,2790
2018-02-06,18.25,20.899999618530273,18.25,19.799999237060547,19.698734283447266,1881
2018-02-07,20.5,20.5,20.25,20.299999237060547,20.196178436279297,13112
2018-02-08,20.100000381469727,21.0,20.0,20.600000381469727,20.494644165039062,12177
2018-02-09,23.5,23.5,19.0,20.549999237060547,20.44489860534668,34412
2018-02-12,21.5,22.200000762939453,20.100000381469727,21.149999618530273,21.04183006286621,6153
2018-02-14,22.0,22.0,20.600000381469727,20.799999237060547,20.693620681762695,4698
2018-02-15,20.200000762939453,20.5,20.200000762939453,20.25,20.146434783935547,1640
2018-02-16,19.0,21.100000381469727,18.25,21.100000381469727,20.992088317871094,585
2018-02-19,21.950000762939453,22.799999237060547,20.5,20.5,20.395156860351562,2065
2018-02-20,20.0,21.0,20.0,21.0,20.892597198486328,190
2018-02-21,20.299999237060547,21.0,20.200000762939453,21.0,20.892597198486328,641
2018-02-22,21.0,21.0,19.950000762939453,19.950000762939453,19.84796905517578,150
2018-02-23,19.450000762939453,22.450000762939453,19.350000381469727,21.100000381469727,20.992088317871094,4100
2018-02-26,21.100000381469727,21.100000381469727,19.649999618530273,20.049999237060547,19.94745635986328,6007
2018-02-27,20.950000762939453,20.950000762939453,20.0,20.0,19.89771270751953,1130
2018-02-28,20.850000381469727,20.850000381469727,17.649999618530273,18.200000762939453,18.106918334960938,18840
2018-03-01,19.600000381469727,21.0,18.5,19.950000762939453,19.84796905517578,36899
2018-03-05,18.25,20.5,18.25,20.049999237060547,19.94745635986328,5029
2018-03-06,20.450000762939453,20.450000762939453,19.25,19.649999618530273,19.549503326416016,1196
2018-03-07,19.0,20.700000762939453,18.350000381469727,18.850000381469727,18.75359535217285,1724
2018-03-08,20.0,20.299999237060547,18.100000381469727,18.75,18.654104232788086,2340
2018-03-09,18.899999618530273,19.850000381469727,18.5,18.5,18.405384063720703,2079
2018-03-12,18.200000762939453,19.450000762939453,18.0,18.100000381469727,18.007431030273438,4930
2018-03-13,18.899999618530273,19.299999237060547,18.25,19.0,18.9028263092041,2814
2018-03-14,19.0,19.0,19.0,19.0,18.9028263092041,1020
2018-03-15,19.450000762939453,19.450000762939453,18.149999618530273,19.200000762939453,19.101804733276367,2123
2018-03-16,19.5,19.5,18.100000381469727,18.399999618530273,18.30589485168457,15096
2018-03-19,18.049999237060547,18.049999237060547,17.549999237060547,17.549999237060547,17.460243225097656,6583
2018-03-20,17.549999237060547,18.5,17.100000381469727,18.5,18.405384063720703,9269
2018-03-21,18.899999618530273,18.899999618530273,17.450000762939453,17.549999237060547,17.460243225097656,7865
2018-03-22,17.549999237060547,17.549999237060547,17.25,17.25,17.16177749633789,120
2018-03-23,17.200000762939453,17.200000762939453,17.149999618530273,17.200000762939453,17.112031936645508,1015
2018-03-26,17.25,17.25,16.25,16.75,16.664335250854492,3642
2018-03-27,16.200000762939453,17.799999237060547,16.200000762939453,16.299999237060547,16.21663475036621,631
2018-03-28,16.299999237060547,16.299999237060547,15.449999809265137,15.550000190734863,15.47047233581543,2596
2018-04-02,15.5,16.5,15.5,16.100000381469727,16.017658233642578,30
2018-04-03,15.449999809265137,17.149999618530273,15.449999809265137,16.950000762939453,16.863313674926758,437
2018-04-04,16.0,17.149999618530273,16.0,17.0,16.913055419921875,207
2018-04-05,15.75,17.899999618530273,15.600000381469727,17.799999237060547,17.70896339416504,4000
2018-04-06,17.0,17.899999618530273,17.0,17.899999618530273,17.808452606201172,742
2018-04-09,17.950000762939453,19.100000381469727,17.049999237060547,18.899999618530273,18.8033390045166,5659
2018-04-10,18.899999618530273,18.899999618530273,18.899999618530273,18.899999618530273,18.8033390045166,0
2018-04-11,17.399999618530273,19.100000381469727,17.399999618530273,18.950000762939453,18.85308265686035,1637
2018-04-12,19.100000381469727,19.100000381469727,17.450000762939453,18.950000762939453,18.85308265686035,18
2018-04-13,18.950000762939453,18.950000762939453,17.549999237060547,18.899999618530273,18.8033390045166,201
2018-04-16,19.0,19.0,19.0,19.0,18.9028263092041,800
2018-04-17,18.950000762939453,18.950000762939453,18.399999618530273,18.450000762939453,18.355640411376953,600
2018-04-18,18.5,18.5,18.5,18.5,18.405384063720703,300
2018-04-19,17.549999237060547,18.450000762939453,17.5,18.450000762939453,18.355640411376953,601
2018-04-20,17.600000381469727,17.600000381469727,17.600000381469727,17.600000381469727,17.509986877441406,50
2018-04-23,17.350000381469727,17.350000381469727,17.149999618530273,17.200000762939453,17.112031936645508,2241
2018-04-24,18.0,18.5,18.0,18.450000762939453,18.355640411376953,3275
2018-04-25,18.700000762939453,18.700000762939453,17.700000762939453,17.700000762939453,17.60947608947754,910
2018-04-26,19.0,19.100000381469727,17.549999237060547,17.549999237060547,17.460243225097656,403
2018-04-27,17.149999618530273,17.149999618530273,17.149999618530273,17.149999618530273,17.062288284301758,100
2018-04-30,18.899999618530273,18.899999618530273,18.899999618530273,18.899999618530273,18.8033390045166,100
2018-05-02,17.450000762939453,17.450000762939453,17.450000762939453,17.450000762939453,17.360754013061523,100
2018-05-03,19.049999237060547,19.100000381469727,18.5,18.5,18.405384063720703,274
2018-05-04,17.200000762939453,18.0,16.0,17.799999237060547,17.70896339416504,6661
2018-05-07,17.950000762939453,17.950000762939453,17.0,17.149999618530273,17.062288284301758,3172
2018-05-08,16.200000762939453,17.899999618530273,16.200000762939453,17.850000381469727,17.758708953857422,3030
2018-05-09,17.850000381469727,17.950000762939453,17.850000381469727,17.950000762939453,17.858198165893555,2000
2018-05-10,17.0,17.850000381469727,16.200000762939453,17.850000381469727,17.758708953857422,488
2018-05-11,17.799999237060547,17.799999237060547,17.799999237060547,17.799999237060547,17.70896339416504,35
2018-05-14,16.450000762939453,16.450000762939453,16.450000762939453,16.450000762939453,16.365869522094727,9
2018-05-15,16.600000381469727,16.600000381469727,16.200000762939453,16.200000762939453,16.11714744567871,4001
2018-05-16,16.149999618530273,17.299999237060547,16.0,17.25,17.16177749633789,1050
2018-05-17,17.350000381469727,17.350000381469727,16.049999237060547,16.200000762939453,16.11714744567871,565
2018-05-18,17.299999237060547,17.299999237060547,17.299999237060547,17.299999237060547,17.21152114868164,1
2018-05-21,16.5,17.450000762939453,15.0,17.399999618530273,17.31100845336914,751
2018-05-22,17.399999618530273,17.399999618530273,17.399999618530273,17.399999618530273,17.31100845336914,0
2018-05-23,17.399999618530273,17.399999618530273,17.399999618530273,17.399999618530273,17.31100845336914,0
2018-05-24,17.299999237060547,17.299999237060547,17.299999237060547,17.299999237060547,17.21152114868164,200
2018-05-25,17.299999237060547,17.299999237060547,16.0,17.25,17.16177749633789,6010
2018-05-28,16.25,16.25,16.25,16.25,16.16689109802246,1
2018-05-29,17.399999618530273,18.0,17.399999618530273,18.0,17.907939910888672,3367
2018-05-30,17.5,17.5,17.5,17.5,17.410499572753906,220
2018-05-31,16.600000381469727,17.5,16.549999237060547,17.5,17.410499572753906,1163
2018-06-01,16.649999618530273,16.649999618530273,16.549999237060547,16.549999237060547,16.465356826782227,801
2018-06-04,16.5,17.799999237060547,16.5,17.450000762939453,17.360754013061523,1100
2018-06-05,16.149999618530273,17.0,16.149999618530273,17.0,16.913055419921875,950
2018-06-06,17.0,17.0,17.0,17.0,16.913055419921875,0
2018-06-07,16.149999618530273,16.149999618530273,16.149999618530273,16.149999618530273,16.06740379333496,1925
2018-06-08,16.899999618530273,16.950000762939453,15.600000381469727,16.450000762939453,16.365869522094727,4082
2018-06-11,16.75,16.75,15.649999618530273,16.049999237060547,15.967912673950195,2913
2018-06-12,16.100000381469727,16.100000381469727,16.100000381469727,16.100000381469727,16.017658233642578,10
2018-06-13,16.899999618530273,16.899999618530273,16.5,16.850000381469727,16.763822555541992,760
2018-06-14,16.149999618530273,16.5,16.049999237060547,16.5,16.415613174438477,5920
2018-06-15,16.0,16.0,15.75,15.899999618530273,15.818680763244629,4380
2018-06-18,16.0,16.0,16.0,16.0,15.918169975280762,300
2018-06-19,15.5,15.5,15.199999809265137,15.199999809265137,15.122261047363281,5500
2018-06-20,15.0,15.800000190734863,14.550000190734863,15.800000190734863,15.719193458557129,202
2018-06-21,15.300000190734863,15.300000190734863,15.050000190734863,15.050000190734863,14.973029136657715,1800
2018-06-22,15.550000190734863,15.550000190734863,15.5,15.5,15.420726776123047,2
2018-06-25,16.049999237060547,16.049999237060547,16.049999237060547,16.049999237060547,15.967912673950195,1
2018-06-26,16.0,16.0,15.300000190734863,15.300000190734863,15.221750259399414,276
2018-06-27,14.550000190734863,14.550000190734863,14.550000190734863,14.550000190734863,14.4755859375,575
2018-06-28,13.850000381469727,14.949999809265137,13.850000381469727,14.949999809265137,14.873539924621582,501
2018-06-29,14.949999809265137,14.949999809265137,14.949999809265137,14.949999809265137,14.873539924621582,0
2018-07-02,15.09000015258789,15.09000015258789,15.09000015258789,15.09000015258789,15.012824058532715,301
2018-07-03,14.949999809265137,14.949999809265137,14.949999809265137,14.949999809265137,14.873539924621582,29
2018-07-04,14.949999809265137,14.949999809265137,14.949999809265137,14.949999809265137,14.873539924621582,0
2018-07-05,14.210000038146973,15.670000076293945,14.210000038146973,14.210000038146973,14.137324333190918,354
2018-07-06,14.920000076293945,14.920000076293945,14.920000076293945,14.920000076293945,14.843693733215332,100
2018-07-09,14.199999809265137,14.90999984741211,14.180000305175781,14.90999984741211,14.833745002746582,1624
2018-07-10,14.229999542236328,15.350000381469727,14.170000076293945,15.350000381469727,15.27149486541748,860
2018-07-11,15.350000381469727,15.350000381469727,15.350000381469727,15.350000381469727,15.27149486541748,0
2018-07-12,14.699999809265137,14.699999809265137,14.699999809265137,14.699999809265137,14.624817848205566,200
2018-07-13,14.199999809265137,14.199999809265137,13.970000267028809,14.149999618530273,14.077630996704102,951
2018-07-16,14.149999618530273,14.149999618530273,14.149999618530273,14.149999618530273,14.077630996704102,0
2018-07-17,13.449999809265137,13.5,13.449999809265137,13.460000038146973,13.39116096496582,439
2018-07-18,13.300000190734863,13.989999771118164,12.859999656677246,13.350000381469727,13.281723976135254,1937
2018-07-19,13.100000381469727,13.100000381469727,13.100000381469727,13.100000381469727,13.033002853393555,100
2018-07-20,13.100000381469727,13.100000381469727,13.100000381469727,13.100000381469727,13.033002853393555,0
2018-07-23,12.5,13.09000015258789,12.449999809265137,13.09000015258789,13.023053169250488,1000
2018-07-24,12.75,12.75,12.4399995803833,12.4399995803833,12.376376152038574,5815
2018-07-25,12.850000381469727,12.850000381469727,12.850000381469727,12.850000381469727,12.784280776977539,200
2018-07-26,12.899999618530273,12.899999618530273,12.3100004196167,12.899999618530273,12.834024429321289,668
2018-07-27,12.260000228881836,12.260000228881836,12.260000228881836,12.260000228881836,12.197298049926758,4546
2018-07-30,12.869999885559082,12.869999885559082,11.649999618530273,11.649999618530273,11.59041690826416,16687
2018-07-31,11.600000381469727,11.600000381469727,11.069999694824219,11.069999694824219,11.013383865356445,18962
2018-08-01,10.520000457763672,11.199999809265137,10.520000457763672,11.199999809265137,11.142719268798828,4343
2018-08-02,10.710000038146973,10.710000038146973,10.640000343322754,10.640000343322754,10.585583686828613,25814
2018-08-03,11.170000076293945,11.170000076293945,10.800000190734863,11.170000076293945,11.112873077392578,7337
2018-08-06,10.850000381469727,11.720000267028809,10.649999618530273,11.449999809265137,11.391439437866211,3185
2018-08-07,11.640000343322754,12.0,11.5,12.0,11.938628196716309,3303
2018-08-08,11.600000381469727,11.989999771118164,11.399999618530273,11.460000038146973,11.401389122009277,13787
2018-08-09,11.460000038146973,12.029999732971191,11.0600004196167,11.5600004196167,11.50087833404541,2805
2018-08-10,12.029999732971191,12.130000114440918,12.0,12.09000015258789,12.028167724609375,2612
2018-08-13,12.300000190734863,12.300000190734863,11.899999618530273,12.1899995803833,12.127655029296875,790
2018-08-14,12.0,12.789999961853027,12.0,12.789999961853027,12.724587440490723,2240
2018-08-16,13.289999961853027,13.40999984741211,13.289999961853027,13.390000343322754,13.321518898010254,760
2018-08-17,12.850000381469727,14.050000190734863,12.760000228881836,14.050000190734863,13.978143692016602,5637
2018-08-20,14.75,14.75,14.0,14.350000381469727,14.276609420776367,4488
2018-08-21,14.979999542236328,14.979999542236328,14.5,14.5,14.425841331481934,690
2018-08-23,15.100000381469727,15.149999618530273,14.0,14.0,13.928398132324219,401
2018-08-24,14.699999809265137,14.699999809265137,14.699999809265137,14.699999809265137,14.624817848205566,1700
2018-08-27,15.399999618530273,15.430000305175781,14.0,14.130000114440918,14.057733535766602,23094
2018-08-28,13.989999771118164,14.0,13.75,13.75,13.67967700958252,1308
2018-08-29,13.75,13.75,13.75,13.75,13.67967700958252,0
2018-08-30,14.0,14.0,13.199999809265137,14.0,13.928398132324219,3297
2018-08-31,14.0,14.0,13.470000267028809,13.670000076293945,13.600086212158203,2034
2018-09-03,13.5,14.0,13.449999809265137,13.5,13.43095588684082,3224
2018-09-04,13.5,14.0,13.449999809265137,13.949999809265137,13.878654479980469,1717
2018-09-05,14.0,14.0,13.600000381469727,13.670000076293945,13.600086212158203,773
2018-09-06,13.979999542236328,14.350000381469727,13.720000267028809,13.8100004196167,13.739371299743652,4530
2018-09-07,13.850000381469727,14.399999618530273,13.399999618530273,14.199999809265137,14.127375602722168,9564
2018-09-10,13.819999694824219,14.0,13.529999732971191,13.800000190734863,13.729421615600586,2163
2018-09-11,14.1899995803833,14.1899995803833,13.649999618530273,13.989999771118164,13.918450355529785,1099
2018-09-12,14.0,14.25,13.800000190734863,13.930000305175781,13.858757019042969,4164
2018-09-14,13.40999984741211,14.489999771118164,13.40999984741211,14.479999542236328,14.405943870544434,1172
2018-09-17,14.0,14.460000038146973,13.930000305175781,14.010000228881836,13.938347816467285,1639
2018-09-18,14.680000305175781,14.680000305175781,13.699999809265137,13.800000190734863,13.729421615600586,4681
2018-09-19,13.510000228881836,14.0,13.510000228881836,13.979999542236328,13.948932647705078,1153
2018-09-21,14.100000381469727,14.100000381469727,13.289999961853027,13.5,13.469999313354492,5236
2018-09-24,13.0,13.069999694824219,12.829999923706055,12.829999923706055,12.801488876342773,5280
2018-09-25,12.1899995803833,12.899999618530273,12.1899995803833,12.199999809265137,12.17288875579834,712
2018-09-26,12.8100004196167,12.8100004196167,11.600000381469727,12.5,12.472222328186035,1511
2018-09-27,13.119999885559082,13.119999885559082,11.949999809265137,11.960000038146973,11.933422088623047,647
2018-09-28,11.960000038146973,11.960000038146973,11.380000114440918,11.960000038146973,11.933422088623047,1406
2018-10-01,11.369999885559082,11.960000038146973,11.369999885559082,11.960000038146973,11.933422088623047,1268
2018-10-03,11.960000038146973,12.0,11.960000038146973,12.0,11.973333358764648,500
2018-10-04,12.0,12.0,12.0,12.0,11.973333358764648,5
2018-10-05,11.520000457763672,12.600000381469727,11.5,12.34000015258789,12.312577247619629,2773
2018-10-08,13.0,13.0,13.0,13.0,12.971111297607422,2
2018-10-09,14.270000457763672,14.270000457763672,14.270000457763672,14.270000457763672,14.238288879394531,1
2018-10-10,12.850000381469727,13.5,12.850000381469727,13.5,13.469999313354492,2053
2018-10-11,13.5,13.5,13.5,13.5,13.469999313354492,0
2018-10-12,13.5,14.600000381469727,12.850000381469727,14.0,13.968888282775879,1575
2018-10-15,13.5,13.649999618530273,12.609999656677246,12.699999809265137,12.671777725219727,951
2018-10-16,12.699999809265137,12.699999809265137,12.699999809265137,12.699999809265137,12.671777725219727,5
2018-10-17,12.899999618530273,13.0,12.0,12.020000457763672,11.99328899383545,4279
2018-10-19,11.75,12.989999771118164,11.75,12.0,11.973333358764648,1720
2018-10-22,12.989999771118164,12.989999771118164,11.75,11.75,11.723888397216797,1130
2018-10-23,11.25,12.899999618530273,11.25,11.75,11.723888397216797,3151
2018-10-24,12.699999809265137,12.699999809265137,12.699999809265137,12.699999809265137,12.671777725219727,500
2018-10-25,12.649999618530273,12.989999771118164,11.75,11.75,11.723888397216797,3041
2018-10-26,12.350000381469727,12.75,12.350000381469727,12.75,12.72166633605957,400
2018-10-29,12.75,12.75,12.479999542236328,12.479999542236328,12.452265739440918,1503
2018-10-30,12.720000267028809,12.739999771118164,12.25,12.25,12.222777366638184,1179
2018-10-31,11.75,12.75,11.75,12.75,12.72166633605957,615
2018-11-01,12.770000457763672,12.770000457763672,12.770000457763672,12.770000457763672,12.741622924804688,253
2018-11-02,14.0,14.0,12.25,13.399999618530273,13.370221138000488,160
2018-11-05,13.399999618530273,14.0,13.399999618530273,14.0,13.968888282775879,140
2018-11-06,14.0,14.100000381469727,13.899999618530273,14.100000381469727,14.068666458129883,753
2018-11-07,14.100000381469727,15.449999809265137,14.100000381469727,14.15999984741211,14.128533363342285,663
2018-11-09,15.569999694824219,15.569999694824219,12.800000190734863,14.5,14.467777252197266,4704
2018-11-12,14.5,14.5,14.5,14.5,14.467777252197266,0
2018-11-13,13.260000228881836,15.0,13.260000228881836,14.300000190734863,14.268221855163574,801
2018-11-14,12.869999885559082,13.0,12.869999885559082,13.0,12.971111297607422,576
2018-11-15,13.100000381469727,14.289999961853027,12.40999984741211,14.279999732971191,14.248266220092773,1123
2018-11-16,14.279999732971191,14.279999732971191,14.279999732971191,14.279999732971191,14.248266220092773,0
2018-11-19,14.279999732971191,14.279999732971191,14.279999732971191,14.279999732971191,14.248266220092773,500
2018-11-20,12.899999618530273,14.649999618530273,12.899999618530273,13.029999732971191,13.001044273376465,2657
2018-11-21,14.329999923706055,14.329999923706055,14.329999923706055,14.329999923706055,14.298154830932617,3
2018-11-22,14.329999923706055,14.739999771118164,14.329999923706055,14.739999771118164,14.707243919372559,64
2018-11-26,14.0,14.800000190734863,13.300000190734863,14.800000190734863,14.767110824584961,1159
2018-11-27,14.789999961853027,14.789999961853027,13.399999618530273,14.630000114440918,14.597488403320312,336
2018-11-28,14.630000114440918,14.630000114440918,14.630000114440918,14.630000114440918,14.597488403320312,0
2018-11-29,13.300000190734863,14.489999771118164,13.300000190734863,14.489999771118164,14.457799911499023,1436
2018-11-30,14.779999732971191,14.779999732971191,13.069999694824219,14.779999732971191,14.74715518951416,293
2018-12-03,14.59000015258789,14.59000015258789,14.59000015258789,14.59000015258789,14.557578086853027,200
2018-12-04,14.59000015258789,14.59000015258789,14.59000015258789,14.59000015258789,14.557578086853027,0
2018-12-05,14.289999961853027,14.289999961853027,13.199999809265137,14.239999771118164,14.208354949951172,2511
2018-12-06,12.949999809265137,12.949999809265137,12.949999809265137,12.949999809265137,12.921221733093262,5
2018-12-07,12.3100004196167,13.59000015258789,12.3100004196167,12.460000038146973,12.432311058044434,121
2018-12-10,12.850000381469727,13.079999923706055,12.850000381469727,13.0600004196167,13.030978202819824,23
2018-12-11,13.710000038146973,13.710000038146973,13.710000038146973,13.710000038146973,13.679533004760742,4
2018-12-12,13.050000190734863,13.050000190734863,13.050000190734863,13.050000190734863,13.020999908447266,100
2018-12-13,13.449999809265137,13.449999809265137,13.449999809265137,13.449999809265137,13.420110702514648,11
2018-12-14,12.779999732971191,14.0,12.779999732971191,13.930000305175781,13.899044036865234,218
2018-12-17,13.350000381469727,14.0,13.350000381469727,14.0,13.968888282775879,1058
2018-12-18,13.449999809265137,14.399999618530273,13.449999809265137,14.399999618530273,14.367999076843262,1200
2018-12-19,14.399999618530273,14.800000190734863,14.399999618530273,14.75,14.717222213745117,550
2018-12-20,14.100000381469727,15.0,14.0600004196167,14.130000114440918,14.098599433898926,751
2018-12-21,14.100000381469727,14.829999923706055,14.0,14.760000228881836,14.72719955444336,500
2018-12-24,15.100000381469727,15.489999771118164,14.550000190734863,15.300000190734863,15.265999794006348,6284
2018-12-26,15.0,16.059999465942383,14.760000228881836,16.059999465942383,16.024311065673828,7909
2018-12-27,16.5,16.860000610351562,16.010000228881836,16.860000610351562,16.822534561157227,3641
2018-12-28,17.649999618530273,17.700000762939453,17.59000015258789,17.700000762939453,17.660667419433594,6710
2018-12-31,18.579999923706055,18.579999923706055,18.579999923706055,18.579999923706055,18.538711547851562,1514
2019-01-01,19.5,19.5,19.25,19.5,19.456666946411133,14569
2019-01-02,20.450000762939453,20.450000762939453,20.25,20.450000762939453,20.404556274414062,23471
2019-01-03,21.450000762939453,21.450000762939453,19.450000762939453,19.700000762939453,19.65622329711914,26123
2019-01-04,19.100000381469727,19.100000381469727,18.75,18.75,18.708332061767578,6373
2019-01-07,19.450000762939453,19.450000762939453,18.299999237060547,18.299999237060547,18.25933265686035,641
2019-01-08,18.299999237060547,18.850000381469727,18.299999237060547,18.850000381469727,18.8081111907959,872
2019-01-09,18.299999237060547,19.75,18.299999237060547,19.700000762939453,19.65622329711914,2659
2019-01-10,19.600000381469727,20.5,19.600000381469727,20.149999618530273,20.105220794677734,1820
2019-01-11,19.899999618530273,20.350000381469727,19.5,19.700000762939453,19.65622329711914,2351
2019-01-14,20.0,20.649999618530273,19.5,20.649999618530273,20.604110717773438,6331
2019-01-15,20.450000762939453,21.0,20.149999618530273,20.850000381469727,20.803667068481445,4395
2019-01-16,21.0,21.200000762939453,20.799999237060547,21.200000762939453,21.152889251708984,4605
2019-01-17,21.200000762939453,21.200000762939453,20.5,20.5,20.454444885253906,4320
2019-01-18,20.25,20.899999618530273,20.0,20.350000381469727,20.304777145385742,2982
2019-01-21,21.200000762939453,21.200000762939453,20.0,20.0,19.955554962158203,2490
2019-01-22,20.649999618530273,20.799999237060547,20.649999618530273,20.799999237060547,20.75377655029297,7472
2019-01-23,21.5,21.5,20.5,20.5,20.454444885253906,2275
2019-01-24,21.0,21.5,19.5,19.850000381469727,19.805889129638672,10187
2019-01-25,18.950000762939453,20.799999237060547,18.950000762939453,20.25,20.204999923706055,4727
2019-01-28,19.5,21.25,19.5,20.950000762939453,20.903444290161133,4555
2019-01-29,21.5,21.950000762939453,21.0,21.75,21.7016658782959,1603
2019-01-30,22.450000762939453,22.450000762939453,20.700000762939453,21.0,20.953332901000977,2571
2019-01-31,20.200000762939453,22.0,20.149999618530273,21.0,20.953332901000977,4049
2019-02-01,21.600000381469727,21.600000381469727,20.600000381469727,21.100000381469727,21.053112030029297,2500
2019-02-04,20.100000381469727,21.0,20.049999237060547,20.049999237060547,20.005443572998047,4610
2019-02-05,20.399999618530273,21.049999237060547,19.049999237060547,20.5,20.454444885253906,3501
2019-02-06,19.549999237060547,19.600000381469727,19.5,19.549999237060547,19.506553649902344,1575
2019-02-07,17.600000381469727,19.5,17.600000381469727,19.0,18.95777702331543,2000
2019-02-08,17.350000381469727,17.350000381469727,17.299999237060547,17.299999237060547,17.261554718017578,175
2019-02-11,18.0,18.950000762939453,18.0,18.950000762939453,18.907888412475586,1273
2019-02-12,18.950000762939453,20.5,18.950000762939453,20.0,19.955554962158203,1932
2019-02-14,19.100000381469727,19.100000381469727,19.100000381469727,19.100000381469727,19.05755615234375,200
2019-02-15,19.5,19.5,17.200000762939453,19.5,19.456666946411133,9522
2019-02-18,20.0,20.0,18.0,18.049999237060547,18.0098876953125,1126
2019-02-19,19.0,19.5,18.0,19.5,19.456666946411133,6135
2019-02-20,19.5,19.5,17.700000762939453,18.950000762939453,18.907888412475586,4661
2019-02-21,18.950000762939453,19.5,18.950000762939453,19.5,19.456666946411133,2445
2019-02-22,20.350000381469727,20.350000381469727,18.100000381469727,18.25,18.209444046020508,1155
2019-02-25,18.149999618530273,18.649999618530273,18.149999618530273,18.649999618530273,18.60855484008789,9000
2019-02-26,19.450000762939453,19.5,16.799999237060547,17.450000762939453,17.411222457885742,9781
2019-02-27,18.5,19.149999618530273,18.0,19.149999618530273,19.10744285583496,1720
2019-02-28,19.0,19.5,17.600000381469727,19.0,18.95777702331543,1816
2019-03-01,20.399999618530273,20.399999618530273,18.0,18.75,18.708332061767578,3816
2019-03-05,20.350000381469727,20.350000381469727,19.100000381469727,19.950000762939453,19.90566635131836,4541
2019-03-06,20.0,20.0,19.0,19.5,19.456666946411133,301
2019-03-07,19.5,19.5,18.0,18.049999237060547,18.0098876953125,2590
2019-03-08,19.5,19.5,19.5,19.5,19.456666946411133,1005
2019-03-11,20.0,20.399999618530273,18.25,19.0,18.95777702331543,6932
2019-03-12,19.850000381469727,19.850000381469727,18.0,19.850000381469727,19.805889129638672,340
2019-03-13,20.0,20.0,19.850000381469727,19.950000762939453,19.90566635131836,1001
2019-03-14,19.5,21.450000762939453,19.5,20.5,20.454444885253906,2033
2019-03-15,21.100000381469727,21.100000381469727,19.5,19.950000762939453,19.90566635131836,1842
2019-03-18,20.0,21.299999237060547,20.0,21.149999618530273,21.102998733520508,15688
2019-03-19,23.149999618530273,23.149999618530273,21.0,21.200000762939453,21.152889251708984,15040
2019-03-20,21.5,21.950000762939453,21.0,21.25,21.202777862548828,1670
2019-03-22,21.200000762939453,21.700000762939453,19.700000762939453,21.350000381469727,21.302555084228516,1599
2019-03-25,22.0,22.0,20.700000762939453,21.0,20.953332901000977,2277
2019-03-26,21.0,22.700000762939453,21.0,21.75,21.7016658782959,4457
2019-03-27,20.549999237060547,21.0,20.100000381469727,20.549999237060547,20.504331588745117,712
2019-03-28,21.100000381469727,22.149999618530273,21.100000381469727,21.350000381469727,21.302555084228516,1393
2019-04-01,22.799999237060547,23.799999237060547,22.799999237060547,23.0,22.948888778686523,5012
2019-04-02,23.0,23.0,22.600000381469727,22.75,22.699443817138672,6010
2019-04-03,23.5,23.5,22.0,23.0,22.948888778686523,1626
2019-04-04,21.25,23.600000381469727,21.200000762939453,23.5,23.447776794433594,5855
2019-04-05,23.5,23.600000381469727,22.899999618530273,23.549999237060547,23.497665405273438,2901
2019-04-08,21.649999618530273,24.0,21.649999618530273,22.5,22.44999885559082,1548
2019-04-09,21.799999237060547,23.5,21.799999237060547,22.5,22.44999885559082,457
2019-04-10,24.0,24.799999237060547,23.5,24.0,23.946666717529297,2579
2019-04-11,24.899999618530273,24.899999618530273,22.049999237060547,23.75,23.697221755981445,651
2019-04-12,26.25,26.25,23.0,24.0,23.946666717529297,691
2019-04-15,24.0,24.0,23.0,23.0,22.948888778686523,1002
2019-04-16,21.549999237060547,23.350000381469727,21.549999237060547,22.0,21.95111083984375,3273
2019-04-18,22.5,22.5,22.5,22.5,22.44999885559082,520
2019-04-22,21.350000381469727,22.5,21.350000381469727,22.5,22.44999885559082,291
2019-04-23,21.350000381469727,23.5,21.350000381469727,23.5,23.447776794433594,981
2019-04-24,24.0,24.0,23.649999618530273,24.0,23.946666717529297,2410
2019-04-25,23.950000762939453,24.0,23.950000762939453,24.0,23.946666717529297,2000
2019-04-26,24.0,24.25,24.0,24.0,23.946666717529297,2167
2019-04-30,24.0,24.0,24.0,24.0,23.946666717529297,1075
2019-05-02,24.0,24.100000381469727,24.0,24.0,23.946666717529297,391
2019-05-03,23.899999618530273,23.899999618530273,22.25,22.25,22.2005558013916,5859
2019-05-06,22.25,22.5,22.25,22.25,22.2005558013916,525
2019-05-07,22.25,22.25,22.25,22.25,22.2005558013916,35
2019-05-08,22.25,22.25,22.25,22.25,22.2005558013916,0
2019-05-09,22.450000762939453,22.450000762939453,19.25,22.450000762939453,22.40011215209961,704
2019-05-10,24.0,24.0,23.0,23.299999237060547,23.248220443725586,54
2019-05-13,23.0,23.0,23.0,23.0,22.948888778686523,100
2019-05-14,19.5,22.75,19.5,22.5,22.44999885559082,5604
2019-05-15,22.5,22.5,22.0,22.0,21.95111083984375,749
2019-05-16,22.0,22.0,22.0,22.0,21.95111083984375,700
2019-05-17,22.5,22.5,20.5,20.75,20.703887939453125,1230
2019-05-20,19.5,23.5,19.5,21.700000762939453,21.651777267456055,5450
2019-05-21,22.0,22.0,19.649999618530273,20.399999618530273,20.354665756225586,2347
2019-05-22,20.0,21.950000762939453,20.0,20.0,19.955554962158203,800
2019-05-23,20.0,20.5,19.0,19.0,18.95777702331543,4317
2019-05-24,20.450000762939453,20.450000762939453,19.0,19.0,18.95777702331543,1790
2019-05-27,21.0,21.0,18.100000381469727,19.299999237060547,19.257110595703125,2279
2019-05-28,19.899999618530273,19.899999618530273,19.899999618530273,19.899999618530273,19.855777740478516,200
2019-05-29,20.100000381469727,20.100000381469727,19.5,19.5,19.456666946411133,233
2019-05-30,19.450000762939453,19.450000762939453,19.100000381469727,19.100000381469727,19.05755615234375,1150
2019-05-31,19.5,19.5,19.0,19.399999618530273,19.356887817382812,1322
2019-06-03,18.5,19.5,18.5,19.049999237060547,19.007665634155273,590
2019-06-04,18.75,19.5,18.75,19.25,19.20722198486328,887
2019-06-06,18.600000381469727,19.5,18.0,18.299999237060547,18.25933265686035,1918
2019-06-07,15.649999618530273,19.0,15.649999618530273,19.0,18.95777702331543,446
2019-06-10,18.75,18.75,18.25,18.25,18.209444046020508,670
2019-06-11,18.5,18.75,18.0,18.0,17.959999084472656,355
2019-06-12,16.25,18.75,16.25,18.75,18.708332061767578,510
2019-06-13,16.049999237060547,18.25,16.0,16.850000381469727,16.81255531311035,4002
2019-06-14,14.0,18.0,14.0,17.0,16.962221145629883,560
2019-06-17,17.0,17.0,17.0,17.0,16.962221145629883,195
2019-06-18,17.0,18.850000381469727,17.0,18.850000381469727,18.8081111907959,400
2019-06-19,18.5,18.850000381469727,18.0,18.5,18.45888900756836,675
2019-06-20,17.0,17.5,17.0,17.149999618530273,17.111888885498047,151
2019-06-21,17.149999618530273,17.149999618530273,17.149999618530273,17.149999618530273,17.111888885498047,0
2019-06-24,17.0,17.0,17.0,17.0,16.962221145629883,40
2019-06-25,18.450000762939453,18.450000762939453,17.5,18.200000762939453,18.159555435180664,625
2019-06-26,18.0,18.399999618530273,17.5,17.5,17.461111068725586,351
2019-06-27,18.0,18.0,17.5,17.5,17.461111068725586,170
2019-06-28,18.5,18.5,18.5,18.5,18.45888900756836,200
2019-07-01,18.5,18.5,18.5,18.5,18.45888900756836,0
2019-07-02,15.5,19.0,15.5,18.0,17.959999084472656,688
2019-07-03,18.5,18.5,18.5,18.5,18.45888900756836,430
2019-07-04,15.300000190734863,19.0,15.300000190734863,19.0,18.95777702331543,13416
2019-07-05,19.0,19.0,18.5,19.0,18.95777702331543,32804
2019-07-08,18.0,18.5,16.100000381469727,17.100000381469727,17.062000274658203,1302
2019-07-09,18.0,19.0,18.0,19.0,18.95777702331543,10006
2019-07-10,19.0,19.0,19.0,19.0,18.95777702331543,0
2019-07-11,18.0,18.0,17.049999237060547,18.0,17.959999084472656,102
2019-07-12,15.600000381469727,19.0,15.600000381469727,18.0,17.959999084472656,300
2019-07-15,18.5,18.5,17.0,18.0,17.959999084472656,3720
2019-07-16,17.399999618530273,18.850000381469727,17.399999618530273,18.0,17.959999084472656,520
2019-07-17,18.0,18.0,14.5,17.5,17.461111068725586,2890
2019-07-18,17.0,19.0,17.0,18.700000762939453,18.658445358276367,799
2019-07-19,15.199999809265137,19.0,15.199999809265137,18.5,18.45888900756836,40597
2019-07-22,18.5,18.5,16.0,17.100000381469727,17.062000274658203,1374
2019-07-23,18.0,18.0,16.0,16.0,15.964444160461426,223
2019-07-24,18.0,19.0,16.549999237060547,19.0,18.95777702331543,32938
2019-07-25,18.0,19.0,16.200000762939453,19.0,18.95777702331543,27843
2019-07-26,19.5,19.5,17.5,18.100000381469727,18.059778213500977,10336
2019-07-29,18.0,18.25,16.100000381469727,18.25,18.209444046020508,24
2019-07-30,19.0,19.0,18.5,18.600000381469727,18.558666229248047,2533
2019-07-31,18.5,18.850000381469727,15.800000190734863,18.100000381469727,18.059778213500977,5994
2019-08-01,18.899999618530273,18.899999618530273,18.0,18.0,17.959999084472656,1200
2019-08-02,18.0,19.0,18.0,18.75,18.708332061767578,2295
2019-08-05,18.899999618530273,19.0,18.899999618530273,19.0,18.95777702331543,6450
2019-08-06,18.899999618530273,18.950000762939453,18.899999618530273,18.950000762939453,18.907888412475586,1300
2019-08-07,18.950000762939453,19.0,18.5,18.5,18.45888900756836,10052
2019-08-08,18.5,18.5,18.5,18.5,18.45888900756836,50
2019-08-09,18.899999618530273,18.899999618530273,18.899999618530273,18.899999618530273,18.857999801635742,290
2019-08-13,19.0,19.5,19.0,19.5,19.456666946411133,750
2019-08-14,16.25,19.0,16.25,19.0,18.95777702331543,1760
2019-08-16,19.0,19.25,19.0,19.25,19.20722198486328,400
2019-08-19,19.0,19.0,18.5,18.5,18.45888900756836,1100
2019-08-20,19.100000381469727,19.100000381469727,19.100000381469727,19.100000381469727,19.05755615234375,477
2019-08-21,16.100000381469727,19.399999618530273,16.100000381469727,18.5,18.45888900756836,1565
2019-08-22,19.0,19.0,18.5,18.5,18.45888900756836,1010
2019-08-23,19.0,19.0,18.5,19.0,18.95777702331543,1874
2019-08-26,17.0,19.0,17.0,18.5,18.45888900756836,185
2019-08-27,17.0,18.5,17.0,18.0,17.959999084472656,1355
2019-08-28,16.25,18.5,16.25,18.5,18.45888900756836,571
2019-08-29,17.100000381469727,18.0,16.549999237060547,17.450000762939453,17.411222457885742,3543
2019-08-30,18.0,18.0,16.0,16.049999237060547,16.014331817626953,3040
2019-09-03,16.899999618530273,16.950000762939453,16.899999618530273,16.950000762939453,16.912334442138672,500
2019-09-04,17.0,17.0,15.25,16.049999237060547,16.014331817626953,562
2019-09-05,13.699999809265137,17.5,13.699999809265137,17.0,16.962221145629883,1002
2019-09-06,15.550000190734863,17.799999237060547,15.550000190734863,17.0,16.962221145629883,520
2019-09-09,17.850000381469727,17.850000381469727,17.850000381469727,17.850000381469727,17.810333251953125,300
2019-09-11,17.850000381469727,18.450000762939453,17.850000381469727,18.450000762939453,18.409000396728516,600
2019-09-12,16.549999237060547,19.0,16.549999237060547,18.5,18.45888900756836,520
2019-09-13,16.700000762939453,19.0,16.700000762939453,19.0,18.95777702331543,350
2019-09-16,19.0,19.0,19.0,19.0,18.95777702331543,100
2019-09-17,19.0,19.0,19.0,19.0,18.95777702331543,250
2019-09-18,19.0,19.0,19.0,19.0,18.95777702331543,500
2019-09-19,19.0,19.0,18.0,18.0,17.959999084472656,1285
2019-09-20,18.0,18.0,17.0,17.0,17.0,596
2019-09-23,18.899999618530273,18.899999618530273,17.5,17.899999618530273,17.899999618530273,250
2019-09-24,18.0,18.0,18.0,18.0,18.0,502
2019-09-25,16.75,19.0,16.75,17.0,17.0,719
2019-09-26,16.75,18.0,16.75,17.5,17.5,475
2019-09-27,16.75,17.5,16.75,17.5,17.5,800
2019-09-30,17.350000381469727,17.350000381469727,15.600000381469727,15.600000381469727,15.600000381469727,1055
2019-10-01,16.75,16.75,16.75,16.75,16.75,276
2019-10-03,18.0,18.0,17.0,17.0,17.0,201
2019-10-04,18.0,18.0,17.0,17.0,17.0,320
2019-10-07,17.0,17.0,16.299999237060547,16.299999237060547,16.299999237060547,1214
2019-10-09,17.0,17.0,16.100000381469727,16.100000381469727,16.100000381469727,801
2019-10-10,16.899999618530273,16.899999618530273,16.899999618530273,16.899999618530273,16.899999618530273,10
2019-10-11,16.100000381469727,16.100000381469727,16.100000381469727,16.100000381469727,16.100000381469727,100
2019-10-14,16.899999618530273,16.899999618530273,15.5,16.0,16.0,490
2019-10-15,16.799999237060547,16.799999237060547,16.799999237060547,16.799999237060547,16.799999237060547,100
2019-10-16,16.799999237060547,16.799999237060547,16.799999237060547,16.799999237060547,16.799999237060547,100
2019-10-17,16.0,16.0,16.0,16.0,16.0,1058
2019-10-18,16.649999618530273,16.649999618530273,16.649999618530273,16.649999618530273,16.649999618530273,100
2019-10-22,15.850000381469727,15.850000381469727,15.850000381469727,15.850000381469727,15.850000381469727,10
2019-10-23,15.199999809265137,16.0,15.199999809265137,16.0,16.0,150
2019-10-24,16.799999237060547,16.799999237060547,16.799999237060547,16.799999237060547,16.799999237060547,10
2019-10-25,17.399999618530273,17.399999618530273,16.0,16.0,16.0,130
2019-10-29,16.0,16.049999237060547,15.399999618530273,15.399999618530273,15.399999618530273,1154
2019-10-30,16.149999618530273,16.149999618530273,16.0,16.0,16.0,600
2019-10-31,16.0,16.0,16.0,16.0,16.0,0
2019-11-01,16.0,16.25,16.0,16.149999618530273,16.149999618530273,100
2019-11-04,16.200000762939453,16.5,16.200000762939453,16.5,16.5,200
2019-11-05,16.25,16.25,15.75,15.75,15.75,50
2019-11-06,15.100000381469727,16.399999618530273,15.100000381469727,15.850000381469727,15.850000381469727,280
2019-11-07,16.399999618530273,16.399999618530273,15.350000381469727,16.200000762939453,16.200000762939453,200
2019-11-08,15.550000190734863,15.550000190734863,15.550000190734863,15.550000190734863,15.550000190734863,100
2019-11-11,15.550000190734863,15.550000190734863,14.899999618530273,15.0,15.0,493
2019-11-13,15.050000190734863,15.25,15.050000190734863,15.25,15.25,205
2019-11-14,15.25,15.25,15.25,15.25,15.25,0
2019-11-15,15.100000381469727,15.100000381469727,15.100000381469727,15.100000381469727,15.100000381469727,50
2019-11-18,15.100000381469727,15.100000381469727,15.100000381469727,15.100000381469727,15.100000381469727,0
2019-11-19,15.050000190734863,15.100000381469727,15.050000190734863,15.100000381469727,15.100000381469727,400
2019-11-20,15.100000381469727,15.100000381469727,15.100000381469727,15.100000381469727,15.100000381469727,0
2019-11-21,15.100000381469727,15.100000381469727,14.350000381469727,14.5,14.5,2887
2019-11-22,15.0,15.0,15.0,15.0,15.0,100
2019-11-25,15.0,15.0,14.25,14.25,14.25,1205
2019-11-26,14.25,14.25,14.25,14.25,14.25,0
2019-11-27,14.25,14.25,14.25,14.25,14.25,0
2019-11-28,14.25,14.25,14.25,14.25,14.25,400
2019-11-29,14.0,14.5,14.0,14.5,14.5,1483
2019-12-02,14.5,14.5,13.779999732971191,13.779999732971191,13.779999732971191,250
2019-12-03,14.449999809265137,14.449999809265137,13.75,13.75,13.75,659
2019-12-04,13.75,13.75,13.75,13.75,13.75,0
2019-12-05,13.550000190734863,14.420000076293945,13.550000190734863,14.420000076293945,14.420000076293945,318
2019-12-06,14.420000076293945,14.420000076293945,14.420000076293945,14.420000076293945,14.420000076293945,0
2019-12-09,13.699999809265137,14.390000343322754,13.699999809265137,14.390000343322754,14.390000343322754,6117
2019-12-10,14.390000343322754,14.390000343322754,14.0,14.0,14.0,500
2019-12-11,14.390000343322754,14.390000343322754,13.600000381469727,13.600000381469727,13.600000381469727,1110
2019-12-12,13.600000381469727,13.600000381469727,13.550000190734863,13.550000190734863,13.550000190734863,606
2019-12-13,13.989999771118164,13.989999771118164,13.75,13.75,13.75,500
2019-12-16,13.75,13.75,13.75,13.75,13.75,0
2019-12-17,14.430000305175781,14.430000305175781,13.550000190734863,13.550000190734863,13.550000190734863,622
2019-12-18,14.199999809265137,14.220000267028809,13.550000190734863,14.149999618530273,14.149999618530273,411
2019-12-19,14.479999542236328,14.479999542236328,14.479999542236328,14.479999542236328,14.479999542236328,100
2019-12-20,14.5,15.199999809265137,13.800000190734863,13.800000190734863,13.800000190734863,107
2019-12-23,13.850000381469727,14.0,13.550000190734863,13.550000190734863,13.550000190734863,536
2019-12-24,13.850000381469727,14.220000267028809,13.550000190734863,14.210000038146973,14.210000038146973,201
2019-12-26,14.920000076293945,14.920000076293945,14.5,14.5,14.5,600
2019-12-27,14.5,14.989999771118164,13.779999732971191,14.989999771118164,14.989999771118164,186
2019-12-30,14.25,14.5,14.25,14.25,14.25,801
2019-12-31,14.9399995803833,14.9399995803833,14.5,14.800000190734863,14.800000190734863,600
2020-01-01,15.0,15.0,14.0600004196167,14.0600004196167,14.0600004196167,251
2020-01-02,14.350000381469727,14.760000228881836,14.350000381469727,14.5,14.5,114
2020-01-03,14.949999809265137,14.949999809265137,14.5,14.5,14.5,311
2020-01-06,14.5,14.5,14.5,14.5,14.5,5
2020-01-07,13.779999732971191,13.779999732971191,13.779999732971191,13.779999732971191,13.779999732971191,2485
2020-01-08,13.550000190734863,13.550000190734863,13.100000381469727,13.100000381469727,13.100000381469727,5628
2020-01-09,12.5,13.5,12.449999809265137,12.850000381469727,12.850000381469727,3320
2020-01-10,12.210000038146973,13.489999771118164,12.210000038146973,12.25,12.25,1838
2020-01-13,12.859999656677246,12.859999656677246,11.75,12.010000228881836,12.010000228881836,216
2020-01-14,12.010000228881836,12.010000228881836,12.010000228881836,12.010000228881836,12.010000228881836,0
2020-01-15,13.119999885559082,13.119999885559082,13.119999885559082,13.119999885559082,13.119999885559082,54
2020-01-16,13.0,13.0,13.0,13.0,13.0,100
2020-01-17,13.0,13.0,13.0,13.0,13.0,0
2020-01-20,13.0,13.0,12.350000381469727,12.350000381469727,12.350000381469727,650
2020-01-21,12.350000381469727,12.350000381469727,12.350000381469727,12.350000381469727,12.350000381469727,0
2020-01-22,12.960000038146973,12.960000038146973,12.960000038146973,12.960000038146973,12.960000038146973,132
2020-01-23,12.75,12.75,12.319999694824219,12.319999694824219,12.319999694824219,321
2020-01-24,12.319999694824219,12.319999694824219,12.319999694824219,12.319999694824219,12.319999694824219,0
2020-01-27,12.050000190734863,12.050000190734863,11.850000381469727,11.850000381469727,11.850000381469727,1915
2020-01-28,11.850000381469727,12.399999618530273,11.260000228881836,11.600000381469727,11.600000381469727,3003
2020-01-29,11.600000381469727,12.180000305175781,11.039999961853027,11.25,11.25,2760
2020-01-30,11.399999618530273,11.8100004196167,11.0,11.300000190734863,11.300000190734863,4097
2020-01-31,11.550000190734863,11.550000190734863,11.550000190734863,11.550000190734863,11.550000190734863,160
2020-02-03,11.550000190734863,11.550000190734863,10.949999809265137,10.949999809265137,10.949999809265137,1026
2020-02-04,10.949999809265137,11.489999771118164,10.949999809265137,11.489999771118164,11.489999771118164,309
2020-02-05,11.25,12.0,11.25,11.989999771118164,11.989999771118164,209
2020-02-06,11.5,12.579999923706055,11.5,12.0,12.0,659
2020-02-07,11.520000457763672,12.050000190734863,11.5,11.510000228881836,11.510000228881836,518
2020-02-10,11.989999771118164,12.0,11.25,11.25,11.25,1614
2020-02-11,11.25,11.25,11.25,11.25,11.25,0
2020-02-12,12.390000343322754,12.390000343322754,12.0,12.390000343322754,12.390000343322754,587
2020-02-13,12.010000228881836,12.010000228881836,11.779999732971191,11.779999732971191,11.779999732971191,4810
2020-02-14,12.0,12.0,12.0,12.0,12.0,900
2020-02-17,12.0,12.0,12.0,12.0,12.0,0
2020-02-18,12.0,12.0,12.0,12.0,12.0,500
2020-02-19,12.0,12.0,12.0,12.0,12.0,0
2020-02-20,11.600000381469727,12.25,11.399999618530273,11.399999618530273,11.399999618530273,3050
2020-02-24,11.899999618530273,11.970000267028809,10.899999618530273,11.9399995803833,11.9399995803833,6150
2020-02-25,12.350000381469727,12.350000381469727,11.399999618530273,11.399999618530273,11.399999618530273,2
2020-02-26,11.119999885559082,11.119999885559082,11.119999885559082,11.119999885559082,11.119999885559082,15
2020-02-27,11.0,11.5,10.949999809265137,11.100000381469727,11.100000381469727,577
2020-02-28,11.010000228881836,11.479999542236328,10.550000190734863,10.5600004196167,10.5600004196167,1966
2020-03-02,10.5600004196167,11.0,10.039999961853027,10.050000190734863,10.050000190734863,14690
2020-03-03,9.600000381469727,10.0,9.550000190734863,9.550000190734863,9.550000190734863,13150
2020-03-04,9.100000381469727,9.100000381469727,9.079999923706055,9.079999923706055,9.079999923706055,7100
2020-03-05,9.0,9.5,9.0,9.5,9.5,587
2020-03-06,9.050000190734863,9.050000190734863,9.050000190734863,9.050000190734863,9.050000190734863,100
2020-03-09,9.5,9.5,8.600000381469727,8.600000381469727,8.600000381469727,8321
2020-03-11,9.0,9.0,8.649999618530273,8.649999618530273,8.649999618530273,300
2020-03-12,8.220000267028809,8.979999542236328,8.220000267028809,8.25,8.25,1025
2020-03-13,8.199999809265137,8.65999984741211,7.840000152587891,8.649999618530273,8.649999618530273,7283
2020-03-16,8.220000267028809,8.220000267028809,8.220000267028809,8.220000267028809,8.220000267028809,500
2020-03-17,8.630000114440918,8.630000114440918,7.809999942779541,8.5,8.5,2031
2020-03-18,8.920000076293945,8.920000076293945,8.079999923706055,8.100000381469727,8.100000381469727,1610
2020-03-19,7.699999809265137,7.699999809265137,7.699999809265137,7.699999809265137,7.699999809265137,200
2020-03-20,7.320000171661377,7.320000171661377,7.320000171661377,7.320000171661377,7.320000171661377,600
2020-03-23,7.0,7.0,6.960000038146973,6.960000038146973,6.960000038146973,1794
2020-03-24,6.619999885559082,6.619999885559082,6.619999885559082,6.619999885559082,6.619999885559082,603
2020-03-25,6.289999961853027,6.949999809265137,6.289999961853027,6.289999961853027,6.289999961853027,1530
2020-03-26,6.050000190734863,6.590000152587891,5.980000019073486,6.590000152587891,6.590000152587891,3676
2020-03-27,6.590000152587891,6.860000133514404,6.300000190734863,6.300000190734863,6.300000190734863,501
2020-03-30,6.010000228881836,6.010000228881836,5.989999771118164,6.010000228881836,6.010000228881836,1050
2020-03-31,5.710000038146973,5.71999979019165,5.710000038146973,5.710000038146973,5.710000038146973,2700
2020-04-01,5.449999809265137,5.989999771118164,5.429999828338623,5.989999771118164,5.989999771118164,3841
2020-04-03,5.710000038146973,6.260000228881836,5.699999809265137,5.730000019073486,5.730000019073486,1335
2020-04-07,5.449999809265137,6.010000228881836,5.449999809265137,5.449999809265137,5.449999809265137,2174
2020-04-08,5.449999809265137,5.449999809265137,5.449999809265137,5.449999809265137,5.449999809265137,0
2020-04-09,5.71999979019165,5.71999979019165,5.71999979019165,5.71999979019165,5.71999979019165,434
2020-04-13,5.900000095367432,5.900000095367432,5.5,5.5,5.5,1165
2020-04-15,5.5,5.769999980926514,5.230000019073486,5.239999771118164,5.239999771118164,1001
2020-04-16,5.239999771118164,5.239999771118164,5.239999771118164,5.239999771118164,5.239999771118164,0
2020-04-17,5.239999771118164,5.239999771118164,5.239999771118164,5.239999771118164,5.239999771118164,0
2020-04-20,5.239999771118164,5.239999771118164,5.239999771118164,5.239999771118164,5.239999771118164,0
2020-04-21,5.5,5.5,5.5,5.5,5.5,200
2020-04-22,5.769999980926514,5.769999980926514,5.550000190734863,5.769999980926514,5.769999980926514,2952
2020-04-23,5.769999980926514,6.050000190734863,5.769999980926514,6.050000190734863,6.050000190734863,3135
2020-04-24,6.050000190734863,6.050000190734863,6.050000190734863,6.050000190734863,6.050000190734863,0
2020-04-27,6.050000190734863,6.050000190734863,6.050000190734863,6.050000190734863,6.050000190734863,5
2020-04-28,6.050000190734863,6.050000190734863,6.050000190734863,6.050000190734863,6.050000190734863,1350
2020-04-29,6.050000190734863,6.050000190734863,6.050000190734863,6.050000190734863,6.050000190734863,0
2020-04-30,6.050000190734863,6.050000190734863,6.050000190734863,6.050000190734863,6.050000190734863,28
2020-05-04,5.75,6.349999904632568,5.75,6.059999942779541,6.059999942779541,188
2020-05-05,6.059999942779541,6.059999942779541,6.059999942779541,6.059999942779541,6.059999942779541,0
2020-05-06,6.360000133514404,6.360000133514404,6.360000133514404,6.360000133514404,6.360000133514404,200
2020-05-07,6.360000133514404,6.360000133514404,6.360000133514404,6.360000133514404,6.360000133514404,150
2020-05-08,6.360000133514404,6.360000133514404,6.360000133514404,6.360000133514404,6.360000133514404,100
2020-05-11,6.5,6.5,6.5,6.5,6.5,11
2020-05-12,6.5,6.5,6.5,6.5,6.5,0
2020-05-13,6.820000171661377,6.820000171661377,6.5,6.820000171661377,6.820000171661377,450
2020-05-14,6.820000171661377,6.820000171661377,6.820000171661377,6.820000171661377,6.820000171661377,0
2020-05-15,6.480000019073486,7.159999847412109,6.480000019073486,6.639999866485596,6.639999866485596,324
2020-05-18,6.639999866485596,6.639999866485596,6.639999866485596,6.639999866485596,6.639999866485596,0
2020-05-19,6.639999866485596,6.639999866485596,6.639999866485596,6.639999866485596,6.639999866485596,0
2020-05-20,6.510000228881836,6.510000228881836,6.510000228881836,6.510000228881836,6.510000228881836,1
2020-05-21,6.510000228881836,6.510000228881836,6.510000228881836,6.510000228881836,6.510000228881836,0
2020-05-22,6.800000190734863,6.800000190734863,6.190000057220459,6.190000057220459,6.190000057220459,502
2020-05-26,6.190000057220459,6.190000057220459,6.190000057220459,6.190000057220459,6.190000057220459,0
2020-05-27,6.190000057220459,6.190000057220459,6.190000057220459,6.190000057220459,6.190000057220459,0
2020-05-28,6.190000057220459,6.190000057220459,6.190000057220459,6.190000057220459,6.190000057220459,11
2020-05-29,6.190000057220459,6.190000057220459,6.019999980926514,6.019999980926514,6.019999980926514,185
2020-06-01,6.300000190734863,6.300000190734863,6.300000190734863,6.300000190734863,6.300000190734863,9
2020-06-02,6.599999904632568,6.599999904632568,6.599999904632568,6.599999904632568,6.599999904632568,250
2020-06-03,6.599999904632568,6.599999904632568,6.599999904632568,6.599999904632568,6.599999904632568,0
2020-06-04,6.900000095367432,6.900000095367432,6.900000095367432,6.900000095367432,6.900000095367432,100
2020-06-05,7.199999809265137,7.199999809265137,7.199999809265137,7.199999809265137,7.199999809265137,400
