Date,Open,High,Low,Close,Adj Close,Volume
2006-11-21,17.5,28.200000762939453,17.5,25.71500015258789,2.793787717819214,15495820
2006-11-22,26.100000381469727,26.68000030517578,23.7549991607666,24.125,2.6210432052612305,3819000
2006-11-23,23.799999237060547,25.155000686645508,23.225000381469727,23.729999542236328,2.5781285762786865,2117000
2006-11-24,23.399999618530273,23.8799991607666,22.200000762939453,22.43000030517578,2.436891555786133,870000
2006-11-27,22.485000610351562,23.149999618530273,20.940000534057617,21.4950008392334,2.335308790206909,1899000
2006-11-28,20.899999618530273,21.450000762939453,19.610000610351562,20.0,2.1728856563568115,501000
2006-11-29,20.110000610351562,20.790000915527344,19.280000686645508,19.5049991607666,2.1191065311431885,1022000
2006-11-30,19.950000762939453,19.950000762939453,18.399999618530273,18.645000457763672,2.025672674179077,342000
2006-12-01,18.700000762939453,18.96500015258789,17.604999542236328,17.809999465942383,1.9349544048309326,494000
2006-12-04,18.299999237060547,18.700000762939453,17.31999969482422,17.959999084472656,1.9512509107589722,474000
2006-12-05,18.395000457763672,19.299999237060547,18.0,18.625,2.0234997272491455,264000
2006-12-06,18.700000762939453,20.200000762939453,18.5,18.93000030517578,2.056636095046997,705000
2006-12-07,19.0,19.299999237060547,18.100000381469727,18.325000762939453,1.9909063577651978,276000
2006-12-08,18.739999771118164,18.7450008392334,17.30500030517578,17.614999771118164,1.9137688875198364,171000
2006-12-11,18.100000381469727,18.100000381469727,17.200000762939453,17.260000228881836,1.8752002716064453,100000
2006-12-12,16.71500015258789,16.950000762939453,15.505000114440918,15.84000015258789,1.720924973487854,85000
2006-12-13,15.699999809265137,16.200000762939453,15.5,15.954999923706055,1.733419418334961,60000
2006-12-14,15.71500015258789,16.690000534057617,15.71500015258789,16.3700008392334,1.778506875038147,81000
2006-12-15,16.21500015258789,16.795000076293945,15.800000190734863,16.084999084472656,1.7475430965423584,54000
2006-12-18,19.200000762939453,19.200000762939453,15.8100004196167,15.954999923706055,1.733419418334961,71000
2006-12-19,15.8100004196167,16.200000762939453,15.699999809265137,15.8100004196167,1.7176659107208252,22000
2006-12-20,14.800000190734863,15.800000190734863,14.800000190734863,15.125,1.643244981765747,89000
2006-12-21,14.800000190734863,15.875,14.800000190734863,15.295000076293945,1.6617141962051392,46000
2006-12-22,15.649999618530273,15.765000343322754,15.260000228881836,15.569999694824219,1.6915913820266724,25000
2006-12-26,15.699999809265137,15.800000190734863,15.399999618530273,15.675000190734863,1.702999234199524,19970
2006-12-27,16.5,16.579999923706055,15.399999618530273,15.96500015258789,1.7345057725906372,87000
2006-12-28,15.675000190734863,15.800000190734863,15.510000228881836,15.619999885559082,1.697023630142212,18000
2006-12-29,15.265000343322754,18.7450008392334,15.265000343322754,17.71500015258789,1.924633264541626,551000
2007-01-02,18.280000686645508,18.899999618530273,17.850000381469727,18.030000686645508,1.958856463432312,117000
2007-01-03,18.079999923706055,18.399999618530273,17.975000381469727,18.21500015258789,1.978955626487732,32000
2007-01-04,18.5,19.385000228881836,18.020000457763672,18.530000686645508,2.013178586959839,130000
2007-01-05,18.600000381469727,19.100000381469727,18.454999923706055,18.6200008392334,2.022956609725952,72000
2007-01-08,18.6200008392334,18.889999389648438,18.510000228881836,18.69499969482422,2.031104803085327,59000
2007-01-09,18.799999237060547,18.799999237060547,18.625,18.625,2.0234997272491455,30000
2007-01-10,18.625,18.700000762939453,18.354999542236328,18.514999389648438,2.0115487575531006,49000
2007-01-11,18.40999984741211,18.450000762939453,18.225000381469727,18.235000610351562,1.9811285734176636,39000
2007-01-12,18.40999984741211,18.899999618530273,18.405000686645508,18.434999465942383,2.002857208251953,37000
2007-01-15,18.40999984741211,18.450000762939453,18.200000762939453,18.225000381469727,1.9800419807434082,26000
2007-01-16,18.299999237060547,18.299999237060547,17.850000381469727,17.850000381469727,1.939300298690796,12000
2007-01-17,19.0,19.0,17.604999542236328,17.655000686645508,1.9181147813796997,14000
2007-01-18,17.520000457763672,18.149999618530273,17.520000457763672,17.540000915527344,1.9056205749511719,512000
2007-01-19,18.295000076293945,18.295000076293945,17.43000030517578,17.799999237060547,1.933868169784546,2880
2007-01-22,17.799999237060547,17.975000381469727,17.200000762939453,17.440000534057617,1.8947563171386719,4000
2007-01-23,17.190000534057617,17.399999618530273,16.510000228881836,16.84000015258789,1.829569697380066,16000
2007-01-24,17.299999237060547,17.5,16.510000228881836,16.889999389648438,1.8350019454956055,28000
2007-01-25,17.594999313354492,17.594999313354492,16.799999237060547,16.799999237060547,1.8252238035202026,560
2007-01-29,16.209999084472656,17.0,16.114999771118164,16.674999237060547,1.811643362045288,10250
2007-01-31,16.0049991607666,17.0,16.0049991607666,16.3799991607666,1.7795932292938232,13000
2007-02-01,16.0,16.920000076293945,16.0,16.614999771118164,1.8051246404647827,15860
2007-02-02,16.799999237060547,17.149999618530273,16.5,16.600000381469727,1.803495168685913,16000
2007-02-05,17.440000534057617,17.440000534057617,16.25,16.5049991607666,1.793173909187317,39000
2007-02-06,16.399999618530273,16.65999984741211,16.100000381469727,16.2549991607666,1.7660127878189087,19000
2007-02-07,15.805000305175781,16.5,15.805000305175781,16.18000030517578,1.7578645944595337,6660
2007-02-08,16.104999542236328,16.700000762939453,16.010000228881836,16.21500015258789,1.761667013168335,8630
2007-02-09,16.200000762939453,16.200000762939453,15.5,15.595000267028809,1.6943073272705078,10710
2007-02-12,15.59000015258789,15.59000015258789,14.399999618530273,14.824999809265137,1.6106513738632202,6680
2007-02-13,13.8100004196167,15.300000190734863,13.8100004196167,14.9350004196167,1.6226023435592651,6470
2007-02-14,14.015000343322754,14.944999694824219,14.0,14.619999885559082,1.5883795022964478,7000
2007-02-15,14.125,15.0,14.119999885559082,14.75,1.6025031805038452,5830
2007-02-19,14.90999984741211,15.1899995803833,14.199999809265137,14.454999923706055,1.5704529285430908,7690
2007-02-20,14.5,14.680000305175781,14.199999809265137,14.229999542236328,1.5460078716278076,7960
2007-02-21,14.020000457763672,14.779999732971191,13.920000076293945,14.119999885559082,1.5340571403503418,8850
2007-02-22,14.300000190734863,14.789999961853027,13.800000190734863,13.850000381469727,1.5047234296798706,131000
2007-02-23,13.600000381469727,13.850000381469727,13.109999656677246,13.229999542236328,1.437363862991333,7000
2007-02-26,13.0,13.470000267028809,13.0,13.055000305175781,1.4183510541915894,10780
2007-02-27,13.074999809265137,13.479999542236328,13.074999809265137,13.109999656677246,1.4243264198303223,7000
2007-02-28,13.0,13.0,12.699999809265137,12.854999542236328,1.3966220617294312,7000
2007-03-01,12.800000190734863,12.800000190734863,12.109999656677246,12.329999923706055,1.3395841121673584,18000
2007-03-02,12.319999694824219,12.869999885559082,12.319999694824219,12.600000381469727,1.3689180612564087,5550
2007-03-05,12.029999732971191,12.194999694824219,11.5,11.625,1.2629897594451904,13010
2007-03-06,11.140000343322754,11.994999885559082,10.800000190734863,11.130000114440918,1.209210991859436,39390
2007-03-07,11.199999809265137,11.289999961853027,10.505000114440918,10.78499984741211,1.1717283725738525,11800
2007-03-08,11.1850004196167,12.944999694824219,10.510000228881836,12.135000228881836,1.318398356437683,106000
2007-03-09,11.800000190734863,13.800000190734863,11.649999618530273,11.739999771118164,1.2754837274551392,6310
2007-03-12,12.800000190734863,12.800000190734863,11.420000076293945,11.640000343322754,1.2646194696426392,2210
2007-03-13,11.199999809265137,11.5,11.0,11.270000457763672,1.2244210243225098,215000
2007-03-14,11.005000114440918,11.199999809265137,11.0,11.024999618530273,1.197803020477295,60000
2007-03-15,11.5,11.5,10.524999618530273,10.59000015258789,1.150542974472046,40000
2007-03-16,10.300000190734863,11.199999809265137,9.8100004196167,9.899999618530273,1.075578212738037,72000
2007-03-19,9.854999542236328,10.194999694824219,9.8100004196167,10.154999732971191,1.1032826900482178,31520
2007-03-20,10.859999656677246,10.859999656677246,9.869999885559082,10.024999618530273,1.0891588926315308,9590
2007-03-21,9.899999618530273,10.1899995803833,9.899999618530273,10.180000305175781,1.1059988737106323,5710
2007-03-22,10.0,10.100000381469727,9.800000190734863,9.875,1.0728623867034912,33760
2007-03-23,9.854999542236328,10.399999618530273,9.854999542236328,10.220000267028809,1.1103445291519165,10000
2007-03-26,9.899999618530273,10.25,9.555000305175781,10.005000114440918,1.0869859457015991,45660
2007-03-28,9.71500015258789,10.180000305175781,9.600000381469727,9.699999809265137,1.053849458694458,54000
2007-03-29,9.420000076293945,10.050000190734863,9.420000076293945,9.989999771118164,1.08535635471344,62000
2007-03-30,9.609999656677246,10.420000076293945,9.609999656677246,9.984999656677246,1.084813117980957,115030
2007-04-02,9.699999809265137,10.399999618530273,9.350000381469727,10.079999923706055,1.0951342582702637,9000
2007-04-03,9.819999694824219,10.324999809265137,9.819999694824219,10.274999618530273,1.116320013999939,20000
2007-04-04,10.399999618530273,10.399999618530273,9.699999809265137,9.854999542236328,1.0706894397735596,7120
2007-04-05,9.699999809265137,10.100000381469727,9.699999809265137,9.9350004196167,1.0793808698654175,54000
2007-04-09,10.199999809265137,10.375,10.010000228881836,10.010000228881836,1.0875293016433716,1580
2007-04-10,11.390000343322754,11.390000343322754,9.619999885559082,10.609999656677246,1.1527156829833984,13980
2007-04-11,11.994999885559082,11.994999885559082,9.710000038146973,10.404999732971191,1.1304435729980469,108000
2007-04-12,10.680000305175781,10.680000305175781,10.300000190734863,10.569999694824219,1.1483699083328247,5940
2007-04-13,10.800000190734863,10.800000190734863,10.3149995803833,10.710000038146973,1.1635801792144775,9000
2007-04-16,10.800000190734863,12.600000381469727,10.600000381469727,11.425000190734863,1.2412608861923218,39000
2007-04-17,11.100000381469727,11.149999618530273,10.904999732971191,10.994999885559082,1.1945438385009766,7920
2007-04-18,11.479999542236328,11.479999542236328,10.949999809265137,10.954999923706055,1.1901979446411133,3820
2007-04-19,10.625,11.0,10.350000381469727,10.725000381469727,1.1652098894119263,45000
2007-04-20,10.300000190734863,11.0,10.260000228881836,10.555000305175781,1.1467403173446655,9000
2007-04-23,10.210000038146973,10.890000343322754,10.114999771118164,10.380000114440918,1.1277275085449219,14790
2007-04-24,10.3100004196167,10.399999618530273,10.300000190734863,10.399999618530273,1.129900336265564,1070
2007-04-25,10.119999885559082,10.699999809265137,10.100000381469727,10.454999923706055,1.1358758211135864,8450
2007-04-26,10.449999809265137,10.699999809265137,10.300000190734863,10.305000305175781,1.1195793151855469,14760
2007-04-27,10.399999618530273,10.600000381469727,10.319999694824219,10.5600004196167,1.1472834348678589,43000
2007-04-30,10.789999961853027,10.789999961853027,10.204999923706055,10.354999542236328,1.1250114440917969,4220
2007-05-03,10.460000038146973,10.664999961853027,10.300000190734863,10.449999809265137,1.1353325843811035,12710
2007-05-04,10.300000190734863,10.5649995803833,10.225000381469727,10.229999542236328,1.1114310026168823,46000
2007-05-07,10.114999771118164,10.220000267028809,10.114999771118164,10.220000267028809,1.1103445291519165,1550
2007-05-08,10.109999656677246,10.479999542236328,10.100000381469727,10.140000343322754,1.101652979850769,6880
2007-05-09,9.604999542236328,10.494999885559082,9.604999542236328,10.220000267028809,1.1103445291519165,5000
2007-05-10,10.199999809265137,12.265000343322754,10.199999809265137,12.265000343322754,1.3325221538543701,83000
2007-05-11,12.600000381469727,14.489999771118164,12.600000381469727,13.1899995803833,1.4330179691314697,723000
2007-05-14,13.300000190734863,14.5,13.109999656677246,13.414999961853027,1.457463026046753,274000
2007-05-15,13.364999771118164,13.46500015258789,12.3100004196167,12.484999656677246,1.3564236164093018,69000
2007-05-16,12.5,12.600000381469727,12.010000228881836,12.220000267028809,1.327633023262024,17000
2007-05-17,12.0,12.175000190734863,11.614999771118164,11.914999961853027,1.2944966554641724,20000
2007-05-18,11.795000076293945,12.270000457763672,11.729999542236328,11.845000267028809,1.2868913412094116,23000
2007-05-21,11.899999618530273,12.095000267028809,11.529999732971191,11.819999694824219,1.2841752767562866,6580
2007-05-22,12.0,12.100000381469727,11.729999542236328,11.944999694824219,1.2977557182312012,28000
2007-05-23,11.505000114440918,12.09000015258789,11.505000114440918,11.635000228881836,1.2640763521194458,12000
2007-05-24,11.600000381469727,11.9399995803833,11.449999809265137,11.5649995803833,1.256471037864685,5000
2007-05-25,11.96500015258789,11.96500015258789,11.364999771118164,11.5649995803833,1.256471037864685,8730
2007-05-28,11.5,11.84000015258789,11.399999618530273,11.404999732971191,1.2390879392623901,9000
2007-05-29,11.59000015258789,11.59000015258789,11.020000457763672,11.234999656677246,1.220618486404419,35000
2007-05-30,11.100000381469727,11.399999618530273,11.0,11.045000076293945,1.1999762058258057,10000
2007-05-31,11.0600004196167,11.300000190734863,11.0600004196167,11.069999694824219,1.2026922702789307,5000
2007-06-01,10.925000190734863,10.979999542236328,10.505000114440918,10.854999542236328,1.1793334484100342,10830
2007-06-04,10.854999542236328,10.904999732971191,10.729999542236328,10.8100004196167,1.1744444370269775,14000
2007-06-05,10.729999542236328,11.25,10.729999542236328,11.005000114440918,1.1956301927566528,5500
2007-06-06,10.805000305175781,11.109999656677246,10.805000305175781,10.9399995803833,1.188568353652954,2990
2007-06-07,10.619999885559082,11.1899995803833,10.619999885559082,10.704999923706055,1.1630369424819946,7000
2007-06-08,10.515000343322754,10.600000381469727,10.5,10.515000343322754,1.1423946619033813,8000
2007-06-11,11.255000114440918,11.255000114440918,10.550000190734863,10.75,1.1679260730743408,1110
2007-06-12,11.100000381469727,11.100000381469727,10.699999809265137,10.699999809265137,1.1624938249588013,1910
2007-06-13,10.890000343322754,10.890000343322754,10.399999618530273,10.53499984741211,1.1445673704147339,6590
2007-06-14,11.100000381469727,11.199999809265137,10.90999984741211,10.90999984741211,1.1853089332580566,13000
2007-06-15,11.300000190734863,11.59000015258789,10.920000076293945,11.265000343322754,1.2238779067993164,10000
2007-06-18,10.805000305175781,11.574999809265137,10.805000305175781,10.819999694824219,1.175531029701233,2850
2007-06-19,11.100000381469727,11.1899995803833,10.640000343322754,10.835000038146973,1.1771607398986816,4000
2007-06-20,10.75,11.199999809265137,10.645000457763672,10.770000457763672,1.1700990200042725,24000
2007-06-21,11.0,11.300000190734863,10.8149995803833,11.100000381469727,1.2059515714645386,10000
2007-06-22,11.399999618530273,11.399999618530273,10.800000190734863,10.859999656677246,1.1798768043518066,15000
2007-06-25,10.550000190734863,10.989999771118164,10.524999618530273,10.614999771118164,1.153259038925171,5570
2007-06-26,10.5,10.9350004196167,10.5,10.760000228881836,1.1690125465393066,4840
2007-06-27,11.710000038146973,11.710000038146973,10.640000343322754,10.6899995803833,1.161407232284546,7000
2007-06-28,10.904999732971191,10.944999694824219,10.675000190734863,10.770000457763672,1.1700990200042725,6590
2007-06-29,10.890000343322754,10.984999656677246,10.630000114440918,10.8100004196167,1.1744444370269775,10780
2007-07-02,10.5600004196167,11.1899995803833,10.5,10.71500015258789,1.1641234159469604,16000
2007-07-03,10.555000305175781,10.859999656677246,10.550000190734863,10.720000267028809,1.1646666526794434,14000
2007-07-04,10.994999885559082,10.994999885559082,10.5,10.550000190734863,1.1461970806121826,8710
2007-07-05,10.550000190734863,11.300000190734863,10.335000038146973,10.505000114440918,1.141308307647705,8000
2007-07-06,10.3149995803833,10.800000190734863,10.3149995803833,10.609999656677246,1.1527156829833984,6660
2007-07-09,11.0,12.734999656677246,11.0,12.734999656677246,1.3835848569869995,193000
2007-07-10,13.03499984741211,14.199999809265137,12.130000114440918,12.324999809265137,1.3390403985977173,542000
2007-07-11,12.670000076293945,12.670000076293945,11.854999542236328,11.904999732971191,1.2934099435806274,70000
2007-07-12,12.289999961853027,12.5,12.0,12.130000114440918,1.3178550004959106,69000
2007-07-13,12.0,12.399999618530273,11.524999618530273,11.694999694824219,1.270594835281372,45000
2007-07-16,11.65999984741211,11.989999771118164,11.65999984741211,11.78499984741211,1.2803728580474854,26000
2007-07-17,11.850000381469727,11.854999542236328,11.050000190734863,11.404999732971191,1.2390879392623901,13000
2007-07-18,11.75,11.75,11.050000190734863,11.380000114440918,1.2363719940185547,23000
2007-07-19,11.100000381469727,11.5,11.100000381469727,11.364999771118164,1.2347421646118164,12000
2007-07-20,11.5,12.0,11.045000076293945,11.149999618530273,1.2113837003707886,15000
2007-07-23,11.0600004196167,11.699999809265137,11.0600004196167,11.4350004196167,1.2423471212387085,18000
2007-07-24,11.300000190734863,11.5,11.149999618530273,11.345000267028809,1.2325694561004639,16000
2007-07-25,11.300000190734863,11.300000190734863,10.734999656677246,11.03499984741211,1.1988896131515503,6400
2007-07-26,11.0,11.0,10.800000190734863,10.869999885559082,1.180963158607483,20000
2007-07-27,10.520000457763672,11.0,10.5,10.635000228881836,1.1554319858551025,7660
2007-07-30,10.699999809265137,11.494999885559082,10.699999809265137,11.010000228881836,1.1961734294891357,14840
2007-07-31,10.75,11.0,10.359999656677246,10.53499984741211,1.1445673704147339,17000
2007-08-01,10.354999542236328,10.40999984741211,10.149999618530273,10.149999618530273,1.1027393341064453,5430
2007-08-02,10.100000381469727,10.654999732971191,9.800000190734863,9.970000267028809,1.0831835269927979,20000
2007-08-03,10.5,10.5,9.819999694824219,10.050000190734863,1.0918750762939453,27670
2007-08-06,10.0,10.0,9.770000457763672,9.869999885559082,1.0723190307617188,20000
2007-08-07,10.300000190734863,10.5,9.920000076293945,10.114999771118164,1.0989367961883545,21000
2007-08-08,10.390000343322754,10.390000343322754,9.869999885559082,10.045000076293945,1.0913317203521729,24000
2007-08-09,10.175000190734863,10.175000190734863,9.800000190734863,9.895000457763672,1.0750353336334229,11850
2007-08-10,9.430000305175781,10.399999618530273,9.324999809265137,10.0600004196167,1.0929615497589111,7000
2007-08-13,10.0,10.600000381469727,9.8100004196167,9.920000076293945,1.0777511596679688,17710
2007-08-14,9.800000190734863,10.09000015258789,9.619999885559082,10.0649995803833,1.093504548072815,28870
2007-08-16,10.0,10.0,9.614999771118164,9.75,1.0592817068099976,31000
2007-08-17,9.805000305175781,10.0,9.305000305175781,9.744999885559082,1.0587384700775146,29620
2007-08-20,9.899999618530273,10.050000190734863,9.75,9.875,1.0728623867034912,10370
2007-08-21,10.0,10.0,9.350000381469727,9.425000190734863,1.023972511291504,8290
2007-08-22,9.335000038146973,9.59000015258789,9.260000228881836,9.579999923706055,1.0408122539520264,4000
2007-08-23,9.0,10.300000190734863,8.904999732971191,9.005000114440918,1.3238013982772827,37000
2007-08-24,9.199999809265137,9.239999771118164,8.600000381469727,9.140000343322754,1.3436473608016968,19910
2007-08-27,9.300000190734863,9.300000190734863,8.5,9.024999618530273,1.3267415761947632,20620
2007-08-28,9.100000381469727,9.300000190734863,9.100000381469727,9.225000381469727,1.3561431169509888,46060
2007-08-29,9.649999618530273,9.649999618530273,9.104999542236328,9.104999542236328,1.3385019302368164,7000
2007-08-30,9.100000381469727,9.350000381469727,9.100000381469727,9.170000076293945,1.348057508468628,18810
2007-08-31,9.199999809265137,9.640000343322754,8.835000038146973,8.994999885559082,1.322331190109253,35000
2007-09-03,9.34000015258789,9.425000190734863,9.130000114440918,9.420000076293945,1.3848093748092651,9480
2007-09-04,9.404999732971191,9.78499984741211,9.404999732971191,9.555000305175781,1.4046555757522583,19010
2007-09-05,9.420000076293945,9.779999732971191,9.420000076293945,9.454999923706055,1.3899545669555664,25000
2007-09-06,9.149999618530273,9.800000190734863,9.119999885559082,9.640000343322754,1.417150855064392,18600
2007-09-07,9.545000076293945,9.9399995803833,9.545000076293945,9.824999809265137,1.4443475008010864,9200
2007-09-10,9.050000190734863,10.0,9.050000190734863,9.96500015258789,1.4649285078048706,9630
2007-09-11,9.899999618530273,10.470000267028809,9.729999542236328,10.020000457763672,1.4730138778686523,30950
2007-09-12,9.305000305175781,12.024999618530273,9.300000190734863,12.024999618530273,1.7677638530731201,299000
2007-09-13,12.399999618530273,12.399999618530273,10.654999732971191,10.819999694824219,1.590619683265686,295670
2007-09-14,11.199999809265137,11.199999809265137,10.510000228881836,10.539999961853027,1.5494576692581177,21080
2007-09-17,10.5600004196167,10.6899995803833,10.104999542236328,10.244999885559082,1.506090521812439,27240
2007-09-18,10.770000457763672,10.770000457763672,10.0,10.03499984741211,1.4752190113067627,16760
2007-09-19,10.720000267028809,10.720000267028809,10.100000381469727,10.170000076293945,1.4950648546218872,27810
2007-09-20,12.0,12.0,9.899999618530273,10.15999984741211,1.4935948848724365,28210
2007-09-21,10.850000381469727,10.850000381469727,9.710000038146973,9.819999694824219,1.4436123371124268,26420
2007-09-24,9.734999656677246,10.175000190734863,9.350000381469727,9.680000305175781,1.4230313301086426,14000
2007-09-25,9.699999809265137,9.699999809265137,9.404999732971191,9.449999809265137,1.3892196416854858,20000
2007-09-26,9.430000305175781,9.75,9.430000305175781,9.515000343322754,1.398775339126587,57000
2007-09-27,10.800000190734863,10.800000190734863,9.5600004196167,9.78499984741211,1.438467264175415,22980
2007-09-28,9.800000190734863,9.869999885559082,9.600000381469727,9.625,1.4149459600448608,52270
2007-10-01,10.399999618530273,10.399999618530273,9.4399995803833,9.635000228881836,1.4164159297943115,39240
2007-10-03,9.510000228881836,9.979999542236328,9.414999961853027,9.59000015258789,1.40980064868927,21610
2007-10-04,9.350000381469727,9.625,9.350000381469727,9.449999809265137,1.3892196416854858,7640
2007-10-05,9.350000381469727,9.375,9.199999809265137,9.25,1.3598182201385498,33360
2007-10-08,9.0,9.095000267028809,8.609999656677246,9.015000343322754,1.3252713680267334,91040
2007-10-09,8.720000267028809,9.364999771118164,8.720000267028809,9.0600004196167,1.331886887550354,3960
2007-10-10,9.119999885559082,9.399999618530273,9.100000381469727,9.375,1.3781942129135132,16190
2007-10-11,9.074999809265137,9.300000190734863,9.0,9.239999771118164,1.35834801197052,2950
2007-10-12,9.0,9.494999885559082,8.8100004196167,8.960000038146973,1.3171859979629517,10750
2007-10-15,9.800000190734863,9.835000038146973,8.904999732971191,9.350000381469727,1.3745191097259521,6400
2007-10-16,9.5,9.5,8.8100004196167,8.90999984741211,1.3098357915878296,30000
2007-10-17,9.0,9.0,8.399999618530273,8.899999618530273,1.3083654642105103,14000
2007-10-18,8.760000228881836,9.0,8.760000228881836,8.829999923706055,1.2980751991271973,4900
2007-10-19,8.699999809265137,9.265000343322754,8.630000114440918,9.03499984741211,1.3282115459442139,23960
2007-10-22,8.824999809265137,9.395000457763672,8.8100004196167,8.845000267028809,1.300280213356018,6880
2007-10-23,8.899999618530273,9.069999694824219,8.899999618530273,8.899999618530273,1.3083654642105103,3210
2007-10-24,8.770000457763672,9.0,8.770000457763672,8.895000457763672,1.3076307773590088,4780
2007-10-25,8.859999656677246,9.1899995803833,8.699999809265137,8.880000114440918,1.3054254055023193,62000
2007-10-26,9.25,9.25,8.510000228881836,8.789999961853027,1.2921949625015259,13630
2007-10-29,8.100000381469727,9.045000076293945,8.100000381469727,8.574999809265137,1.2605881690979004,10840
2007-10-30,8.699999809265137,8.899999618530273,8.5,8.59000015258789,1.2627933025360107,16610
2007-10-31,9.5,9.5,8.609999656677246,8.904999732971191,1.30910062789917,5390
2007-11-01,8.614999771118164,9.079999923706055,7.855000019073486,8.53499984741211,1.2547080516815186,41650
2007-11-02,7.699999809265137,9.385000228881836,7.699999809265137,8.15999984741211,1.1995799541473389,11070
2007-11-05,8.140000343322754,8.140000343322754,7.960000038146973,8.024999618530273,1.179734230041504,37640
2007-11-06,8.199999809265137,8.550000190734863,8.024999618530273,8.03499984741211,1.1812041997909546,31000
2007-11-07,8.0,8.005000114440918,7.925000190734863,8.005000114440918,1.176794171333313,3440
2007-11-08,8.015000343322754,8.585000038146973,8.015000343322754,8.494999885559082,1.2488276958465576,2920
2007-11-12,7.980000019073486,8.375,7.980000019073486,8.270000457763672,1.215751051902771,8130
2007-11-13,8.78499984741211,8.78499984741211,7.925000190734863,8.244999885559082,1.2120757102966309,6890
2007-11-14,8.204999923706055,8.425000190734863,8.204999923706055,8.21500015258789,1.2076656818389893,5320
2007-11-15,8.0,8.489999771118164,8.0,8.380000114440918,1.231921911239624,17540
2007-11-16,8.390000343322754,8.895000457763672,8.390000343322754,8.670000076293945,1.2745537757873535,19860
2007-11-19,8.994999885559082,8.994999885559082,8.300000190734863,8.994999885559082,1.322331190109253,10000
2007-11-20,8.994999885559082,9.100000381469727,8.710000038146973,8.9399995803833,1.3142459392547607,18000
2007-11-21,8.225000381469727,9.0,8.225000381469727,8.994999885559082,1.322331190109253,10760
2007-11-22,8.3100004196167,9.0,8.3100004196167,8.40999984741211,1.2363319396972656,8930
2007-11-23,8.600000381469727,8.670000076293945,8.600000381469727,8.604999542236328,1.2649983167648315,2000
2007-11-26,8.505000114440918,8.505000114440918,8.050000190734863,8.5,1.2495625019073486,1290
2007-11-27,8.279999732971191,8.699999809265137,8.029999732971191,8.399999618530273,1.2348618507385254,4280
2007-11-28,8.505000114440918,8.835000038146973,8.350000381469727,8.835000038146973,1.2988101243972778,18000
2007-11-29,8.984999656677246,9.635000228881836,8.600000381469727,9.010000228881836,1.3245364427566528,60000
2007-11-30,9.5,9.5,8.800000190734863,9.015000343322754,1.3252713680267334,6000
2007-12-03,9.149999618530273,9.34000015258789,8.899999618530273,9.015000343322754,1.3252713680267334,9000
2007-12-04,8.725000381469727,8.880000114440918,8.725000381469727,8.880000114440918,1.3054254055023193,1300
2007-12-05,8.800000190734863,10.300000190734863,8.800000190734863,9.664999961853027,1.4208260774612427,95100
2007-12-06,9.800000190734863,9.800000190734863,9.324999809265137,9.34000015258789,1.373049020767212,13710
2007-12-07,9.5,9.6899995803833,9.350000381469727,9.350000381469727,1.3745191097259521,16000
2007-12-10,9.300000190734863,9.494999885559082,9.0,9.220000267028809,1.3554078340530396,42500
2007-12-11,9.475000381469727,9.600000381469727,9.199999809265137,9.225000381469727,1.3561431169509888,322000
2007-12-12,9.399999618530273,9.399999618530273,8.75,9.039999961853027,1.328946590423584,127280
2007-12-13,9.199999809265137,9.649999618530273,8.90999984741211,8.925000190734863,1.3120408058166504,526920
2007-12-14,9.489999771118164,10.5,9.3100004196167,9.899999618530273,1.4553730487823486,824510
2007-12-17,9.625,10.895000457763672,9.625,10.109999656677246,1.4862444400787354,631000
2007-12-18,10.149999618530273,10.390000343322754,9.899999618530273,9.90999984741211,1.4568431377410889,130000
2007-12-19,10.300000190734863,10.670000076293945,10.050000190734863,10.109999656677246,1.4862444400787354,207120
2007-12-20,10.59000015258789,10.59000015258789,9.904999732971191,9.979999542236328,1.467133641242981,38130
2007-12-24,10.020000457763672,10.199999809265137,9.904999732971191,9.914999961853027,1.4575780630111694,32670
2007-12-26,10.274999618530273,10.300000190734863,9.9399995803833,10.045000076293945,1.4766889810562134,34650
2007-12-27,10.09000015258789,10.78499984741211,9.949999809265137,10.494999885559082,1.5428423881530762,249240
2007-12-28,10.699999809265137,10.699999809265137,10.324999809265137,10.510000228881836,1.5450477600097656,26190
2007-12-31,10.699999809265137,11.699999809265137,10.604999542236328,11.274999618530273,1.6575080156326294,383290
2008-01-01,11.989999771118164,12.1899995803833,11.300000190734863,11.649999618530273,1.7126357555389404,176260
2008-01-02,11.989999771118164,12.800000190734863,11.600000381469727,11.869999885559082,1.7449777126312256,187310
2008-01-03,12.0,12.0,11.354999542236328,11.399999618530273,1.6758840084075928,55140
2008-01-04,11.5,11.5,10.899999618530273,10.994999885559082,1.6163458824157715,120350
2008-01-07,10.994999885559082,11.199999809265137,10.649999618530273,10.78499984741211,1.5854743719100952,138450
2008-01-08,10.725000381469727,11.25,10.199999809265137,10.324999809265137,1.5178509950637817,74170
2008-01-09,10.25,10.640000343322754,10.25,10.515000343322754,1.5457825660705566,15860
2008-01-10,10.520000457763672,10.520000457763672,9.71500015258789,10.395000457763672,1.528141736984253,56910
2008-01-11,9.90999984741211,10.25,9.8100004196167,9.954999923706055,1.4634582996368408,116930
2008-01-14,10.005000114440918,10.199999809265137,9.904999732971191,10.1899995803833,1.4980050325393677,6510
2008-01-15,10.0,10.399999618530273,10.0,10.220000267028809,1.5024151802062988,12720
2008-01-16,10.199999809265137,10.75,10.0,10.175000190734863,1.4958000183105469,186860
2008-01-17,10.199999809265137,10.345000267028809,9.899999618530273,10.125,1.4884494543075562,46340
2008-01-18,9.90999984741211,10.164999961853027,9.119999885559082,9.385000228881836,1.3796641826629639,17490
2008-01-21,9.8100004196167,9.8100004196167,8.109999656677246,8.425000190734863,1.238537073135376,28450
2008-01-22,6.800000190734863,10.0,6.800000190734863,8.210000038146973,1.2069306373596191,21090
2008-01-23,7.630000114440918,10.5,7.630000114440918,9.199999809265137,1.352467656135559,10840
2008-01-24,8.609999656677246,8.899999618530273,8.010000228881836,8.079999923706055,1.1878196001052856,18320
2008-01-25,9.5,9.680000305175781,7.760000228881836,8.050000190734863,1.183409333229065,52470
2008-01-28,7.800000190734863,7.90500020980835,7.300000190734863,7.570000171661377,1.1128458976745605,23110
2008-01-29,8.194999694824219,9.085000038146973,6.739999771118164,7.764999866485596,1.141512155532837,58390
2008-01-30,8.199999809265137,8.220000267028809,7.650000095367432,7.650000095367432,1.1246062517166138,12220
2008-01-31,7.5,7.800000190734863,7.309999942779541,7.420000076293945,1.0907946825027466,16040
2008-02-01,7.5,8.100000381469727,6.199999809265137,7.304999828338623,1.0738887786865234,126100
2008-02-04,7.400000095367432,7.75,7.349999904632568,7.389999866485596,1.0863844156265259,18290
2008-02-05,7.400000095367432,7.894999980926514,7.199999809265137,7.335000038146973,1.0782989263534546,79050
2008-02-06,7.650000095367432,7.650000095367432,7.400000095367432,7.449999809265137,1.0952048301696777,9900
2008-02-07,7.255000114440918,7.619999885559082,7.255000114440918,7.525000095367432,1.10623037815094,67450
2008-02-08,7.340000152587891,7.900000095367432,6.400000095367432,7.514999866485596,1.1047601699829102,237320
2008-02-11,7.125,7.284999847412109,6.929999828338623,7.010000228881836,1.0305218696594238,9600
2008-02-12,6.849999904632568,7.269999980926514,6.599999904632568,6.695000171661377,0.9842144846916199,15680
2008-02-13,6.775000095367432,6.880000114440918,6.5,6.514999866485596,0.9577530026435852,12430
2008-02-14,7.300000190734863,7.300000190734863,6.599999904632568,6.684999942779541,0.9827442765235901,8790
2008-02-15,6.235000133514404,7.0,6.224999904632568,7.0,1.0290515422821045,7400
2008-02-18,6.699999809265137,7.079999923706055,6.699999809265137,6.934999942779541,1.019495964050293,7710
2008-02-19,7.494999885559082,7.5,6.820000171661377,6.914999961853027,1.0165560245513916,110590
2008-02-20,6.744999885559082,6.994999885559082,6.730000019073486,6.994999885559082,1.0283167362213135,1870
2008-02-21,7.070000171661377,7.070000171661377,6.90500020980835,6.909999847412109,1.0158209800720215,79620
2008-02-22,7.0,7.099999904632568,6.735000133514404,6.815000057220459,1.0018552541732788,14400
2008-02-25,7.199999809265137,7.199999809265137,6.815000057220459,6.84499979019165,1.0062655210494995,6450
2008-02-26,6.820000171661377,7.085000038146973,6.820000171661377,6.869999885559082,1.009940505027771,5000
2008-02-27,7.099999904632568,7.099999904632568,6.820000171661377,6.855000019073486,1.0077354907989502,1310
2008-02-28,6.84499979019165,7.0,6.730000019073486,6.974999904632568,1.0253764390945435,4710
2008-02-29,7.494999885559082,7.494999885559082,6.75,6.900000095367432,1.0143510103225708,3380
2008-03-03,6.764999866485596,7.199999809265137,6.690000057220459,6.929999828338623,1.018761157989502,13200
2008-03-04,7.224999904632568,7.224999904632568,6.699999809265137,6.940000057220459,1.0202311277389526,9430
2008-03-05,6.699999809265137,6.829999923706055,6.510000228881836,6.545000076293945,0.9621633291244507,12260
2008-03-07,6.599999904632568,6.599999904632568,5.715000152587891,5.820000171661377,0.8555829524993896,59050
2008-03-10,5.21999979019165,6.300000190734863,5.199999809265137,5.974999904632568,0.8783689737319946,41970
2008-03-11,5.809999942779541,6.389999866485596,5.809999942779541,6.21999979019165,0.9143857359886169,12420
2008-03-12,6.675000190734863,6.675000190734863,6.150000095367432,6.150000095367432,0.9040952920913696,4570
2008-03-13,5.900000095367432,6.34499979019165,5.710000038146973,5.769999980926514,0.8482325077056885,21110
2008-03-14,5.599999904632568,6.045000076293945,5.579999923706055,5.974999904632568,0.8783689737319946,7710
2008-03-17,5.5,5.614999771118164,5.335000038146973,5.5,0.8085405826568604,13690
2008-03-18,5.0,5.599999904632568,5.0,5.400000095367432,0.7938398122787476,22960
2008-03-19,5.304999828338623,5.304999828338623,5.199999809265137,5.230000019073486,0.7688485980033875,13870
2008-03-24,4.699999809265137,5.340000152587891,4.699999809265137,5.105000019073486,0.7504726648330688,8830
2008-03-25,5.019999980926514,5.679999828338623,5.019999980926514,5.199999809265137,0.764438271522522,23990
2008-03-26,5.449999809265137,5.489999771118164,5.150000095367432,5.179999828338623,0.7614982724189758,18080
2008-03-27,5.059999942779541,5.389999866485596,5.059999942779541,5.380000114440918,0.7908996343612671,50100
2008-03-28,5.449999809265137,5.489999771118164,5.409999847412109,5.414999961853027,0.7960449457168579,3560
2008-03-31,6.210000038146973,6.300000190734863,5.150000095367432,5.309999942779541,0.7806090712547302,5890
2008-04-01,5.340000152587891,5.695000171661377,5.340000152587891,5.684999942779541,0.835736870765686,5510
2008-04-02,6.0,6.0,5.465000152587891,5.71999979019165,0.8408820629119873,12830
2008-04-03,6.09499979019165,6.09499979019165,5.704999923706055,5.974999904632568,0.8783689737319946,990
2008-04-04,5.889999866485596,5.889999866485596,5.5,5.559999942779541,0.817361056804657,2610
2008-04-07,5.110000133514404,5.784999847412109,5.110000133514404,5.784999847412109,0.8504376411437988,7390
2008-04-08,5.5,5.84499979019165,5.5,5.820000171661377,0.8555829524993896,1080
2008-04-09,5.875,5.875,5.53000020980835,5.590000152587891,0.8217712640762329,11300
2008-04-10,5.789999961853027,5.789999961853027,5.659999847412109,5.699999809265137,0.8379420042037964,1020
2008-04-11,5.724999904632568,6.045000076293945,5.724999904632568,5.804999828338623,0.8533776998519897,2670
2008-04-15,5.724999904632568,5.724999904632568,5.699999809265137,5.699999809265137,0.8379420042037964,47000
2008-04-16,6.039999961853027,6.144999980926514,6.0,6.130000114440918,0.9011551141738892,7040
2008-04-17,6.195000171661377,6.684999942779541,6.195000171661377,6.300000190734863,0.9261465072631836,38510
2008-04-21,6.309999942779541,6.800000190734863,6.309999942779541,6.465000152587891,0.9504026770591736,13300
2008-04-22,6.605000019073486,6.605000019073486,6.5,6.599999904632568,0.9702485799789429,2690
2008-04-23,6.554999828338623,6.744999885559082,6.5,6.724999904632568,0.9886245727539062,5040
2008-04-24,6.894999980926514,7.090000152587891,6.599999904632568,6.599999904632568,0.9702485799789429,53110
2008-04-25,6.40500020980835,6.78000020980835,6.40500020980835,6.465000152587891,0.9504026770591736,850
2008-04-28,6.400000095367432,6.630000114440918,6.315000057220459,6.420000076293945,0.9437872767448425,10120
2008-04-29,6.300000190734863,6.614999771118164,6.300000190734863,6.425000190734863,0.9445222020149231,13140
2008-04-30,6.300000190734863,6.800000190734863,6.28000020980835,6.800000190734863,0.9996501803398132,7600
2008-05-02,5.800000190734863,7.5,5.800000190734863,6.764999866485596,0.9945047497749329,22060
2008-05-05,7.380000114440918,7.5,7.0,7.289999961853027,1.0716837644577026,111920
2008-05-06,7.300000190734863,7.480000019073486,7.164999961853027,7.179999828338623,1.0555129051208496,16330
2008-05-07,7.489999771118164,7.489999771118164,7.105000019073486,7.190000057220459,1.0569829940795898,16400
2008-05-08,6.869999885559082,6.869999885559082,6.869999885559082,6.869999885559082,1.009940505027771,3000
2008-05-09,6.724999904632568,7.139999866485596,6.704999923706055,6.965000152587891,1.0239064693450928,18430
2008-05-12,6.15500020980835,6.690000057220459,6.15500020980835,6.364999771118164,0.9357019066810608,6900
2008-05-13,6.840000152587891,6.840000152587891,6.360000133514404,6.400000095367432,0.9408471584320068,8920
2008-05-14,6.40500020980835,6.679999828338623,6.400000095367432,6.40500020980835,0.9415822625160217,10800
2008-05-15,7.199999809265137,7.199999809265137,6.349999904632568,6.5,0.9555479288101196,18220
2008-05-16,6.380000114440918,7.0,6.349999904632568,6.474999904632568,0.9518727660179138,22290
2008-05-20,6.360000133514404,6.590000152587891,6.360000133514404,6.590000152587891,0.9687786102294922,4510
2008-05-21,6.505000114440918,6.505000114440918,6.505000114440918,6.505000114440918,0.9562829732894897,100
2008-05-22,6.505000114440918,6.605000019073486,6.505000114440918,6.605000019073486,0.9709836840629578,2750
2008-05-23,6.664999961853027,6.664999961853027,6.420000076293945,6.5,0.9555479288101196,8150
2008-05-26,6.25,6.494999885559082,6.25,6.449999809265137,0.9481975436210632,13910
2008-05-27,6.235000133514404,6.239999771118164,5.855000019073486,5.860000133514404,0.861463189125061,27580
2008-05-28,5.994999885559082,5.994999885559082,5.715000152587891,5.715000152587891,0.8401472568511963,8480
2008-05-29,5.699999809265137,5.760000228881836,5.53000020980835,5.534999847412109,0.8136857748031616,37820
2008-05-30,5.53000020980835,5.639999866485596,5.394999980926514,5.454999923706055,0.8019251227378845,14430
2008-06-02,5.510000228881836,5.550000190734863,5.125,5.420000076293945,0.7967799305915833,54540
2008-06-03,5.795000076293945,5.795000076293945,5.070000171661377,5.34499979019165,0.785754382610321,9890
2008-06-04,5.340000152587891,5.380000114440918,5.340000152587891,5.380000114440918,0.7908996343612671,5110
2008-06-05,5.380000114440918,5.650000095367432,5.380000114440918,5.650000095367432,0.8305917978286743,17390
2008-06-06,5.695000171661377,5.695000171661377,5.695000171661377,5.695000171661377,0.8372069597244263,1000
2008-06-09,5.025000095367432,5.150000095367432,5.025000095367432,5.139999866485596,0.7556178569793701,39000
2008-06-10,5.074999809265137,5.650000095367432,5.074999809265137,5.079999923706055,0.7467974424362183,17060
2008-06-11,5.650000095367432,5.650000095367432,5.099999904632568,5.105000019073486,0.7504726648330688,16020
2008-06-12,5.195000171661377,5.195000171661377,5.099999904632568,5.099999904632568,0.749737560749054,6000
2008-06-13,5.300000190734863,5.400000095367432,5.204999923706055,5.394999980926514,0.7931047677993774,14860
2008-06-16,5.574999809265137,5.574999809265137,5.300000190734863,5.554999828338623,0.8166259527206421,50
2008-06-17,5.304999828338623,5.5,5.300000190734863,5.5,0.8085405826568604,6020
2008-06-18,5.5,5.579999923706055,5.355000019073486,5.460000038146973,0.8026602268218994,9020
2008-06-19,5.400000095367432,5.400000095367432,5.135000228881836,5.235000133514404,0.7695836424827576,2750
2008-06-20,5.230000019073486,5.235000133514404,5.005000114440918,5.105000019073486,0.7504726648330688,41200
2008-06-23,4.804999828338623,5.0,4.769999980926514,4.820000171661377,0.708575427532196,9340
2008-06-24,4.429999828338623,4.769999980926514,4.429999828338623,4.769999980926514,0.7012251615524292,5200
2008-06-25,4.400000095367432,5.289999961853027,4.400000095367432,5.255000114440918,0.7725238800048828,16810
2008-06-26,5.010000228881836,5.224999904632568,5.010000228881836,5.010000228881836,0.7365069389343262,1820
2008-06-27,4.900000095367432,5.695000171661377,4.800000190734863,4.90500020980835,0.721071183681488,2540
2008-06-30,4.309999942779541,5.039999961853027,4.264999866485596,4.53000020980835,0.665943443775177,4420
2008-07-01,4.599999904632568,4.635000228881836,4.409999847412109,4.599999904632568,0.6762338280677795,16420
2008-07-02,4.400000095367432,4.800000190734863,4.400000095367432,4.739999771118164,0.6968148946762085,15730
2008-07-03,4.800000190734863,4.800000190734863,4.800000190734863,4.800000190734863,0.7056353688240051,0
2008-07-04,4.800000190734863,4.900000095367432,4.545000076293945,4.900000095367432,0.7203361988067627,2400
2008-07-07,4.699999809265137,5.204999923706055,4.699999809265137,5.190000057220459,0.7629683017730713,4420
2008-07-08,4.775000095367432,4.775000095367432,4.75,4.75,0.6982850432395935,2250
2008-07-09,4.940000057220459,5.199999809265137,4.940000057220459,5.199999809265137,0.764438271522522,1050
2008-07-10,4.949999809265137,4.949999809265137,4.900000095367432,4.900000095367432,0.7203361988067627,500
2008-07-11,4.699999809265137,5.199999809265137,4.699999809265137,5.150000095367432,0.7570879459381104,6540
2008-07-14,4.900000095367432,5.300000190734863,4.900000095367432,5.195000171661377,0.7637032866477966,4590
2008-07-15,4.900000095367432,4.900000095367432,4.800000190734863,4.815000057220459,0.7078405618667603,8700
2008-07-16,4.639999866485596,4.639999866485596,4.5,4.5,0.6615332961082458,8030
2008-07-17,4.550000190734863,4.550000190734863,4.545000076293945,4.545000076293945,0.6681485176086426,500
2008-07-18,4.900000095367432,4.900000095367432,4.489999771118164,4.800000190734863,0.7056353688240051,5500
2008-07-21,4.800000190734863,4.804999828338623,4.664999961853027,4.784999847412109,0.70343017578125,7180
2008-07-22,4.75,5.045000076293945,4.75,5.045000076293945,0.7416521310806274,4030
2008-07-23,5.179999828338623,5.179999828338623,5.09499979019165,5.09499979019165,0.7490025162696838,160
2008-07-24,5.949999809265137,6.114999771118164,4.96999979019165,5.150000095367432,0.7570879459381104,10750
2008-07-25,5.139999866485596,5.190000057220459,5.050000190734863,5.150000095367432,0.7570879459381104,8700
2008-07-28,5.25,5.5,5.25,5.309999942779541,0.7806090712547302,15300
2008-07-29,5.53000020980835,5.53000020980835,4.775000095367432,4.900000095367432,0.7203361988067627,25910
2008-07-30,5.099999904632568,5.099999904632568,4.71999979019165,4.824999809265137,0.7093104720115662,37660
2008-07-31,4.934999942779541,4.934999942779541,4.934999942779541,4.934999942779541,0.725481390953064,1000
2008-08-01,4.940000057220459,5.195000171661377,4.800000190734863,5.135000228881836,0.7548828125,1980
2008-08-04,5.199999809265137,5.820000171661377,4.940000057220459,5.449999809265137,0.801190197467804,23000
2008-08-05,5.5,6.385000228881836,5.429999828338623,5.744999885559082,0.8445574641227722,43760
2008-08-06,5.5,6.039999961853027,5.5,5.965000152587891,0.8768988847732544,52580
2008-08-07,5.704999923706055,6.380000114440918,5.699999809265137,5.889999866485596,0.8658733367919922,17830
2008-08-08,5.670000076293945,5.889999866485596,5.659999847412109,5.795000076293945,0.8519076704978943,11770
2008-08-11,5.625,6.050000190734863,5.625,6.005000114440918,0.8827793598175049,18200
2008-08-12,5.800000190734863,5.800000190734863,5.769999980926514,5.775000095367432,0.8489675521850586,2910
2008-08-13,5.710000038146973,5.949999809265137,5.710000038146973,5.920000076293945,0.8702836036682129,1340
2008-08-14,5.699999809265137,5.889999866485596,5.699999809265137,5.800000190734863,0.8526427149772644,30000
2008-08-18,6.0,6.09499979019165,5.800000190734863,5.824999809265137,0.8563178777694702,15750
2008-08-19,5.800000190734863,5.945000171661377,5.715000152587891,5.775000095367432,0.8489675521850586,5730
2008-08-20,5.800000190734863,6.0,5.800000190734863,5.985000133514404,0.8798390626907349,16250
2008-08-21,5.900000095367432,5.974999904632568,5.815000057220459,5.855000019073486,0.8607282042503357,41860
2008-08-22,6.0,6.159999847412109,5.885000228881836,6.079999923706055,0.8938047289848328,43530
2008-08-25,6.0,6.400000095367432,5.800000190734863,6.28000020980835,0.9232062697410583,75130
2008-08-26,5.929999828338623,6.179999828338623,5.929999828338623,6.085000038146973,0.8945397734642029,49100
2008-08-27,6.0,6.0,5.804999828338623,5.900000095367432,0.8673433065414429,3720
2008-08-28,6.0,6.349999904632568,6.0,6.28000020980835,0.9232062697410583,37020
2008-08-29,6.25,6.789999961853027,6.25,6.400000095367432,0.9408471584320068,149690
2008-09-01,6.5,6.585000038146973,6.349999904632568,6.5,0.9555479288101196,28380
2008-09-02,6.485000133514404,6.800000190734863,6.324999809265137,6.675000190734863,0.9812742471694946,60320
2008-09-04,6.5,7.099999904632568,6.425000190734863,6.960000038146973,1.0231711864471436,122830
2008-09-05,6.900000095367432,7.099999904632568,6.864999771118164,7.039999961853027,1.0349318981170654,25120
2008-09-08,7.099999904632568,7.210000038146973,7.0,7.110000133514404,1.045222282409668,50020
2008-09-09,7.099999904632568,7.25,7.0,7.099999904632568,1.0437524318695068,47720
2008-09-10,6.849999904632568,7.269999980926514,6.849999904632568,6.900000095367432,1.0143510103225708,95870
2008-09-11,6.800000190734863,6.90500020980835,6.75,6.75,1.2679386138916016,13320
2008-09-12,6.599999904632568,6.78000020980835,6.349999904632568,6.585000038146973,1.236944556236267,10010
2008-09-15,5.860000133514404,6.389999866485596,5.860000133514404,6.389999866485596,1.2003151178359985,5850
2008-09-16,6.0,6.260000228881836,5.900000095367432,6.150000095367432,1.1552327871322632,13160
2008-09-17,6.5,6.699999809265137,5.829999923706055,6.005000114440918,1.1279957294464111,7070
2008-09-18,5.900000095367432,5.900000095367432,5.880000114440918,5.880000114440918,1.1045153141021729,2000
2008-09-19,6.449999809265137,6.449999809265137,5.929999828338623,6.065000057220459,1.1392662525177002,10830
2008-09-22,6.0,6.394999980926514,6.0,6.315000057220459,1.1862269639968872,24880
2008-09-23,6.324999809265137,6.360000133514404,5.610000133514404,5.980000019073486,1.1232997179031372,41750
2008-09-24,6.170000076293945,6.224999904632568,6.09499979019165,6.159999847412109,1.1571111679077148,2980
2008-09-25,6.025000095367432,6.144999980926514,5.925000190734863,6.144999980926514,1.1542936563491821,3250
2008-09-26,5.900000095367432,5.925000190734863,5.400000095367432,5.650000095367432,1.0613116025924683,35200
2008-09-29,5.605000019073486,5.605000019073486,5.0,5.119999885559082,0.9617548584938049,33120
2008-09-30,5.0,5.389999866485596,4.699999809265137,5.139999866485596,0.9655117392539978,15780
2008-10-01,5.199999809265137,5.25,5.099999904632568,5.239999771118164,0.9842959642410278,13330
2008-10-03,5.300000190734863,5.579999923706055,5.25,5.420000076293945,1.0181076526641846,10260
2008-10-06,5.199999809265137,5.679999828338623,5.010000228881836,5.010000228881836,0.9410922527313232,27480
2008-10-07,5.0,5.400000095367432,4.699999809265137,4.889999866485596,0.9185510873794556,37540
2008-10-08,4.224999904632568,4.599999904632568,4.025000095367432,4.590000152587891,0.8621982336044312,26910
2008-10-10,4.010000228881836,4.800000190734863,4.0,4.554999828338623,0.8556236028671265,28080
2008-10-13,4.599999904632568,4.889999866485596,3.799999952316284,4.25,0.7983316779136658,33450
2008-10-14,4.260000228881836,4.574999809265137,3.700000047683716,4.489999771118164,0.8434140086174011,27170
2008-10-15,4.300000190734863,4.5,4.054999828338623,4.130000114440918,0.7757906317710876,88220
2008-10-16,4.099999904632568,4.5,4.0,4.239999771118164,0.7964532375335693,7950
2008-10-17,3.934999942779541,4.349999904632568,3.934999942779541,4.085000038146973,0.7673376798629761,13950
2008-10-20,4.125,4.195000171661377,3.4149999618530273,3.944999933242798,0.7410397529602051,49260
2008-10-21,4.445000171661377,4.474999904632568,3.9800000190734863,4.150000095367432,0.779547393321991,9010
2008-10-22,3.9749999046325684,3.9749999046325684,3.9600000381469727,3.9649999141693115,0.7447964549064636,1440
2008-10-23,4.019999980926514,4.019999980926514,3.640000104904175,3.7200000286102295,0.6987749934196472,2410
2008-10-24,3.8949999809265137,3.8949999809265137,3.575000047683716,3.575000047683716,0.6715378165245056,2000
2008-10-27,3.1649999618530273,4.179999828338623,3.1500000953674316,4.0,0.7513710260391235,16640
2008-10-29,4.099999904632568,4.184999942779541,4.099999904632568,4.135000228881836,0.7767298221588135,1670
2008-10-31,3.8550000190734863,3.859999895095825,3.799999952316284,3.859999895095825,0.725072979927063,7040
2008-11-03,4.050000190734863,4.050000190734863,3.815000057220459,4.03000020980835,0.7570063471794128,32050
2008-11-04,3.950000047683716,4.090000152587891,3.9200000762939453,4.0,0.7513710260391235,7370
2008-11-05,3.799999952316284,4.150000095367432,3.799999952316284,4.0,0.7513710260391235,14580
2008-11-06,3.950000047683716,4.0,3.8550000190734863,3.865000009536743,0.7260123491287231,3670
2008-11-07,3.9000000953674316,3.990000009536743,3.8499999046325684,3.9100000858306885,0.7344651818275452,7600
2008-11-10,4.235000133514404,4.235000133514404,4.0,4.099999904632568,0.7701552510261536,3670
2008-11-11,4.099999904632568,4.099999904632568,4.0,4.0,0.7513710260391235,17480
2008-11-12,3.9049999713897705,3.9049999713897705,3.9049999713897705,3.9049999713897705,0.7335260510444641,1000
2008-11-14,3.825000047683716,3.865000009536743,3.7100000381469727,3.7100000381469727,0.6968966126441956,10000
2008-11-17,3.5850000381469727,4.039999961853027,3.444999933242798,4.03000020980835,0.7570063471794128,64180
2008-11-18,4.099999904632568,4.099999904632568,3.315000057220459,3.6600000858306885,0.6875045299530029,45220
2008-11-19,3.575000047683716,3.575000047683716,3.575000047683716,3.575000047683716,0.6715378165245056,1000
2008-11-20,3.4000000953674316,3.700000047683716,3.299999952316284,3.700000047683716,0.6950181126594543,1020
2008-11-21,3.430000066757202,3.4649999141693115,3.115000009536743,3.3350000381469727,0.6264556646347046,26520
2008-11-24,3.494999885559082,3.494999885559082,3.240000009536743,3.259999990463257,0.6123673915863037,23030
2008-11-25,3.174999952316284,3.299999952316284,3.174999952316284,3.265000104904175,0.6133065819740295,2920
2008-11-26,3.174999952316284,3.299999952316284,3.174999952316284,3.265000104904175,0.6133065819740295,0
2008-11-28,3.434999942779541,3.7200000286102295,3.3499999046325684,3.3499999046325684,0.6292732357978821,5010
2008-12-01,3.200000047683716,3.259999990463257,3.200000047683716,3.259999990463257,0.6123673915863037,3420
2008-12-02,3.0999999046325684,3.5,3.015000104904175,3.0850000381469727,0.5794948935508728,8800
2008-12-03,3.005000114440918,3.130000114440918,3.0,3.049999952316284,0.5729204416275024,13000
2008-12-04,3.005000114440918,3.049999952316284,3.005000114440918,3.015000104904175,0.5663459300994873,7230
2008-12-05,3.0299999713897705,3.0950000286102295,3.0299999713897705,3.0950000286102295,0.5813733339309692,250
2008-12-08,3.109999895095825,3.109999895095825,3.109999895095825,3.109999895095825,0.5841909050941467,500
2008-12-10,3.109999895095825,3.109999895095825,3.109999895095825,3.109999895095825,0.5841909050941467,0
2008-12-11,3.125,3.125,3.125,3.125,0.5870085954666138,5000
2008-12-12,3.125,3.125,3.125,3.125,0.5870085954666138,0
2008-12-15,3.299999952316284,3.5799999237060547,3.1649999618530273,3.315000057220459,0.6226987838745117,19040
2008-12-16,3.450000047683716,3.450000047683716,3.299999952316284,3.325000047683716,0.6245771646499634,18660
2008-12-17,3.5,3.5,3.299999952316284,3.309999942779541,0.6217594742774963,7320
2008-12-18,3.2049999237060547,3.484999895095825,3.2049999237060547,3.484999895095825,0.654632031917572,140
2008-12-19,3.484999895095825,3.484999895095825,3.484999895095825,3.484999895095825,0.654632031917572,0
2008-12-22,3.5,3.740000009536743,3.5,3.7300000190734863,0.7006534337997437,520
2008-12-23,3.2100000381469727,3.5799999237060547,3.200000047683716,3.390000104904175,0.6367869973182678,22970
2008-12-24,3.200000047683716,3.700000047683716,3.200000047683716,3.234999895095825,0.6076712608337402,4070
2008-12-26,3.315000057220459,3.5450000762939453,3.315000057220459,3.5450000762939453,0.6659026145935059,1500
2008-12-29,3.1649999618530273,3.3299999237060547,3.0999999046325684,3.234999895095825,0.6076712608337402,4030
2008-12-30,3.7899999618530273,3.7899999618530273,3.2249999046325684,3.2249999046325684,0.6057928204536438,1060
2008-12-31,3.5299999713897705,3.75,3.5299999713897705,3.75,0.7044103741645813,36000
2009-01-02,3.5,3.75,3.5,3.75,0.7044103741645813,2760
2009-01-05,3.5999999046325684,3.619999885559082,3.5,3.5950000286102295,0.6752946972846985,2940
2009-01-06,3.5799999237060547,3.5999999046325684,3.309999942779541,3.3399999141693115,0.6273947358131409,10000
2009-01-07,3.5,3.5,3.2049999237060547,3.4000000953674316,0.6386653780937195,16990
2009-01-09,3.2149999141693115,3.5950000286102295,2.819999933242798,3.4800000190734863,0.6536927223205566,24520
2009-01-12,3.5,3.5,3.5,3.5,0.6574496626853943,2470
2009-01-13,3.0450000762939453,3.5450000762939453,3.0450000762939453,3.434999942779541,0.6452397704124451,2340
2009-01-14,3.549999952316284,3.5999999046325684,3.549999952316284,3.5999999046325684,0.6762339472770691,2500
2009-01-15,3.2850000858306885,3.5999999046325684,3.2850000858306885,3.559999942779541,0.6687202453613281,3920
2009-01-16,3.0,3.75,3.0,3.4200000762939453,0.6424223184585571,3200
2009-01-19,3.5999999046325684,3.609999895095825,3.3350000381469727,3.609999895095825,0.678112268447876,23000
2009-01-20,3.4000000953674316,3.75,3.3399999141693115,3.75,0.7044103741645813,1090
2009-01-21,3.75,3.75,3.75,3.75,0.7044103741645813,0
2009-01-22,3.444999933242798,3.7699999809265137,3.440000057220459,3.765000104904175,0.7072280049324036,28820
2009-01-23,3.3350000381469727,3.5,3.3350000381469727,3.5,0.6574496626853943,2310
2009-01-27,3.5999999046325684,3.640000104904175,3.5999999046325684,3.619999885559082,0.6799907088279724,30
2009-01-28,3.0399999618530273,3.4000000953674316,3.0250000953674316,3.375,0.6339693069458008,6100
2009-01-29,3.309999942779541,3.309999942779541,3.309999942779541,3.309999942779541,0.6217594742774963,50
2009-01-30,3.25,3.700000047683716,3.25,3.575000047683716,0.6715378165245056,28470
2009-02-02,3.684999942779541,3.684999942779541,3.4600000381469727,3.674999952316284,0.6903221607208252,1200
2009-02-03,3.5,3.9800000190734863,3.3299999237060547,3.809999942779541,0.7156809568405151,14120
2009-02-04,3.5899999141693115,3.5899999141693115,3.5899999141693115,3.5899999141693115,0.6743554472923279,1000
2009-02-05,3.5250000953674316,3.5250000953674316,3.5250000953674316,3.5250000953674316,0.662145733833313,500
2009-02-06,3.75,3.75,3.7049999237060547,3.7049999237060547,0.695957362651825,3820
2009-02-09,3.5,3.984999895095825,3.5,3.819999933242798,0.717559278011322,60
2009-02-10,3.674999952316284,3.875,3.6500000953674316,3.799999952316284,0.7138023972511292,18020
2009-02-11,3.5299999713897705,3.825000047683716,3.5299999713897705,3.825000047683716,0.7184985280036926,8750
2009-02-12,3.799999952316284,3.875,3.569999933242798,3.734999895095825,0.7015926241874695,6540
2009-02-13,3.555000066757202,3.8399999141693115,3.555000066757202,3.7200000286102295,0.6987749934196472,10060
2009-02-16,3.4100000858306885,3.4100000858306885,3.4100000858306885,3.4100000858306885,0.6405439376831055,1000
2009-02-17,3.4100000858306885,3.4100000858306885,3.4100000858306885,3.4100000858306885,0.6405439376831055,0
2009-02-18,3.5999999046325684,3.9649999141693115,3.5999999046325684,3.7249999046325684,0.6997142434120178,13400
2009-02-19,3.700000047683716,3.799999952316284,3.6600000858306885,3.6600000858306885,0.6875045299530029,2060
2009-02-20,4.0,4.0,3.569999933242798,3.8450000286102295,0.7222554087638855,16930
2009-02-24,3.3499999046325684,4.210000038146973,3.3499999046325684,3.75,0.7044103741645813,4150
2009-02-25,3.365000009536743,4.264999866485596,3.365000009536743,3.984999895095825,0.7485532760620117,10750
2009-02-26,3.430000066757202,3.994999885559082,3.430000066757202,3.8949999809265137,0.7316474914550781,5250
2009-02-27,3.5850000381469727,3.990000009536743,3.5850000381469727,3.619999885559082,0.6799907088279724,6430
2009-03-02,3.5999999046325684,3.6500000953674316,3.5999999046325684,3.6500000953674316,0.6856260299682617,3000
2009-03-03,3.5,3.5,3.5,3.5,0.6574496626853943,340
2009-03-04,3.819999933242798,3.819999933242798,3.799999952316284,3.799999952316284,0.7138023972511292,1300
2009-03-05,3.515000104904175,3.990000009536743,3.515000104904175,3.765000104904175,0.7072280049324036,15320
2009-03-06,3.799999952316284,3.799999952316284,3.7149999141693115,3.7149999141693115,0.6978358626365662,2000
2009-03-09,4.164999961853027,4.164999961853027,4.164999961853027,4.164999961853027,0.7823650240898132,200
2009-03-12,3.7750000953674316,3.7750000953674316,3.7750000953674316,3.7750000953674316,0.7091063857078552,400
2009-03-13,3.9000000953674316,3.984999895095825,3.9000000953674316,3.984999895095825,0.7485532760620117,5500
2009-03-16,3.9000000953674316,4.099999904632568,3.9000000953674316,4.079999923706055,0.7663984298706055,9090
2009-03-17,3.7249999046325684,3.9100000858306885,3.7249999046325684,3.9000000953674316,0.7325867414474487,3160
2009-03-18,3.6449999809265137,4.545000076293945,3.6449999809265137,3.8550000190734863,0.7241337895393372,8780
2009-03-19,3.700000047683716,3.8499999046325684,3.700000047683716,3.8499999046325684,0.7231945395469666,90
2009-03-20,4.269999980926514,4.269999980926514,3.8299999237060547,3.8299999237060547,0.7194377779960632,2370
2009-03-23,3.8299999237060547,3.8299999237060547,3.8299999237060547,3.8299999237060547,0.7194377779960632,0
2009-03-24,4.25,4.25,3.700000047683716,3.9800000190734863,0.7476141452789307,56030
2009-03-25,3.759999990463257,3.8499999046325684,3.759999990463257,3.8499999046325684,0.7231945395469666,1000
2009-03-26,3.984999895095825,3.994999885559082,3.7850000858306885,3.7850000858306885,0.7109848856925964,49410
2009-03-27,3.700000047683716,4.0,3.5999999046325684,3.9000000953674316,0.7325867414474487,6800
2009-03-30,3.799999952316284,4.085000038146973,3.799999952316284,4.079999923706055,0.7663984298706055,2800
2009-03-31,3.9000000953674316,3.9000000953674316,3.9000000953674316,3.9000000953674316,0.7325867414474487,250
2009-04-01,3.819999933242798,4.0,3.819999933242798,4.0,0.7513710260391235,7000
2009-04-02,4.204999923706055,4.480000019073486,4.199999809265137,4.34499979019165,0.81617671251297,13020
2009-04-06,4.5,4.5,4.300000190734863,4.300000190734863,0.8077238202095032,2210
2009-04-08,4.96999979019165,4.96999979019165,4.125,4.579999923706055,0.8603197932243347,1240
2009-04-09,4.599999904632568,4.800000190734863,4.349999904632568,4.5,0.8452923893928528,4620
2009-04-13,4.300000190734863,5.09499979019165,4.300000190734863,4.590000152587891,0.8621982336044312,82670
2009-04-15,4.5,5.28000020980835,4.5,5.244999885559082,0.9852351546287537,111190
2009-04-16,6.179999828338623,6.179999828338623,5.005000114440918,5.110000133514404,0.9598764181137085,283280
2009-04-17,4.735000133514404,4.735000133514404,4.599999904632568,4.704999923706055,0.8838001489639282,1580
2009-04-20,4.659999847412109,5.0,4.65500020980835,4.65500020980835,0.8744080662727356,470
2009-04-21,4.264999866485596,5.25,4.264999866485596,5.005000114440918,0.9401529431343079,15040
2009-04-22,5.059999942779541,5.275000095367432,5.059999942779541,5.199999809265137,0.9767822623252869,58000
2009-04-23,5.0,5.190000057220459,5.0,5.099999904632568,0.9579980373382568,40010
2009-04-24,5.190000057220459,5.190000057220459,5.014999866485596,5.119999885559082,0.9617548584938049,26020
2009-04-27,5.099999904632568,5.300000190734863,5.010000228881836,5.010000228881836,0.9410922527313232,7410
2009-04-28,5.289999961853027,5.289999961853027,5.010000228881836,5.190000057220459,0.97490394115448,37100
2009-04-29,5.0,5.159999847412109,5.0,5.085000038146973,0.9551804661750793,31500
2009-05-04,5.010000228881836,5.25,5.010000228881836,5.25,0.986174464225769,9540
2009-05-05,5.039999961853027,5.050000190734863,4.420000076293945,4.679999828338623,0.8791040778160095,41830
2009-05-06,5.28000020980835,5.28000020980835,4.820000171661377,4.925000190734863,0.9251254796981812,13110
2009-05-07,4.699999809265137,5.295000076293945,4.364999771118164,4.614999771118164,0.8668941855430603,29510
2009-05-08,4.690000057220459,5.050000190734863,4.40500020980835,4.494999885559082,0.844353199005127,28380
2009-05-11,4.329999923706055,4.559999942779541,4.329999923706055,4.460000038146973,0.837778627872467,11100
2009-05-12,4.639999866485596,4.639999866485596,4.329999923706055,4.349999904632568,0.8171159029006958,80320
2009-05-13,4.644999980926514,5.0,4.630000114440918,4.934999942779541,0.9270039796829224,198980
2009-05-14,4.840000152587891,5.300000190734863,4.329999923706055,5.164999961853027,0.9702078700065613,231310
2009-05-15,4.849999904632568,5.289999961853027,4.610000133514404,5.065000057220459,0.9514236450195312,216440
2009-05-18,4.949999809265137,4.949999809265137,4.949999809265137,4.949999809265137,0.9298216104507446,0
2009-05-19,4.800000190734863,5.84499979019165,4.800000190734863,5.65500020980835,1.0622509717941284,43280
2009-05-20,4.610000133514404,6.590000152587891,4.610000133514404,6.190000057220459,1.1627466678619385,145790
2009-05-21,5.800000190734863,6.0,5.599999904632568,5.764999866485596,1.0829133987426758,84680
2009-05-22,5.525000095367432,5.925000190734863,5.525000095367432,5.614999771118164,1.0547370910644531,18220
2009-05-25,5.400000095367432,6.0,5.400000095367432,5.744999885559082,1.0791566371917725,56810
2009-05-26,6.005000114440918,6.284999847412109,5.65500020980835,5.710000038146973,1.0725822448730469,41040
2009-05-27,5.514999866485596,6.090000152587891,5.510000228881836,5.755000114440918,1.0810350179672241,54100
2009-05-28,5.889999866485596,6.110000133514404,5.744999885559082,6.110000133514404,1.1477192640304565,46980
2009-05-29,6.0,6.460000038146973,5.800000190734863,6.28000020980835,1.1796525716781616,70710
2009-06-01,6.28000020980835,6.900000095367432,6.0,6.699999809265137,1.2585464715957642,116720
2009-06-02,6.414999961853027,6.625,6.300000190734863,6.364999771118164,1.1956191062927246,30430
2009-06-03,5.699999809265137,7.0,5.699999809265137,6.980000019073486,1.3111422061920166,168000
2009-06-04,6.400000095367432,7.0,6.400000095367432,6.84499979019165,1.2857837677001953,46890
2009-06-05,6.554999828338623,7.099999904632568,6.5,6.570000171661377,1.2341268062591553,38970
2009-06-08,6.300000190734863,6.800000190734863,5.71999979019165,6.045000076293945,1.1355093717575073,57000
2009-06-09,6.394999980926514,6.394999980926514,5.800000190734863,5.960000038146973,1.1195428371429443,29610
2009-06-10,5.739999771118164,6.239999771118164,5.510000228881836,5.610000133514404,1.0537978410720825,153670
2009-06-11,5.599999904632568,5.690000057220459,5.545000076293945,5.690000057220459,1.0688252449035645,3470
2009-06-12,5.400000095367432,5.84499979019165,5.400000095367432,5.579999923706055,1.048162579536438,51680
2009-06-15,5.300000190734863,5.699999809265137,5.300000190734863,5.650000095367432,1.0613116025924683,43460
2009-06-16,5.40500020980835,6.125,5.40500020980835,5.630000114440918,1.0575547218322754,18800
2009-06-17,5.199999809265137,5.96999979019165,5.199999809265137,5.53000020980835,1.0387705564498901,6440
2009-06-18,5.414999961853027,5.849999904632568,5.300000190734863,5.400000095367432,1.0143510103225708,31820
2009-06-19,5.409999847412109,5.84499979019165,5.400000095367432,5.800000190734863,1.089487910270691,47000
2009-06-22,5.510000228881836,5.989999771118164,5.510000228881836,5.800000190734863,1.089487910270691,25000
2009-06-23,5.599999904632568,6.170000076293945,5.5,5.900000095367432,1.1082721948623657,63130
2009-06-24,5.684999942779541,6.349999904632568,5.684999942779541,6.289999961853027,1.1815309524536133,14500
2009-06-25,6.474999904632568,6.474999904632568,5.730000019073486,5.875,1.1035760641098022,29650
2009-06-26,6.389999866485596,6.389999866485596,5.574999809265137,6.204999923706055,1.1655644178390503,26330
2009-06-29,5.840000152587891,6.099999904632568,5.840000152587891,6.0,1.1270564794540405,46590
2009-06-30,5.900000095367432,6.159999847412109,5.400000095367432,5.599999904632568,1.0519193410873413,80020
2009-07-01,5.599999904632568,5.599999904632568,5.335000038146973,5.445000171661377,1.022803783416748,58060
2009-07-02,5.364999771118164,5.679999828338623,5.364999771118164,5.5,1.0331350564956665,4000
2009-07-03,5.349999904632568,5.764999866485596,5.349999904632568,5.5,1.0331350564956665,16950
2009-07-06,5.744999885559082,5.744999885559082,5.019999980926514,5.485000133514404,1.0303176641464233,32000
2009-07-07,5.199999809265137,5.635000228881836,5.199999809265137,5.585000038146973,1.0491018295288086,1230
2009-07-08,5.300000190734863,5.400000095367432,5.065000057220459,5.119999885559082,0.9617548584938049,1030
2009-07-09,4.900000095367432,5.650000095367432,4.900000095367432,5.519999980926514,1.0368919372558594,2760
2009-07-10,5.300000190734863,5.389999866485596,4.855000019073486,5.135000228881836,0.964572548866272,14940
2009-07-13,4.989999771118164,5.099999904632568,4.824999809265137,4.829999923706055,0.9072805047035217,14780
2009-07-14,5.300000190734863,5.300000190734863,5.005000114440918,5.289999961853027,0.9936881065368652,20000
2009-07-15,4.960000038146973,5.355000019073486,4.960000038146973,5.190000057220459,0.97490394115448,18000
2009-07-16,5.369999885559082,5.369999885559082,5.114999771118164,5.315000057220459,0.9983842968940735,2870
2009-07-17,5.255000114440918,5.980000019073486,5.210000038146973,5.574999809265137,1.047223448753357,20150
2009-07-20,5.5,5.679999828338623,5.400000095367432,5.40500020980835,1.0152901411056519,1120
2009-07-21,5.400000095367432,5.650000095367432,5.164999961853027,5.570000171661377,1.0462843179702759,9020
2009-07-22,5.679999828338623,5.900000095367432,5.505000114440918,5.900000095367432,1.1082721948623657,7370
2009-07-23,6.0,6.119999885559082,5.90500020980835,6.0,1.1270564794540405,5000
2009-07-24,6.005000114440918,6.639999866485596,6.005000114440918,6.505000114440918,1.2219171524047852,33070
2009-07-27,6.699999809265137,7.400000095367432,6.210000038146973,6.625,1.2444581985473633,53000
2009-07-28,6.820000171661377,6.985000133514404,6.570000171661377,6.630000114440918,1.2453975677490234,3400
2009-07-29,6.400000095367432,6.400000095367432,5.804999828338623,5.925000190734863,1.1129683256149292,58600
2009-07-30,6.050000190734863,6.590000152587891,5.960000038146973,6.190000057220459,1.1627466678619385,115370
2009-07-31,6.300000190734863,6.300000190734863,6.019999980926514,6.019999980926514,1.130813479423523,20000
2009-08-03,5.699999809265137,6.349999904632568,5.699999809265137,6.309999942779541,1.1852877140045166,131480
2009-08-04,6.985000133514404,6.985000133514404,5.699999809265137,6.5,1.220977783203125,97000
2009-08-05,6.215000152587891,6.550000190734863,6.215000152587891,6.324999809265137,1.1881052255630493,22000
2009-08-06,6.315000057220459,6.474999904632568,6.315000057220459,6.375,1.1974976062774658,85010
2009-08-07,6.099999904632568,6.199999809265137,5.974999904632568,6.0,1.1270564794540405,56000
2009-08-10,6.735000133514404,6.735000133514404,5.849999904632568,5.880000114440918,1.1045153141021729,11420
2009-08-11,6.460000038146973,6.5,5.735000133514404,5.900000095367432,1.1082721948623657,23000
2009-08-12,5.849999904632568,6.079999923706055,5.849999904632568,6.074999809265137,1.1411446332931519,1290
2009-08-13,5.840000152587891,6.78000020980835,5.840000152587891,6.300000190734863,1.183409333229065,49080
2009-08-14,6.175000190734863,6.449999809265137,6.175000190734863,6.28000020980835,1.1796525716781616,62680
2009-08-17,6.135000228881836,6.349999904632568,6.135000228881836,6.139999866485596,1.153354525566101,5300
2009-08-18,5.949999809265137,6.5,5.949999809265137,6.204999923706055,1.1655644178390503,11990
2009-08-19,6.25,6.599999904632568,6.019999980926514,6.105000019073486,1.1467801332473755,218300
2009-08-20,6.0,6.179999828338623,5.730000019073486,5.900000095367432,1.1082721948623657,68340
2009-08-21,6.480000019073486,6.480000019073486,5.820000171661377,5.894999980926514,1.1073329448699951,19690
2009-08-24,6.099999904632568,6.099999904632568,5.5,5.994999885559082,1.1261173486709595,84000
2009-08-25,5.699999809265137,6.244999885559082,5.699999809265137,6.0,1.1270564794540405,72000
2009-08-26,6.485000133514404,6.485000133514404,5.954999923706055,6.034999847412109,1.1336311101913452,102030
2009-08-27,6.0,6.03000020980835,5.90500020980835,6.0,1.1270564794540405,36000
2009-08-28,6.0,6.025000095367432,5.900000095367432,5.90500020980835,1.1092114448547363,31370
2009-08-31,5.5,6.099999904632568,5.5,5.994999885559082,1.1261173486709595,49020
2009-09-01,6.0,6.400000095367432,5.900000095367432,5.954999923706055,1.1186037063598633,177740
2009-09-02,6.090000152587891,6.599999904632568,5.914999961853027,6.389999866485596,1.2003151178359985,143030
2009-09-03,6.489999771118164,6.730000019073486,6.050000190734863,6.070000171661377,1.1402053833007812,164210
2009-09-04,6.159999847412109,7.284999847412109,6.010000228881836,7.25,1.3618597984313965,1868790
2009-09-07,7.289999961853027,7.599999904632568,6.724999904632568,6.960000038146973,1.3073854446411133,1700310
2009-09-08,7.039999961853027,7.099999904632568,6.510000228881836,6.514999866485596,1.2237955331802368,222370
2009-09-09,7.079999923706055,7.079999923706055,6.625,6.670000076293945,1.2529113292694092,253600
2009-09-10,6.900000095367432,6.900000095367432,6.454999923706055,6.605000019073486,1.24070143699646,140070
2009-09-11,6.699999809265137,6.699999809265137,6.324999809265137,6.510000228881836,1.2228564023971558,149750
2009-09-14,6.925000190734863,6.925000190734863,6.179999828338623,6.275000095367432,1.178713321685791,245590
2009-09-15,6.170000076293945,7.059999942779541,6.170000076293945,6.574999809265137,1.2350660562515259,984700
2009-09-16,6.610000133514404,6.800000190734863,6.414999961853027,6.489999771118164,1.2190992832183838,125080
2009-09-17,6.610000133514404,7.289999961853027,6.610000133514404,6.769999980926514,1.2716953754425049,968240
2009-09-18,6.849999904632568,7.050000190734863,6.730000019073486,6.875,1.2914189100265503,361040
2009-09-22,7.0,7.335000038146973,6.914999961853027,6.980000019073486,1.3111422061920166,317570
2009-09-23,7.0,7.0,6.650000095367432,6.710000038146973,1.6054316759109497,37060
2009-09-24,6.625,6.860000133514404,6.510000228881836,6.795000076293945,1.625768780708313,48000
2009-09-25,6.710000038146973,7.340000152587891,6.260000228881836,7.050000190734863,1.6867799758911133,420320
2009-09-29,7.099999904632568,7.175000190734863,6.860000133514404,6.934999942779541,1.659265160560608,56870
2009-09-30,7.0,7.175000190734863,6.855000019073486,6.900000095367432,1.6508911848068237,135670
2009-10-01,7.09499979019165,7.09499979019165,6.710000038146973,6.744999885559082,1.6138056516647339,98850
2009-10-05,6.519999980926514,7.190000057220459,6.519999980926514,6.880000114440918,1.6461060047149658,652600
2009-10-06,7.0,7.0,6.630000114440918,6.695000171661377,1.6018428802490234,43240
2009-10-07,6.599999904632568,7.010000228881836,6.599999904632568,6.809999942779541,1.6293576955795288,144820
2009-10-08,6.849999904632568,6.980000019073486,6.5,6.755000114440918,1.6161984205245972,28000
2009-10-09,6.565000057220459,7.590000152587891,6.565000057220459,7.105000019073486,1.6999391317367554,2616140
2009-10-12,7.550000190734863,7.675000190734863,7.090000152587891,7.554999828338623,1.8076061010360718,889730
2009-10-14,7.610000133514404,8.199999809265137,7.610000133514404,7.804999828338623,1.8674207925796509,1620900
2009-10-15,7.900000095367432,7.989999771118164,7.400000095367432,7.545000076293945,1.8052133321762085,233620
2009-10-16,7.625,7.900000095367432,7.554999828338623,7.699999809265137,1.8422985076904297,203900
2009-10-20,7.849999904632568,8.069999694824219,7.059999942779541,7.670000076293945,1.8351210355758667,207330
2009-10-21,7.664999961853027,7.800000190734863,7.364999771118164,7.480000019073486,1.7896615266799927,64250
2009-10-22,7.414999961853027,7.675000190734863,7.414999961853027,7.505000114440918,1.7956428527832031,64580
2009-10-23,7.505000114440918,7.650000095367432,7.400000095367432,7.465000152587891,1.7860726118087769,28000
2009-10-26,7.175000190734863,8.020000457763672,7.175000190734863,7.585000038146973,1.8147839307785034,371740
2009-10-27,7.5,7.599999904632568,7.03000020980835,7.130000114440918,1.705920696258545,118370
2009-10-28,7.199999809265137,7.389999866485596,7.0,7.195000171661377,1.7214726209640503,117870
2009-10-29,6.849999904632568,7.579999923706055,6.849999904632568,7.375,1.7645394802093506,40900
2009-10-30,7.599999904632568,7.599999904632568,7.054999828338623,7.139999866485596,1.7083133459091187,203540
2009-11-03,7.494999885559082,7.494999885559082,6.610000133514404,6.800000190734863,1.626965045928955,79000
2009-11-04,7.0,7.244999885559082,6.670000076293945,6.789999961853027,1.6245722770690918,223180
2009-11-05,7.09499979019165,7.09499979019165,6.664999961853027,6.940000057220459,1.6604613065719604,48450
2009-11-06,6.875,7.34499979019165,6.875,7.070000171661377,1.6915651559829712,34690
2009-11-09,6.840000152587891,7.349999904632568,6.835000038146973,7.309999942779541,1.7489874362945557,21930
2009-11-10,7.5,7.980000019073486,7.400000095367432,7.840000152587891,1.8757950067520142,245310
2009-11-11,8.494999885559082,8.494999885559082,7.800000190734863,7.965000152587891,1.9057024717330933,291690
2009-11-12,7.920000076293945,8.020000457763672,7.650000095367432,7.760000228881836,1.8566540479660034,79990
2009-11-13,7.900000095367432,8.149999618530273,7.704999923706055,8.039999961853027,1.9236469268798828,90460
2009-11-16,8.0,9.449999809265137,8.0,8.760000228881836,2.095913887023926,1961980
2009-11-17,8.800000190734863,9.170000076293945,8.555000305175781,8.729999542236328,2.088736057281494,395760
2009-11-18,8.220000267028809,9.199999809265137,8.220000267028809,8.96500015258789,2.1449618339538574,232730
2009-11-19,9.0,9.100000381469727,8.420000076293945,8.795000076293945,2.10428786277771,140660
2009-11-20,8.420000076293945,8.994999885559082,8.420000076293945,8.770000457763672,2.09830641746521,41000
2009-11-23,8.670000076293945,9.649999618530273,8.649999618530273,9.569999694824219,2.2897138595581055,1839550
2009-11-24,9.770000457763672,10.4399995803833,9.550000190734863,9.854999542236328,2.357903003692627,811270
2009-11-25,9.890000343322754,10.0,9.539999961853027,9.574999809265137,2.290910243988037,197030
2009-11-26,9.600000381469727,9.800000190734863,9.095000267028809,9.204999923706055,2.2023844718933105,127910
2009-11-27,9.0,9.180000305175781,8.710000038146973,9.015000343322754,2.1569252014160156,145170
2009-11-30,9.359999656677246,9.579999923706055,8.899999618530273,9.010000228881836,2.155728816986084,107360
2009-12-01,9.335000038146973,9.335000038146973,9.039999961853027,9.09000015258789,2.1748695373535156,41750
2009-12-02,9.0,9.244999885559082,8.800000190734863,8.949999809265137,2.1413731575012207,269490
2009-12-03,9.0,9.800000190734863,9.0,9.34000015258789,2.234684467315674,414850
2009-12-04,9.130000114440918,9.609999656677246,9.010000228881836,9.09000015258789,2.1748695373535156,453970
2009-12-07,9.100000381469727,9.28499984741211,8.800000190734863,9.104999542236328,2.1784582138061523,117280
2009-12-08,9.234999656677246,9.395000457763672,9.055000305175781,9.204999923706055,2.2023844718933105,194500
2009-12-09,9.300000190734863,9.300000190734863,9.015000343322754,9.03499984741211,2.161710023880005,153510
2009-12-10,9.1899995803833,9.239999771118164,8.96500015258789,9.100000381469727,2.1772620677948,86290
2009-12-11,9.324999809265137,9.324999809265137,9.050000190734863,9.069999694824219,2.1700844764709473,78660
2009-12-14,9.09000015258789,9.279999732971191,9.029999732971191,9.0649995803833,2.1688878536224365,48920
2009-12-15,9.239999771118164,9.239999771118164,8.720000267028809,8.824999809265137,2.1114654541015625,46020
2009-12-16,8.699999809265137,8.994999885559082,8.510000228881836,8.720000267028809,2.08634352684021,51580
2009-12-17,8.75,9.800000190734863,8.75,9.244999885559082,2.2119548320770264,871070
2009-12-18,8.850000381469727,9.449999809265137,8.805000305175781,8.970000267028809,2.146158456802368,177010
2009-12-21,9.494999885559082,9.600000381469727,8.824999809265137,8.869999885559082,2.122232437133789,61600
2009-12-22,8.875,9.095000267028809,8.84000015258789,8.9399995803833,2.1389803886413574,47320
2010-01-04,9.239999771118164,9.979999542236328,9.239999771118164,9.899999618530273,2.3686695098876953,279810
2010-01-05,10.0,11.770000457763672,10.0,11.050000190734863,2.6438181400299072,5612360
2010-01-06,11.050000190734863,11.199999809265137,10.399999618530273,10.850000381469727,2.5959665775299072,647110
2010-01-07,10.850000381469727,11.0,10.510000228881836,10.619999885559082,2.5409367084503174,175710
2010-01-08,10.40999984741211,10.890000343322754,10.354999542236328,10.449999809265137,2.5002622604370117,175620
2010-01-11,10.789999961853027,10.899999618530273,10.100000381469727,10.524999618530273,2.518206834793091,153620
2010-01-12,10.6850004196167,10.75,10.329999923706055,10.395000457763672,2.487103223800659,113700
2010-01-13,10.324999809265137,11.399999618530273,10.324999809265137,10.835000038146973,2.592377185821533,611250
2010-01-14,10.8100004196167,11.399999618530273,10.699999809265137,11.0600004196167,2.6462111473083496,334060
2010-01-15,11.199999809265137,11.300000190734863,10.600000381469727,10.795000076293945,2.5828070640563965,95490
2010-01-18,10.600000381469727,11.100000381469727,10.600000381469727,10.805000305175781,2.5851995944976807,52850
2010-01-19,10.710000038146973,11.949999809265137,10.699999809265137,11.135000228881836,2.6641552448272705,2213220
2010-01-20,11.149999618530273,11.569999694824219,10.899999618530273,11.095000267028809,2.6545848846435547,554520
2010-01-21,11.0,11.09000015258789,10.510000228881836,10.680000305175781,2.5552921295166016,285580
2010-01-22,10.399999618530273,10.699999809265137,10.140000343322754,10.375,2.482318162918091,173320
2010-01-25,10.255000114440918,11.300000190734863,10.255000114440918,10.859999656677246,2.5983588695526123,335940
2010-01-27,11.180000305175781,11.180000305175781,9.899999618530273,10.154999732971191,2.429680824279785,251240
2010-01-28,10.3100004196167,10.475000381469727,9.510000228881836,9.680000305175781,2.3160324096679688,127420
2010-01-29,9.600000381469727,10.479999542236328,8.729999542236328,9.0649995803833,2.1688878536224365,3789180
2010-02-01,8.899999618530273,9.625,8.829999923706055,9.385000228881836,2.245450973510742,350750
2010-02-02,9.399999618530273,9.585000038146973,8.899999618530273,8.970000267028809,2.146158456802368,347190
2010-02-03,9.0,9.1899995803833,8.819999694824219,8.925000190734863,2.1353914737701416,338810
2010-02-04,8.699999809265137,9.145000457763672,8.529999732971191,8.984999656677246,2.149747133255005,194140
2010-02-05,8.779999732971191,8.800000190734863,8.5,8.524999618530273,2.0396878719329834,117840
2010-02-08,8.505000114440918,8.895000457763672,8.5,8.694999694824219,2.080361843109131,107560
2010-02-09,8.600000381469727,8.75,8.5600004196167,8.609999656677246,2.0600247383117676,43240
2010-02-10,8.510000228881836,9.074999809265137,8.510000228881836,8.850000381469727,2.1174471378326416,131570
2010-02-11,8.895000457763672,8.895000457763672,8.625,8.770000457763672,2.09830641746521,50840
2010-02-15,8.774999618530273,9.25,8.744999885559082,9.095000267028809,2.1760659217834473,151040
2010-02-16,9.0,10.914999961853027,9.0,10.664999961853027,2.5517032146453857,17113770
2010-02-17,10.670000076293945,10.789999961853027,9.654999732971191,9.819999694824219,2.3495290279388428,4482360
2010-02-18,9.789999961853027,10.270000457763672,9.600000381469727,9.649999618530273,2.308854818344116,1759870
2010-02-19,9.5,9.78499984741211,9.359999656677246,9.420000076293945,2.2538249492645264,606660
2010-02-22,9.520000457763672,9.649999618530273,9.005000114440918,9.109999656677246,2.179654359817505,309460
2010-02-23,8.800000190734863,9.1899995803833,8.760000228881836,8.960000038146973,2.143765687942505,304450
2010-02-24,9.0,9.0,8.529999732971191,8.635000228881836,2.0660064220428467,175670
2010-02-25,8.600000381469727,8.795000076293945,8.505000114440918,8.574999809265137,2.0516507625579834,215390
2010-02-26,8.699999809265137,9.039999961853027,8.510000228881836,8.789999961853027,2.1030917167663574,149170
2010-03-02,8.699999809265137,9.1899995803833,8.699999809265137,9.100000381469727,2.1772620677948,98080
2010-03-03,9.395000457763672,9.829999923706055,9.260000228881836,9.380000114440918,2.2442545890808105,641150
2010-03-04,9.680000305175781,9.680000305175781,9.220000267028809,9.345000267028809,2.2358806133270264,191790
2010-03-05,9.300000190734863,9.640000343322754,9.300000190734863,9.414999961853027,2.2526285648345947,141580
2010-03-08,9.5600004196167,9.699999809265137,9.414999961853027,9.454999923706055,2.2621994018554688,90500
2010-03-09,9.505000114440918,9.505000114440918,9.220000267028809,9.234999656677246,2.209561824798584,56230
2010-03-10,9.0,9.550000190734863,9.0,9.175000190734863,2.195206642150879,118950
2010-03-11,9.199999809265137,9.699999809265137,9.130000114440918,9.3149995803833,2.2287027835845947,293730
2010-03-12,9.399999618530273,10.585000038146973,9.399999618530273,10.15999984741211,2.430877685546875,13364190
2010-03-15,9.989999771118164,10.1899995803833,9.520000457763672,9.635000228881836,2.3052661418914795,805620
2010-03-16,9.699999809265137,9.9399995803833,9.420000076293945,9.694999694824219,2.3196215629577637,275150
2010-03-17,9.949999809265137,10.199999809265137,9.699999809265137,9.755000114440918,2.333976984024048,827760
2010-03-18,9.800000190734863,9.800000190734863,9.5,9.539999961853027,2.282536268234253,88860
2010-03-19,9.550000190734863,9.699999809265137,9.255000114440918,9.414999961853027,2.2526285648345947,171250
2010-03-22,9.020000457763672,9.46500015258789,9.020000457763672,9.180000305175781,2.1964030265808105,100620
2010-03-23,9.154999732971191,9.600000381469727,9.145000457763672,9.229999542236328,2.2083654403686523,83720
2010-03-25,9.199999809265137,9.595000267028809,9.100000381469727,9.244999885559082,2.2119548320770264,134630
2010-03-26,9.350000381469727,9.390000343322754,9.0600004196167,9.199999809265137,2.201188087463379,77640
2010-03-29,9.204999923706055,9.470000267028809,9.100000381469727,9.199999809265137,2.201188087463379,103310
2010-03-30,9.0600004196167,9.4350004196167,9.0600004196167,9.239999771118164,2.2107584476470947,94820
2010-03-31,9.109999656677246,9.295000076293945,9.109999656677246,9.204999923706055,2.2023844718933105,46190
2010-04-01,9.300000190734863,9.795000076293945,9.229999542236328,9.529999732971191,2.2801437377929688,375790
2010-04-05,9.460000038146973,10.09000015258789,9.460000038146973,9.994999885559082,2.391399383544922,277870
2010-04-06,10.199999809265137,10.199999809265137,9.819999694824219,10.079999923706055,2.411736488342285,130760
2010-04-07,10.100000381469727,10.449999809265137,10.100000381469727,10.1899995803833,2.4380548000335693,193730
2010-04-08,10.03499984741211,10.380000114440918,10.024999618530273,10.154999732971191,2.429680824279785,124980
2010-04-09,10.300000190734863,11.720000267028809,10.199999809265137,11.0,2.6318552494049072,4270560
2010-04-12,11.279999732971191,11.5,10.805000305175781,11.25,2.6916697025299072,545420
2010-04-13,11.300000190734863,11.390000343322754,11.0600004196167,11.225000381469727,2.6856889724731445,287370
2010-04-15,11.3100004196167,11.494999885559082,10.90999984741211,10.944999694824219,2.6186959743499756,219050
2010-04-16,10.800000190734863,10.930000305175781,10.710000038146973,10.760000228881836,2.574432849884033,133970
2010-04-19,10.550000190734863,11.505000114440918,10.550000190734863,10.975000381469727,2.6258738040924072,681520
2010-04-20,10.800000190734863,11.609999656677246,10.800000190734863,11.470000267028809,2.744307279586792,273390
2010-04-21,11.600000381469727,12.199999809265137,11.460000038146973,11.90999984741211,2.849581480026245,541540
2010-04-22,11.430000305175781,12.524999618530273,11.430000305175781,11.90999984741211,2.849581480026245,589460
2010-04-23,12.175000190734863,12.175000190734863,11.640000343322754,11.755000114440918,2.8124964237213135,138600
2010-04-26,11.805000305175781,12.199999809265137,11.654999732971191,11.925000190734863,2.853170394897461,91090
2010-04-27,11.710000038146973,12.5,11.600000381469727,12.079999923706055,2.8902554512023926,212170
2010-04-28,11.800000190734863,12.100000381469727,11.539999961853027,11.710000038146973,2.801729440689087,84920
2010-04-29,11.75,12.800000190734863,11.75,12.40999984741211,2.9692113399505615,267930
2010-04-30,12.055000305175781,12.335000038146973,11.5649995803833,11.640000343322754,2.7849817276000977,269090
2010-05-03,11.699999809265137,12.0,11.199999809265137,11.675000190734863,2.793355941772461,44100
2010-05-04,11.75,11.75,10.829999923706055,10.975000381469727,2.6258738040924072,86150
2010-05-05,11.28499984741211,11.28499984741211,9.800000190734863,10.829999923706055,2.5911812782287598,976700
2010-05-06,11.130000114440918,11.925000190734863,11.125,11.385000228881836,2.7239701747894287,1948420
2010-05-07,10.600000381469727,11.479999542236328,10.600000381469727,11.0649995803833,2.647407054901123,258500
2010-05-10,11.470000267028809,11.489999771118164,11.100000381469727,11.350000381469727,2.7155961990356445,115490
2010-05-11,11.300000190734863,11.699999809265137,11.229999542236328,11.319999694824219,2.708418369293213,57310
2010-05-12,11.600000381469727,11.600000381469727,11.109999656677246,11.225000381469727,2.6856889724731445,43770
2010-05-13,11.600000381469727,11.600000381469727,11.220000267028809,11.244999885559082,2.690473794937134,137390
2010-05-14,11.25,11.385000228881836,11.024999618530273,11.119999885559082,2.6605663299560547,45130
2010-05-17,10.640000343322754,10.989999771118164,10.550000190734863,10.8149995803833,2.587592124938965,61930
2010-05-18,10.649999618530273,11.0,10.649999618530273,10.760000228881836,2.574432849884033,42500
2010-05-19,10.699999809265137,11.524999618530273,10.5600004196167,10.734999656677246,2.568451166152954,148760
2010-05-20,10.600000381469727,11.074999809265137,10.600000381469727,10.664999961853027,2.5517032146453857,31760
2010-05-21,10.5,10.720000267028809,10.260000228881836,10.5649995803833,2.5277771949768066,52830
2010-05-24,10.800000190734863,10.949999809265137,10.40999984741211,10.53499984741211,2.520599365234375,14470
2010-05-25,10.510000228881836,10.885000228881836,10.300000190734863,10.65999984741211,2.550506830215454,87100
2010-05-26,10.600000381469727,11.100000381469727,10.404999732971191,10.880000114440918,2.603144407272339,78130
2010-05-27,10.875,10.875,10.604999542236328,10.675000190734863,2.554096221923828,14090
2010-05-28,11.100000381469727,11.100000381469727,10.649999618530273,10.71500015258789,2.563666343688965,31850
2010-05-31,10.9350004196167,10.9350004196167,10.524999618530273,10.744999885559082,2.5708441734313965,74060
2010-06-01,10.609999656677246,11.34000015258789,10.609999656677246,10.880000114440918,2.603144407272339,125850
2010-06-02,10.899999618530273,11.03499984741211,10.739999771118164,10.824999809265137,2.589984893798828,41340
2010-06-03,10.899999618530273,11.09000015258789,10.869999885559082,11.03499984741211,2.6402297019958496,20910
2010-06-04,11.100000381469727,11.100000381469727,10.8149995803833,10.9399995803833,2.617499828338623,21530
2010-06-07,10.800000190734863,10.899999618530273,10.609999656677246,10.75,2.572040319442749,11960
2010-06-08,10.399999618530273,10.9399995803833,10.399999618530273,10.664999961853027,2.5517032146453857,34360
2010-06-09,10.699999809265137,10.899999618530273,10.524999618530273,10.725000381469727,2.566058874130249,42430
2010-06-10,11.050000190734863,11.050000190734863,10.739999771118164,10.744999885559082,2.5708441734313965,28030
2010-06-11,10.75,11.324999809265137,10.75,11.140000343322754,2.665351629257202,67780
2010-06-14,11.265000343322754,11.380000114440918,11.199999809265137,11.244999885559082,2.690473794937134,43020
2010-06-15,11.300000190734863,11.350000381469727,10.899999618530273,11.140000343322754,2.665351629257202,136850
2010-06-16,10.854999542236328,11.390000343322754,10.854999542236328,11.204999923706055,2.680903673171997,57210
2010-06-17,11.885000228881836,12.364999771118164,11.399999618530273,11.505000114440918,2.752681255340576,971370
2010-06-18,11.744999885559082,11.744999885559082,11.350000381469727,11.5,2.7514851093292236,88950
2010-06-21,11.5,11.600000381469727,11.479999542236328,11.5,2.7514851093292236,40210
2010-06-22,11.300000190734863,11.59000015258789,11.300000190734863,11.494999885559082,2.750288724899292,48360
2010-06-23,11.359999656677246,11.694999694824219,11.359999656677246,11.505000114440918,2.752681255340576,52390
2010-06-24,11.520000457763672,11.694999694824219,11.420000076293945,11.444999694824219,2.738325595855713,41680
2010-06-25,12.100000381469727,12.100000381469727,11.0600004196167,11.100000381469727,2.6557815074920654,168460
2010-06-28,11.199999809265137,11.65999984741211,11.199999809265137,11.46500015258789,2.7431111335754395,332100
2010-06-29,11.399999618530273,11.520000457763672,11.359999656677246,11.414999961853027,2.7311480045318604,109900
2010-06-30,11.300000190734863,11.739999771118164,11.300000190734863,11.645000457763672,2.78617787361145,57390
2010-07-01,12.149999618530273,12.5,11.640000343322754,11.765000343322754,2.8148887157440186,1104700
2010-07-02,11.899999618530273,12.0,11.614999771118164,11.755000114440918,2.8124964237213135,122980
2010-07-05,11.600000381469727,12.180000305175781,11.600000381469727,12.055000305175781,2.8842740058898926,201900
2010-07-06,11.130000114440918,12.300000190734863,11.130000114440918,12.005000114440918,2.8723113536834717,363980
2010-07-07,11.899999618530273,12.199999809265137,11.800000190734863,11.989999771118164,2.8687219619750977,138410
2010-07-08,11.949999809265137,12.1899995803833,11.90999984741211,12.024999618530273,2.877095937728882,41640
2010-07-09,12.024999618530273,12.199999809265137,12.0,12.020000457763672,2.8759000301361084,72950
2010-07-12,12.0,12.25,11.800000190734863,11.890000343322754,2.8447964191436768,35790
2010-07-13,12.0,12.180000305175781,11.800000190734863,11.869999885559082,2.8400111198425293,53900
2010-07-14,11.954999923706055,12.149999618530273,11.899999618530273,11.954999923706055,2.8603482246398926,75480
2010-07-15,11.904999732971191,12.069999694824219,11.800000190734863,11.9350004196167,2.855563163757324,17350
2010-07-16,11.994999885559082,12.479999542236328,11.899999618530273,12.140000343322754,2.904611349105835,145000
2010-07-19,12.244999885559082,12.494999885559082,11.960000038146973,12.354999542236328,2.956051826477051,98450
2010-07-20,12.385000228881836,13.449999809265137,12.385000228881836,13.050000190734863,3.122337579727173,754640
2010-07-21,13.0,13.880000114440918,12.899999618530273,12.979999542236328,3.105588674545288,592730
2010-07-22,12.989999771118164,13.4399995803833,12.819999694824219,12.960000038146973,3.100804328918457,197450
2010-07-23,13.005000114440918,13.550000190734863,12.90999984741211,13.085000038146973,3.130711555480957,425710
2010-07-26,13.149999618530273,13.149999618530273,12.510000228881836,12.545000076293945,3.001511335372925,110850
2010-07-27,12.800000190734863,12.800000190734863,12.3100004196167,12.369999885559082,2.9596409797668457,81680
2010-07-28,12.5,12.619999885559082,12.210000038146973,12.460000038146973,2.9811742305755615,84560
2010-07-29,12.300000190734863,12.5,12.300000190734863,12.4350004196167,2.9751927852630615,29500
2010-07-30,12.300000190734863,13.145000457763672,12.300000190734863,12.5,2.9907448291778564,300090
2010-08-02,13.020000457763672,13.199999809265137,12.75,12.954999923706055,3.099607229232788,156560
2010-08-03,13.100000381469727,13.239999771118164,12.800000190734863,13.130000114440918,3.1414785385131836,159740
2010-08-04,13.390000343322754,13.489999771118164,13.109999656677246,13.199999809265137,3.158226251602173,134980
2010-08-05,13.270000457763672,13.380000114440918,13.175000190734863,13.234999656677246,3.166600227355957,57090
2010-08-06,13.399999618530273,13.399999618530273,13.100000381469727,13.28499984741211,3.1785635948181152,71330
2010-08-09,13.300000190734863,13.579999923706055,13.260000228881836,13.350000381469727,3.19411563873291,104580
2010-08-10,13.390000343322754,13.59000015258789,13.300000190734863,13.4399995803833,3.215648651123047,96830
2010-08-11,13.5,13.699999809265137,13.399999618530273,13.4399995803833,3.215648651123047,65530
2010-08-12,13.199999809265137,13.600000381469727,13.199999809265137,13.5600004196167,3.2443602085113525,24420
2010-08-13,13.65999984741211,13.899999618530273,13.600000381469727,13.755000114440918,3.291015386581421,91150
2010-08-16,13.5,14.0,13.399999618530273,13.569999694824219,3.2467520236968994,72990
2010-08-17,13.600000381469727,13.789999961853027,13.414999961853027,13.479999542236328,3.225219249725342,26020
2010-08-18,13.600000381469727,14.149999618530273,13.225000381469727,13.720000267028809,3.2826411724090576,145830
2010-08-19,13.760000228881836,14.170000076293945,13.649999618530273,13.895000457763672,3.324512004852295,75070
2010-08-20,13.880000114440918,14.800000190734863,13.8149995803833,14.550000190734863,3.481226682662964,219190
2010-08-23,14.800000190734863,15.0,14.5,14.585000038146973,3.489600658416748,171350
2010-08-24,14.5,14.65999984741211,14.3100004196167,14.399999618530273,3.4453375339508057,22750
2010-08-25,14.0,14.779999732971191,14.0,14.574999809265137,3.487208127975464,41110
2010-08-26,14.449999809265137,14.800000190734863,14.449999809265137,14.710000038146973,3.5195083618164062,62830
2010-08-27,14.800000190734863,15.6899995803833,14.600000381469727,14.779999732971191,3.5362563133239746,142830
2010-08-30,15.0,15.300000190734863,14.539999961853027,14.649999618530273,3.505152463912964,74680
2010-08-31,14.53499984741211,15.850000381469727,14.53499984741211,15.425000190734863,3.6905786991119385,84900
2010-09-01,15.789999961853027,16.204999923706055,15.789999961853027,15.899999618530273,3.8042266368865967,272240
2010-09-02,16.0049991607666,16.479999542236328,15.699999809265137,15.845000267028809,3.791067600250244,49040
2010-09-03,15.704999923706055,16.19499969482422,15.704999923706055,16.065000534057617,3.843705415725708,42090
2010-09-06,16.5,16.69499969482422,16.125,16.325000762939453,3.9059128761291504,48480
2010-09-07,16.299999237060547,16.4950008392334,15.899999618530273,16.135000228881836,3.8604533672332764,49710
2010-09-08,16.489999771118164,17.079999923706055,16.25,16.649999618530273,3.9836716651916504,384870
2010-09-09,17.0,17.299999237060547,16.1200008392334,16.270000457763672,3.8927531242370605,32520
2010-09-13,16.584999084472656,16.584999084472656,15.710000038146973,15.895000457763672,3.8030314445495605,48890
2010-09-14,16.0,16.0,15.600000381469727,15.600000381469727,3.7324492931365967,72770
2010-09-15,15.444999694824219,15.880000114440918,15.119999885559082,15.460000038146973,3.69895339012146,49820
2010-09-16,15.5,15.895000457763672,15.305000305175781,15.53499984741211,3.71689772605896,38590
2010-09-17,15.600000381469727,15.895000457763672,15.5,15.595000267028809,3.731253147125244,21930
2010-09-20,15.600000381469727,16.0,15.175000190734863,15.345000267028809,3.671438217163086,47290
2010-09-21,14.524999618530273,15.800000190734863,14.524999618530273,15.494999885559082,3.707326889038086,78960
2010-09-22,15.5,15.5,14.84000015258789,15.199999809265137,4.026535987854004,10890
2010-09-23,15.100000381469727,15.199999809265137,15.005000114440918,15.03499984741211,3.9828267097473145,10140
2010-09-24,15.039999961853027,15.600000381469727,15.039999961853027,15.3149995803833,4.057000160217285,27360
2010-09-27,15.5,15.600000381469727,15.010000228881836,15.100000381469727,4.0000457763671875,12130
2010-09-28,15.100000381469727,15.390000343322754,15.0,15.295000076293945,4.05170202255249,13470
2010-09-29,15.0,15.494999885559082,15.0,15.300000190734863,4.05302619934082,51590
2010-09-30,15.300000190734863,15.494999885559082,15.300000190734863,15.390000343322754,4.076867580413818,8570
2010-10-01,15.399999618530273,15.600000381469727,15.199999809265137,15.305000305175781,4.054351329803467,10640
2010-10-04,15.399999618530273,15.399999618530273,14.914999961853027,15.020000457763672,3.978853464126587,62080
2010-10-05,14.895000457763672,15.15999984741211,14.600000381469727,14.725000381469727,3.900707244873047,116780
2010-10-06,15.0,15.399999618530273,14.710000038146973,15.244999885559082,4.038456439971924,73140
2010-10-07,15.399999618530273,15.5,14.805000305175781,14.875,3.9404420852661133,25400
2010-10-08,14.899999618530273,15.180000305175781,14.850000381469727,14.90999984741211,3.949713945388794,5170
2010-10-11,15.199999809265137,15.779999732971191,15.199999809265137,15.574999809265137,4.125874996185303,95300
2010-10-12,15.5,16.389999389648438,15.5,16.274999618530273,4.311307430267334,202300
2010-10-13,16.200000762939453,18.8700008392334,16.200000762939453,17.915000915527344,4.7457499504089355,4842950
2010-10-14,17.899999618530273,18.200000762939453,16.34000015258789,16.614999771118164,4.4013752937316895,597330
2010-10-15,16.815000534057617,17.614999771118164,16.3799991607666,16.3799991607666,4.3391218185424805,130370
2010-10-18,16.3799991607666,16.989999771118164,15.800000190734863,16.030000686645508,4.246406078338623,82680
2010-10-19,16.0,16.600000381469727,15.550000190734863,15.614999771118164,4.136471271514893,129350
2010-10-20,15.5600004196167,15.800000190734863,15.3100004196167,15.505000114440918,4.1073317527771,64740
2010-10-21,15.020000457763672,15.78499984741211,15.020000457763672,15.489999771118164,4.103358268737793,59170
2010-10-22,15.300000190734863,15.600000381469727,15.300000190734863,15.34000015258789,4.063622951507568,46650
2010-10-25,15.5,16.18000030517578,15.40999984741211,15.510000228881836,4.108656406402588,105510
2010-10-26,15.399999618530273,15.734999656677246,15.255000114440918,15.295000076293945,4.05170202255249,63090
2010-10-27,15.449999809265137,15.585000038146973,15.34000015258789,15.444999694824219,4.091437339782715,120320
2010-10-28,15.5,15.694999694824219,15.5,15.609999656677246,4.135146141052246,129130
2010-10-29,15.305000305175781,15.5,15.100000381469727,15.265000343322754,4.043755054473877,73310
2010-11-01,15.25,15.5,15.135000228881836,15.329999923706055,4.060973644256592,39230
2010-11-02,15.59000015258789,15.649999618530273,15.199999809265137,15.420000076293945,4.084814548492432,18030
2010-11-03,15.145000457763672,15.744999885559082,15.145000457763672,15.645000457763672,4.144418239593506,15310
2010-11-04,15.5,15.795000076293945,15.34000015258789,15.645000457763672,4.144418239593506,30860
2010-11-08,16.100000381469727,16.5,15.800000190734863,16.170000076293945,4.2834930419921875,50180
2010-11-09,16.010000228881836,17.299999237060547,16.010000228881836,16.735000610351562,4.433163166046143,182650
2010-11-10,16.200000762939453,16.584999084472656,15.380000114440918,15.569999694824219,4.124549865722656,290190
2010-11-11,15.899999618530273,15.899999618530273,15.069999694824219,15.170000076293945,4.018589496612549,120720
2010-11-12,15.154999732971191,15.5,14.949999809265137,15.024999618530273,3.980178117752075,40740
2010-11-15,14.899999618530273,14.899999618530273,14.3100004196167,14.46500015258789,3.83183217048645,113560
2010-11-16,14.899999618530273,14.899999618530273,13.699999809265137,14.029999732971191,3.716599225997925,69960
2010-11-18,13.899999618530273,14.199999809265137,13.399999618530273,14.095000267028809,3.7338175773620605,68220
2010-11-19,13.75,14.75,13.75,14.204999923706055,3.7629570960998535,29520
2010-11-22,14.210000038146973,14.494999885559082,13.699999809265137,14.380000114440918,3.8093154430389404,51880
2010-11-23,14.28499984741211,14.380000114440918,14.0,14.100000381469727,3.7351419925689697,25530
2010-11-24,13.800000190734863,14.494999885559082,13.694999694824219,13.854999542236328,3.6702404022216797,16010
2010-11-25,13.505000114440918,14.199999809265137,13.505000114440918,13.710000038146973,3.6318297386169434,6540
2010-11-26,13.9399995803833,13.9399995803833,12.725000381469727,13.494999885559082,3.5748751163482666,48850
2010-11-29,12.899999618530273,13.34000015258789,12.710000038146973,13.029999732971191,3.4516947269439697,124440
2010-11-30,14.279999732971191,14.279999732971191,12.90999984741211,13.305000305175781,3.5245437622070312,23210
2010-12-01,13.324999809265137,13.779999732971191,13.255000114440918,13.345000267028809,3.535139799118042,76770
2010-12-02,13.5,13.989999771118164,13.0649995803833,13.305000305175781,3.5245437622070312,13800
2010-12-03,14.279999732971191,14.279999732971191,12.899999618530273,12.96500015258789,3.434476137161255,13270
2010-12-06,13.199999809265137,13.494999885559082,13.0,13.095000267028809,3.4689135551452637,7940
2010-12-07,12.869999885559082,13.489999771118164,12.515000343322754,13.0649995803833,3.4609665870666504,65910
2010-12-08,12.800000190734863,13.0,12.100000381469727,12.34000015258789,3.268911123275757,257420
2010-12-09,12.829999923706055,12.829999923706055,11.229999542236328,11.350000381469727,3.006657123565674,214080
2010-12-10,10.800000190734863,12.0,10.5,11.425000190734863,3.026524782180786,203240
2010-12-13,11.800000190734863,12.5,11.800000190734863,11.890000343322754,3.149704933166504,28650
2010-12-14,12.100000381469727,12.369999885559082,12.085000038146973,12.100000381469727,3.2053346633911133,17410
2010-12-15,12.199999809265137,12.300000190734863,11.710000038146973,11.994999885559082,3.1775195598602295,11910
2010-12-16,11.899999618530273,12.194999694824219,11.720000267028809,11.800000190734863,3.125863552093506,7270
2010-12-20,11.4350004196167,12.28499984741211,11.4350004196167,12.154999732971191,3.2199041843414307,24810
2010-12-21,12.300000190734863,13.0,12.100000381469727,12.470000267028809,3.3033487796783447,50960
2010-12-22,12.4399995803833,12.4399995803833,12.300000190734863,12.335000038146973,3.2675869464874268,3620
2010-12-23,12.300000190734863,12.5,11.920000076293945,12.140000343322754,3.215930938720703,10060
2010-12-24,12.385000228881836,12.885000228881836,11.800000190734863,12.345000267028809,3.2702362537384033,35820
2010-12-27,12.414999961853027,12.510000228881836,12.3100004196167,12.319999694824219,3.26361346244812,6670
2010-12-28,12.399999618530273,12.6899995803833,12.399999618530273,12.600000381469727,3.3377864360809326,28810
2010-12-29,12.994999885559082,13.895000457763672,12.625,13.75,3.642425775527954,65180
2010-12-30,13.800000190734863,14.194999694824219,13.800000190734863,14.005000114440918,3.7099761962890625,42950
2010-12-31,14.010000228881836,14.699999809265137,14.010000228881836,14.324999809265137,3.7947449684143066,17520
2011-01-03,14.399999618530273,14.800000190734863,14.020000457763672,14.649999618530273,3.8808391094207764,18470
2011-01-04,14.979999542236328,14.979999542236328,14.0,14.395000457763672,3.813288688659668,137150
2011-01-05,13.925000190734863,14.479999542236328,13.819999694824219,13.9350004196167,3.6914329528808594,50690
2011-01-06,13.510000228881836,14.100000381469727,13.510000228881836,13.914999961853027,3.6861350536346436,11290
2011-01-07,13.949999809265137,13.949999809265137,13.5,13.694999694824219,3.6278557777404785,24510
2011-01-10,13.800000190734863,13.800000190734863,13.204999923706055,13.300000190734863,3.523219347000122,17170
2011-01-11,12.699999809265137,14.0,12.699999809265137,13.300000190734863,3.523219347000122,6730
2011-01-12,13.010000228881836,13.399999618530273,13.010000228881836,13.399999618530273,3.5497095584869385,4170
2011-01-13,13.234999656677246,13.234999656677246,13.199999809265137,13.199999809265137,3.4967284202575684,20
2011-01-14,12.970000267028809,13.699999809265137,12.970000267028809,13.399999618530273,3.5497095584869385,7180
2011-01-17,13.0,13.100000381469727,12.84000015258789,12.984999656677246,3.4397740364074707,13440
2011-01-18,13.300000190734863,13.300000190734863,12.899999618530273,13.0,3.4437479972839355,52190
2011-01-19,12.994999885559082,13.0,12.960000038146973,12.979999542236328,3.4384496212005615,2210
2011-01-20,13.390000343322754,13.390000343322754,12.774999618530273,13.199999809265137,3.4967284202575684,3020
2011-01-21,13.399999618530273,13.5,13.300000190734863,13.385000228881836,3.545736074447632,810
2011-01-24,13.899999618530273,13.899999618530273,13.055000305175781,13.055000305175781,3.458317756652832,660
2011-01-25,12.350000381469727,13.53499984741211,12.350000381469727,13.53499984741211,3.5854716300964355,2310
2011-01-27,13.0,13.364999771118164,13.0,13.34000015258789,3.533815383911133,16000
2011-01-28,13.5,13.5,12.510000228881836,12.625,3.344409227371216,37930
2011-01-31,12.100000381469727,12.800000190734863,12.100000381469727,12.399999618530273,3.2848057746887207,6100
2011-02-01,12.649999618530273,12.800000190734863,12.399999618530273,12.765000343322754,3.381495714187622,15660
2011-02-02,12.449999809265137,12.694999694824219,12.300000190734863,12.454999923706055,3.299375534057617,17760
2011-02-03,12.305000305175781,12.795000076293945,12.305000305175781,12.350000381469727,3.2715604305267334,25950
2011-02-04,12.5,12.744999885559082,12.109999656677246,12.319999694824219,3.26361346244812,2990
2011-02-07,12.154999732971191,12.154999732971191,12.154999732971191,12.154999732971191,3.2199041843414307,770
2011-02-08,12.0,12.149999618530273,11.914999961853027,12.149999618530273,3.2185795307159424,9580
2011-02-09,11.699999809265137,12.244999885559082,11.25,11.425000190734863,3.026524782180786,34480
2011-02-10,11.399999618530273,11.399999618530273,11.399999618530273,11.399999618530273,3.019901990890503,10500
2011-02-11,10.899999618530273,11.600000381469727,10.899999618530273,11.420000076293945,3.025200128555298,9320
2011-02-14,12.390000343322754,12.449999809265137,11.664999961853027,12.4399995803833,3.2954018115997314,37280
2011-02-15,11.930000305175781,12.385000228881836,11.930000305175781,11.930000305175781,3.1603009700775146,0
2011-02-16,12.130000114440918,12.979999542236328,12.130000114440918,12.364999771118164,3.275534152984619,10080
2011-02-17,12.354999542236328,12.354999542236328,12.300000190734863,12.350000381469727,3.2715604305267334,30410
2011-02-18,12.5,12.5,12.350000381469727,12.350000381469727,3.2715604305267334,20200
2011-02-21,12.25,12.25,12.25,12.25,3.245070219039917,8360
2011-02-22,12.079999923706055,12.25,12.079999923706055,12.25,3.245070219039917,3530
2011-02-23,12.5,12.699999809265137,12.005000114440918,12.609999656677246,3.34043550491333,23340
2011-02-24,12.300000190734863,12.300000190734863,12.104999542236328,12.114999771118164,3.209307909011841,57450
2011-02-25,11.600000381469727,12.109999656677246,11.600000381469727,12.0,3.178844451904297,2960
2011-02-28,12.5,12.895000457763672,11.960000038146973,12.380000114440918,3.279507637023926,8210
2011-03-01,12.21500015258789,13.0,12.21500015258789,12.545000076293945,3.3232169151306152,7790
2011-03-03,12.550000190734863,12.550000190734863,12.199999809265137,12.28499984741211,3.2543416023254395,8090
2011-03-04,12.600000381469727,12.699999809265137,12.239999771118164,12.239999771118164,3.2424211502075195,9280
2011-03-07,12.199999809265137,12.204999923706055,12.100000381469727,12.154999732971191,3.2199041843414307,38690
2011-03-08,12.149999618530273,12.25,12.149999618530273,12.149999618530273,3.2185795307159424,43370
2011-03-09,12.005000114440918,12.350000381469727,12.005000114440918,12.239999771118164,3.2424211502075195,40380
2011-03-10,12.149999618530273,12.399999618530273,12.149999618530273,12.390000343322754,3.2821569442749023,67180
2011-03-11,12.170000076293945,12.484999656677246,12.170000076293945,12.350000381469727,3.2715604305267334,16470
2011-03-14,12.25,12.305000305175781,12.25,12.305000305175781,3.2596402168273926,6000
2011-03-15,12.199999809265137,12.75,12.010000228881836,12.454999923706055,3.299375534057617,41250
2011-03-16,12.229999542236328,12.470000267028809,12.100000381469727,12.350000381469727,3.2715604305267334,95870
2011-03-17,12.210000038146973,12.210000038146973,12.210000038146973,12.210000038146973,3.2344741821289062,260
2011-03-18,12.020000457763672,12.404999732971191,12.020000457763672,12.25,3.245070219039917,5480
2011-03-21,12.199999809265137,12.5,12.024999618530273,12.395000457763672,3.2834815979003906,20340
2011-03-22,12.399999618530273,12.5,12.395000457763672,12.395000457763672,3.2834815979003906,2910
2011-03-23,12.010000228881836,12.380000114440918,12.010000228881836,12.199999809265137,3.231825113296509,43120
2011-03-24,12.479999542236328,12.479999542236328,12.210000038146973,12.225000381469727,3.238447904586792,5840
2011-03-25,12.305000305175781,12.680000305175781,12.25,12.505000114440918,3.3126206398010254,42330
2011-03-28,12.199999809265137,12.399999618530273,12.199999809265137,12.265000343322754,3.249044418334961,12350
2011-03-29,12.300000190734863,12.699999809265137,12.300000190734863,12.399999618530273,3.2848057746887207,14760
2011-03-30,12.300000190734863,12.300000190734863,12.270000457763672,12.270000457763672,3.250368595123291,2210
2011-03-31,12.204999923706055,12.5,12.204999923706055,12.40999984741211,3.2874550819396973,4200
2011-04-01,12.25,12.789999961853027,12.25,12.600000381469727,3.3377864360809326,5190
2011-04-04,12.520000457763672,13.180000305175781,12.520000457763672,12.859999656677246,3.40666127204895,10940
2011-04-05,13.199999809265137,13.399999618530273,13.199999809265137,13.3100004196167,3.5258681774139404,2960
2011-04-06,13.899999618530273,13.899999618530273,12.800000190734863,13.1850004196167,3.492755174636841,5270
2011-04-07,12.899999618530273,13.199999809265137,12.5,12.854999542236328,3.40533709526062,130890
2011-04-08,12.75,13.220000267028809,12.600000381469727,12.654999732971191,3.352356433868408,5270
2011-04-11,12.399999618530273,12.854999542236328,12.354999542236328,12.635000228881836,3.3470582962036133,3620
2011-04-13,12.40999984741211,13.199999809265137,12.40999984741211,13.180000305175781,3.4914307594299316,17200
2011-04-15,13.65999984741211,13.789999961853027,12.930000305175781,13.069999694824219,3.4622910022735596,6860
2011-04-18,12.899999618530273,13.5,12.899999618530273,12.994999885559082,3.4424238204956055,14490
2011-04-19,12.9350004196167,13.399999618530273,12.850000381469727,13.210000038146973,3.499377965927124,5950
2011-04-20,13.300000190734863,13.300000190734863,13.300000190734863,13.300000190734863,3.523219347000122,680
2011-04-21,13.3149995803833,13.574999809265137,13.149999618530273,13.3100004196167,3.5258681774139404,5320
2011-04-25,13.600000381469727,13.600000381469727,13.109999656677246,13.390000343322754,3.54706072807312,31070
2011-04-26,13.015000343322754,13.600000381469727,13.015000343322754,13.28499984741211,3.5192453861236572,44450
2011-04-27,13.21500015258789,13.5,13.149999618530273,13.319999694824219,3.5285167694091797,56410
2011-04-28,13.25,13.449999809265137,13.199999809265137,13.359999656677246,3.5391130447387695,18030
2011-04-29,13.600000381469727,13.600000381469727,13.154999732971191,13.234999656677246,3.506000280380249,1460
2011-05-02,12.925000190734863,12.925000190734863,12.625,12.71500015258789,3.368250608444214,50480
2011-05-03,12.755000114440918,12.975000381469727,12.194999694824219,12.350000381469727,3.2715604305267334,90600
2011-05-04,12.199999809265137,12.5,12.199999809265137,12.46500015258789,3.3020243644714355,83170
2011-05-05,12.199999809265137,12.899999618530273,12.104999542236328,12.404999732971191,3.286130428314209,32400
2011-05-06,12.40999984741211,12.40999984741211,12.40999984741211,12.40999984741211,3.2874550819396973,1000
2011-05-09,12.5,12.800000190734863,12.5,12.800000190734863,3.3907675743103027,36610
2011-05-10,12.949999809265137,12.979999542236328,12.510000228881836,12.510000228881836,3.3139448165893555,59970
2011-05-11,12.5,12.5,12.350000381469727,12.460000038146973,3.3006999492645264,6760
2011-05-12,12.210000038146973,12.479999542236328,12.199999809265137,12.380000114440918,3.279507637023926,9610
2011-05-13,12.680000305175781,12.979999542236328,12.5,12.600000381469727,3.3377864360809326,25180
2011-05-16,12.979999542236328,12.979999542236328,12.300000190734863,12.449999809265137,3.298050880432129,21970
2011-05-17,12.100000381469727,12.449999809265137,11.899999618530273,12.255000114440918,3.246394395828247,9670
2011-05-18,12.255000114440918,12.5,12.255000114440918,12.5,3.311296224594116,870
2011-05-19,12.15999984741211,12.600000381469727,12.15999984741211,12.595000267028809,3.3364617824554443,1410
2011-05-20,13.0,13.0,12.324999809265137,12.529999732971191,3.3192431926727295,1040
2011-05-23,12.295000076293945,12.5,12.104999542236328,12.109999656677246,3.2079834938049316,320
2011-05-24,12.109999656677246,12.109999656677246,11.010000228881836,11.699999809265137,3.0993733406066895,29630
2011-05-25,11.699999809265137,11.699999809265137,11.0,11.074999809265137,2.9338083267211914,20410
2011-05-26,11.074999809265137,11.699999809265137,11.074999809265137,11.59000015258789,3.0702338218688965,10220
2011-05-27,11.404999732971191,11.460000038146973,11.404999732971191,11.460000038146973,3.0357964038848877,1140
2011-05-30,11.279999732971191,12.4399995803833,11.279999732971191,11.774999618530273,3.1192407608032227,22730
2011-05-31,11.604999542236328,11.984999656677246,11.255000114440918,11.359999656677246,3.009305953979492,15520
2011-06-01,11.359999656677246,11.585000038146973,11.359999656677246,11.505000114440918,3.0477170944213867,35680
2011-06-02,11.305000305175781,11.899999618530273,11.305000305175781,11.65999984741211,3.0887773036956787,20690
2011-06-03,11.890000343322754,11.899999618530273,11.515000343322754,11.6850004196167,3.0953996181488037,18690
2011-06-06,11.430000305175781,12.385000228881836,11.430000305175781,11.5,3.0463924407958984,6440
2011-06-07,11.420000076293945,11.510000228881836,11.350000381469727,11.5,3.0463924407958984,15100
2011-06-08,11.3149995803833,11.675000190734863,11.100000381469727,11.244999885559082,2.978841781616211,3700
2011-06-09,11.5,11.574999809265137,11.319999694824219,11.335000038146973,3.002683162689209,26720
2011-06-10,11.3149995803833,11.3149995803833,11.3100004196167,11.3100004196167,2.996061086654663,10100
2011-06-13,11.399999618530273,11.699999809265137,11.300000190734863,11.399999618530273,3.019901990890503,25580
2011-06-14,11.699999809265137,11.779999732971191,11.050000190734863,11.180000305175781,2.961623430252075,7380
2011-06-15,11.119999885559082,11.300000190734863,10.8100004196167,11.204999923706055,2.9682459831237793,11100
2011-06-16,11.335000038146973,11.335000038146973,11.005000114440918,11.1899995803833,2.9642724990844727,8600
2011-06-17,11.015000343322754,11.1899995803833,11.015000343322754,11.109999656677246,2.943080186843872,350
2011-06-20,10.899999618530273,11.239999771118164,10.734999656677246,11.199999809265137,2.966920852661133,14050
2011-06-21,10.899999618530273,11.289999961853027,10.805000305175781,11.100000381469727,2.9404313564300537,3180
2011-06-22,11.100000381469727,11.100000381469727,10.699999809265137,10.890000343322754,2.8848013877868652,6750
2011-06-23,10.890000343322754,11.170000076293945,10.5,10.600000381469727,2.8079793453216553,13230
2011-06-24,10.899999618530273,11.350000381469727,10.699999809265137,11.289999961853027,2.99076247215271,2840
2011-06-27,11.300000190734863,11.300000190734863,11.199999809265137,11.279999732971191,2.98811411857605,3340
2011-06-28,11.199999809265137,11.6899995803833,11.199999809265137,11.595000267028809,3.0715582370758057,20860
2011-06-29,12.079999923706055,12.079999923706055,11.100000381469727,11.270000457763672,2.9854648113250732,8370
2011-06-30,11.5,11.5,10.805000305175781,11.03499984741211,2.9232122898101807,8560
2011-07-01,11.289999961853027,11.289999961853027,11.0,11.109999656677246,2.943080186843872,4830
2011-07-04,11.005000114440918,11.199999809265137,10.90999984741211,11.199999809265137,2.966920852661133,1580
2011-07-05,11.199999809265137,11.449999809265137,11.029999732971191,11.390000343322754,3.0172529220581055,5940
2011-07-06,10.904999732971191,11.795000076293945,10.904999732971191,11.295000076293945,2.9920871257781982,14630
2011-07-07,11.260000228881836,11.699999809265137,11.260000228881836,11.399999618530273,3.019901990890503,6170
2011-07-08,11.350000381469727,11.699999809265137,11.350000381469727,11.489999771118164,3.04374361038208,3360
2011-07-11,11.800000190734863,12.0,11.055000305175781,11.100000381469727,2.9404313564300537,9470
2011-07-12,11.395000457763672,11.395000457763672,10.90999984741211,11.170000076293945,2.9589741230010986,8350
2011-07-13,11.005000114440918,11.300000190734863,10.829999923706055,10.895000457763672,2.8861258029937744,6350
2011-07-14,10.899999618530273,11.779999732971191,10.899999618530273,11.505000114440918,3.0477170944213867,18860
2011-07-15,11.505000114440918,11.600000381469727,11.010000228881836,11.4399995803833,3.0304977893829346,3910
2011-07-18,11.399999618530273,11.899999618530273,11.255000114440918,11.890000343322754,3.149704933166504,8630
2011-07-19,11.600000381469727,11.989999771118164,11.40999984741211,11.635000228881836,3.0821547508239746,1240
2011-07-20,11.5,12.5,11.5,11.899999618530273,3.1523537635803223,6060
2011-07-21,12.180000305175781,12.180000305175781,11.800000190734863,12.055000305175781,3.1934139728546143,12760
2011-07-22,12.079999923706055,12.079999923706055,11.805000305175781,11.805000305175781,3.127188205718994,10830
2011-07-25,11.5,12.399999618530273,11.5,11.9350004196167,3.161625623703003,7040
2011-07-26,11.699999809265137,12.600000381469727,11.699999809265137,11.920000076293945,3.157651901245117,7280
2011-07-27,11.899999618530273,11.899999618530273,11.604999542236328,11.8149995803833,3.1298367977142334,2360
2011-07-28,12.100000381469727,12.600000381469727,11.539999961853027,12.520000457763672,3.316594123840332,14450
2011-07-29,12.199999809265137,12.399999618530273,11.699999809265137,12.21500015258789,3.2357983589172363,20170
2011-08-01,12.0,12.399999618530273,11.899999618530273,12.0,3.178844451904297,5090
2011-08-02,11.699999809265137,12.199999809265137,11.699999809265137,11.994999885559082,3.1775195598602295,9580
2011-08-03,11.954999923706055,11.954999923706055,11.704999923706055,11.75,3.1126182079315186,1650
2011-08-05,11.199999809265137,11.800000190734863,10.854999542236328,11.710000038146973,3.102022171020508,400
2011-08-08,11.199999809265137,11.699999809265137,10.5,10.6850004196167,2.830495834350586,15200
2011-08-09,9.100000381469727,10.994999885559082,9.100000381469727,10.229999542236328,2.7099647521972656,25650
2011-08-10,10.229999542236328,11.494999885559082,10.229999542236328,10.654999732971191,2.8225488662719727,2250
2011-08-11,10.654999732971191,10.654999732971191,10.520000457763672,10.600000381469727,2.8079793453216553,60
2011-08-12,10.800000190734863,11.0,10.550000190734863,10.720000267028809,2.8397676944732666,8920
2011-08-16,10.78499984741211,10.78499984741211,10.425000190734863,10.425000190734863,2.7616209983825684,7540
2011-08-17,10.204999923706055,10.300000190734863,9.869999885559082,10.020000457763672,2.6543352603912354,2420
2011-08-18,9.949999809265137,10.5,9.829999923706055,10.324999809265137,2.735130786895752,530
2011-08-19,10.329999923706055,10.5,9.574999809265137,10.395000457763672,2.753673791885376,15380
2011-08-23,10.029999732971191,10.029999732971191,10.024999618530273,10.024999618530273,2.6556594371795654,260
2011-08-24,9.800000190734863,10.494999885559082,9.600000381469727,10.420000076293945,2.760296583175659,3550
2011-08-25,10.550000190734863,10.989999771118164,10.109999656677246,10.175000190734863,2.695394992828369,2010
2011-08-26,10.149999618530273,10.694999694824219,10.149999618530273,10.524999618530273,2.7881109714508057,1540
2011-08-29,10.15999984741211,11.0,10.024999618530273,10.574999809265137,2.801356077194214,4100
2011-08-30,10.800000190734863,10.989999771118164,10.399999618530273,10.600000381469727,2.8079793453216553,10310
2011-09-02,10.619999885559082,11.350000381469727,10.619999885559082,11.175000190734863,2.9602982997894287,8000
2011-09-05,10.899999618530273,11.449999809265137,10.270000457763672,10.984999656677246,2.9099667072296143,15750
2011-09-06,10.800000190734863,11.095000267028809,10.800000190734863,10.944999694824219,2.8993706703186035,2260
2011-09-07,11.199999809265137,11.59000015258789,11.154999732971191,11.539999961853027,3.056988477706909,6070
2011-09-08,11.579999923706055,11.800000190734863,11.300000190734863,11.369999885559082,3.0119547843933105,11400
2011-09-12,11.194999694824219,11.399999618530273,11.109999656677246,11.114999771118164,2.944404363632202,4340
2011-09-13,11.399999618530273,11.579999923706055,11.0600004196167,11.125,2.9470534324645996,2860
2011-09-14,11.055000305175781,11.350000381469727,11.050000190734863,11.154999732971191,2.955000400543213,13620
2011-09-15,11.300000190734863,11.300000190734863,11.199999809265137,11.199999809265137,2.966920852661133,350
2011-09-16,11.399999618530273,11.875,11.0,11.595000267028809,3.0715582370758057,21300
2011-09-19,11.899999618530273,12.100000381469727,11.725000381469727,12.085000038146973,3.2013614177703857,14000
2011-09-20,11.859999656677246,12.489999771118164,11.859999656677246,12.390000343322754,3.2821569442749023,45470
2011-09-21,12.399999618530273,12.984999656677246,12.399999618530273,12.880000114440918,4.274435997009277,49310
2011-09-22,12.800000190734863,12.890000343322754,12.399999618530273,12.460000038146973,4.1350531578063965,41630
2011-09-23,12.104999542236328,12.600000381469727,12.100000381469727,12.59000015258789,4.178195476531982,13610
2011-09-26,12.300000190734863,12.795000076293945,12.005000114440918,12.71500015258789,4.2196784019470215,56030
2011-09-27,12.5,12.800000190734863,12.164999961853027,12.800000190734863,4.247888088226318,4090
2011-09-28,12.524999618530273,12.550000190734863,12.010000228881836,12.494999885559082,4.146667957305908,28100
2011-09-29,12.390000343322754,12.699999809265137,12.305000305175781,12.699999809265137,4.214700698852539,440
2011-09-30,12.5,12.5,11.895000457763672,12.130000114440918,4.02553653717041,9050
2011-10-03,12.149999618530273,12.390000343322754,12.104999542236328,12.390000343322754,4.111822605133057,1010
2011-10-05,12.390000343322754,12.390000343322754,11.600000381469727,11.635000228881836,3.8612632751464844,150
2011-10-07,11.899999618530273,12.0,11.899999618530273,12.0,3.982394218444824,2040
2011-10-10,12.0,12.239999771118164,11.8100004196167,11.994999885559082,3.9807348251342773,16790
2011-10-11,11.600000381469727,12.0,11.399999618530273,11.96500015258789,3.9707794189453125,36780
2011-10-13,11.800000190734863,12.289999961853027,11.625,12.279999732971191,4.075316905975342,260
2011-10-14,12.149999618530273,12.199999809265137,12.005000114440918,12.104999542236328,4.017240524291992,2250
2011-10-17,12.300000190734863,12.300000190734863,12.005000114440918,12.005000114440918,3.98405385017395,2310
2011-10-18,12.289999961853027,12.289999961853027,12.289999961853027,12.289999961853027,4.0786356925964355,1000
2011-10-19,12.574999809265137,12.574999809265137,12.449999809265137,12.449999809265137,4.1317338943481445,20
2011-10-20,12.100000381469727,12.100000381469727,12.0,12.0,3.982394218444824,1270
2011-10-21,12.5,12.5,11.699999809265137,11.854999542236328,3.9342734813690186,1200
2011-10-24,12.095000267028809,12.149999618530273,12.095000267028809,12.100000381469727,4.015580654144287,16810
2011-10-25,12.300000190734863,12.399999618530273,12.104999542236328,12.395000457763672,4.113481521606445,11130
2011-10-28,12.5,12.5,12.024999618530273,12.050000190734863,3.9989876747131348,2290
2011-10-31,12.199999809265137,12.5,12.199999809265137,12.494999885559082,4.146667957305908,70
2011-11-01,12.204999923706055,12.595000267028809,12.204999923706055,12.505000114440918,4.149986743927002,2260
2011-11-02,12.595000267028809,12.595000267028809,12.104999542236328,12.324999809265137,4.0902509689331055,3840
2011-11-03,12.5,12.5,12.005000114440918,12.109999656677246,4.018899440765381,23510
2011-11-04,12.300000190734863,12.979999542236328,11.899999618530273,12.295000076293945,4.080295085906982,41930
2011-11-08,12.760000228881836,12.760000228881836,11.319999694824219,11.704999923706055,3.884493589401245,36320
2011-11-09,11.725000381469727,11.984999656677246,11.210000038146973,11.604999542236328,3.851306915283203,48280
2011-11-11,11.699999809265137,11.789999961853027,10.920000076293945,10.994999885559082,3.6488685607910156,11340
2011-11-14,11.5,11.5,10.8149995803833,10.904999732971191,3.6190009117126465,16640
2011-11-15,10.704999923706055,10.96500015258789,10.505000114440918,10.720000267028809,3.557605504989624,1430
2011-11-16,10.399999618530273,10.699999809265137,10.305000305175781,10.699999809265137,3.5509684085845947,12540
2011-11-17,10.5,10.6899995803833,10.0,10.145000457763672,3.3667824268341064,5720
2011-11-18,10.399999618530273,10.994999885559082,9.305000305175781,9.890000343322754,3.2821569442749023,33710
2011-11-21,9.770000457763672,9.779999732971191,9.270000457763672,9.289999961853027,3.0830368995666504,20920
2011-11-22,9.25,9.979999542236328,9.204999923706055,9.619999885559082,3.1925528049468994,3950
2011-11-23,9.449999809265137,9.5,9.15999984741211,9.350000381469727,3.1029491424560547,17450
2011-11-24,9.800000190734863,10.979999542236328,9.619999885559082,10.135000228881836,3.363463878631592,2124430
2011-11-25,9.989999771118164,10.170000076293945,9.40999984741211,9.585000038146973,3.1809372901916504,286980
2011-11-28,9.75,9.850000381469727,9.5,9.545000076293945,3.1676628589630127,37490
2011-11-29,9.399999618530273,9.970000267028809,9.199999809265137,9.494999885559082,3.151069402694702,25700
2011-11-30,9.899999618530273,10.199999809265137,9.300000190734863,9.425000190734863,3.1278390884399414,34710
2011-12-01,9.404999732971191,9.800000190734863,9.399999618530273,9.524999618530273,3.161025285720825,19440
2011-12-02,9.420000076293945,9.880000114440918,9.404999732971191,9.579999923706055,3.1792778968811035,60350
2011-12-05,10.100000381469727,10.100000381469727,9.600000381469727,9.600000381469727,3.185915470123291,4620
2011-12-07,9.800000190734863,9.800000190734863,9.5600004196167,9.600000381469727,3.185915470123291,10420
2011-12-08,9.899999618530273,9.899999618530273,9.380000114440918,9.470000267028809,3.142772912979126,17200
2011-12-09,9.229999542236328,9.800000190734863,9.229999542236328,9.680000305175781,3.2124648094177246,22330
2011-12-12,9.694999694824219,9.699999809265137,9.359999656677246,9.359999656677246,3.1062674522399902,10910
2011-12-13,9.21500015258789,9.5,9.21500015258789,9.34000015258789,3.099630355834961,16070
2011-12-14,9.300000190734863,9.449999809265137,9.25,9.444999694824219,3.1344761848449707,4480
2011-12-15,9.100000381469727,9.25,9.005000114440918,9.069999694824219,3.010026454925537,5000
2011-12-16,9.005000114440918,9.399999618530273,8.904999732971191,9.0,2.986795663833618,36880
2011-12-19,8.854999542236328,9.175000190734863,8.505000114440918,8.515000343322754,2.825840711593628,14590
2011-12-20,8.920000076293945,8.920000076293945,8.520000457763672,8.800000190734863,2.9204225540161133,1670
2011-12-21,8.699999809265137,8.859999656677246,8.505000114440918,8.630000114440918,2.8640053272247314,3210
2011-12-22,8.800000190734863,8.979999542236328,8.524999618530273,8.670000076293945,2.877279758453369,2650
2011-12-23,8.850000381469727,8.899999618530273,8.59000015258789,8.710000038146973,2.890554666519165,2750
2011-12-26,8.84000015258789,8.899999618530273,8.505000114440918,8.805000305175781,2.9220821857452393,7780
2011-12-27,8.680000305175781,8.725000381469727,8.664999961853027,8.725000381469727,2.8955328464508057,230
2011-12-28,8.725000381469727,9.0,8.515000343322754,9.0,2.986795663833618,1750
2011-12-29,9.0,9.399999618530273,8.300000190734863,9.0,2.986795663833618,14810
2011-12-30,8.805000305175781,9.774999618530273,8.505000114440918,8.875,2.945312261581421,5020
2012-01-02,9.484999656677246,9.484999656677246,8.454999923706055,8.800000190734863,2.9204225540161133,720
2012-01-03,9.15999984741211,9.229999542236328,9.15999984741211,9.194999694824219,3.0515096187591553,100
2012-01-04,9.300000190734863,9.739999771118164,9.140000343322754,9.649999618530273,3.2025084495544434,2740
2012-01-05,9.600000381469727,9.800000190734863,9.399999618530273,9.399999618530273,3.119541883468628,4090
2012-01-06,9.300000190734863,9.5,8.835000038146973,9.135000228881836,3.031597852706909,7570
2012-01-09,9.899999618530273,9.899999618530273,9.010000228881836,9.475000381469727,3.144432306289673,4570
2012-01-10,9.300000190734863,10.0,9.199999809265137,9.890000343322754,3.2821569442749023,6410
2012-01-11,10.1850004196167,10.1850004196167,9.510000228881836,9.59000015258789,3.1825969219207764,1420
2012-01-12,9.899999618530273,9.994999885559082,9.694999694824219,9.694999694824219,3.217442750930786,600
2012-01-13,9.5,9.899999618530273,9.109999656677246,9.720000267028809,3.2257394790649414,1460
2012-01-16,9.869999885559082,9.890000343322754,9.25,9.774999618530273,3.2439918518066406,640
2012-01-17,10.585000038146973,10.59000015258789,9.664999961853027,9.664999961853027,3.207486629486084,9950
2012-01-18,9.5649995803833,10.210000038146973,9.300000190734863,9.779999732971191,3.2456512451171875,3910
2012-01-19,9.699999809265137,9.760000228881836,9.359999656677246,9.505000114440918,3.154387950897217,101150
2012-01-20,10.265000343322754,10.265000343322754,9.404999732971191,9.585000038146973,3.1809372901916504,4990
2012-01-23,9.994999885559082,9.994999885559082,9.0649995803833,9.545000076293945,3.1676628589630127,18020
2012-01-24,9.800000190734863,10.100000381469727,9.524999618530273,9.914999961853027,3.2904534339904785,29380
2012-01-25,9.800000190734863,10.1899995803833,9.640000343322754,9.975000381469727,3.3103654384613037,13220
2012-01-27,9.850000381469727,10.300000190734863,9.800000190734863,10.164999961853027,3.373419761657715,19400
2012-01-30,10.005000114440918,10.390000343322754,9.755000114440918,10.114999771118164,3.3568263053894043,12040
2012-01-31,9.899999618530273,10.295000076293945,9.755000114440918,10.25,3.4016287326812744,10630
2012-02-01,10.375,10.479999542236328,10.005000114440918,10.295000076293945,3.416562557220459,6630
2012-02-02,10.4399995803833,10.899999618530273,10.4399995803833,10.505000114440918,3.4862542152404785,27970
2012-02-03,10.699999809265137,10.699999809265137,10.255000114440918,10.449999809265137,3.4680016040802,8770
2012-02-06,10.420000076293945,10.800000190734863,9.824999809265137,10.479999542236328,3.4779574871063232,10980
2012-02-07,10.529999732971191,10.885000228881836,10.515000343322754,10.600000381469727,3.517781972885132,1260
2012-02-08,10.864999771118164,11.5,10.604999542236328,11.274999618530273,3.741791248321533,22150
2012-02-09,11.0,11.489999771118164,10.859999656677246,11.425000190734863,3.791571617126465,10640
2012-02-10,11.5,12.180000305175781,11.069999694824219,11.239999771118164,3.7301759719848633,10410
2012-02-13,11.260000228881836,11.489999771118164,11.199999809265137,11.399999618530273,3.7832746505737305,5020
2012-02-14,12.479999542236328,13.470000267028809,12.305000305175781,13.210000038146973,4.3839521408081055,189820
2012-02-15,13.744999885559082,13.75,12.630000114440918,12.824999809265137,4.256184101104736,48800
2012-02-16,12.949999809265137,12.949999809265137,12.220000267028809,12.880000114440918,4.274435997009277,9500
2012-02-17,12.800000190734863,14.100000381469727,12.300000190734863,13.039999961853027,4.327535152435303,157750
2012-02-21,12.949999809265137,12.979999542236328,12.529999732971191,12.630000114440918,4.191470146179199,36070
2012-02-22,13.1899995803833,13.1899995803833,12.220000267028809,12.369999885559082,4.105185031890869,7350
2012-02-23,12.199999809265137,12.5,12.0649995803833,12.21500015258789,4.053745269775391,20570
2012-02-24,12.164999961853027,12.34000015258789,12.100000381469727,12.149999618530273,4.0321736335754395,1810
2012-02-27,12.100000381469727,12.194999694824219,11.899999618530273,11.989999771118164,3.9790756702423096,5460
2012-02-28,11.800000190734863,12.850000381469727,11.399999618530273,12.149999618530273,4.0321736335754395,26930
2012-02-29,12.0,12.5,11.600000381469727,12.210000038146973,4.052086353302002,9630
2012-03-01,12.0,12.699999809265137,11.71500015258789,11.71500015258789,3.887812376022339,31140
2012-03-02,11.71500015258789,11.71500015258789,11.71500015258789,11.71500015258789,3.887812376022339,0
2012-03-05,11.694999694824219,11.694999694824219,11.694999694824219,11.694999694824219,3.8811748027801514,5100
2012-03-06,11.65999984741211,11.65999984741211,11.649999618530273,11.649999618530273,3.866241455078125,2000
2012-03-07,11.71500015258789,11.71500015258789,11.71500015258789,11.71500015258789,3.887812376022339,0
2012-03-09,12.0,12.229999542236328,11.800000190734863,12.229999542236328,4.058723449707031,2040
2012-03-12,12.100000381469727,12.600000381469727,12.100000381469727,12.5,4.148327350616455,12300
2012-03-13,12.199999809265137,12.5,12.199999809265137,12.5,4.148327350616455,6490
2012-03-14,12.5,12.5,12.5,12.5,4.148327350616455,6350
2012-03-15,12.5,12.5,12.5,12.5,4.148327350616455,4030
2012-03-16,12.5,12.5,12.5,12.5,4.148327350616455,5040
2012-03-19,12.5,12.5,12.5,12.5,4.148327350616455,0
2012-03-20,12.800000190734863,12.800000190734863,12.800000190734863,12.800000190734863,4.247888088226318,5000
2012-03-21,12.800000190734863,12.800000190734863,12.800000190734863,12.800000190734863,4.247888088226318,0
2012-03-22,12.800000190734863,12.800000190734863,12.800000190734863,12.800000190734863,4.247888088226318,0
2012-03-23,12.800000190734863,12.800000190734863,12.800000190734863,12.800000190734863,4.247888088226318,0
2012-03-26,12.800000190734863,12.800000190734863,12.800000190734863,12.800000190734863,4.247888088226318,0
2012-03-27,12.800000190734863,12.800000190734863,12.800000190734863,12.800000190734863,4.247888088226318,0
2012-03-28,12.399999618530273,12.399999618530273,12.399999618530273,12.399999618530273,4.115140438079834,10000
2012-03-29,11.779999732971191,11.779999732971191,11.779999732971191,11.779999732971191,3.909383535385132,100
2012-03-30,11.225000381469727,12.364999771118164,11.225000381469727,12.364999771118164,4.103525161743164,7840
2012-04-02,12.364999771118164,12.364999771118164,12.364999771118164,12.364999771118164,4.103525161743164,0
2012-04-03,11.8100004196167,12.739999771118164,11.8100004196167,12.739999771118164,4.227975368499756,2230
2012-04-04,12.199999809265137,12.949999809265137,12.199999809265137,12.949999809265137,4.297667503356934,100
2012-04-09,12.305000305175781,12.380000114440918,12.305000305175781,12.380000114440918,4.108503341674805,20500
2012-04-10,12.380000114440918,12.380000114440918,12.380000114440918,12.380000114440918,4.108503341674805,0
2012-04-11,12.850000381469727,12.850000381469727,12.850000381469727,12.850000381469727,4.2644805908203125,10
2012-04-12,12.850000381469727,12.850000381469727,12.850000381469727,12.850000381469727,4.2644805908203125,0
2012-04-13,12.210000038146973,12.210000038146973,12.210000038146973,12.210000038146973,4.052086353302002,30000
2012-04-16,11.699999809265137,12.5,11.699999809265137,12.0,3.982394218444824,105030
2012-04-17,12.479999542236328,12.479999542236328,12.479999542236328,12.479999542236328,4.141689777374268,10
2012-04-18,12.979999542236328,12.979999542236328,11.954999923706055,12.925000190734863,4.289370536804199,1020
2012-04-19,12.279999732971191,12.739999771118164,12.279999732971191,12.739999771118164,4.227975368499756,101970
2012-04-20,12.104999542236328,12.399999618530273,12.104999542236328,12.104999542236328,4.017240524291992,116230
2012-04-23,12.104999542236328,12.104999542236328,12.104999542236328,12.104999542236328,4.017240524291992,0
2012-04-24,11.630000114440918,11.630000114440918,11.630000114440918,11.630000114440918,3.8596036434173584,2350
2012-04-25,11.649999618530273,11.994999885559082,11.649999618530273,11.994999885559082,3.9807348251342773,790
2012-04-26,12.350000381469727,12.350000381469727,12.350000381469727,12.350000381469727,4.098546981811523,90
2012-04-27,11.734999656677246,11.734999656677246,11.734999656677246,11.734999656677246,3.8944497108459473,1100
2012-04-30,11.824999809265137,12.600000381469727,11.824999809265137,12.600000381469727,4.181514263153076,150
2012-05-02,12.449999809265137,12.449999809265137,12.005000114440918,12.015000343322754,3.987372398376465,4910
2012-05-03,12.0,12.0,12.0,12.0,3.982394218444824,500
2012-05-04,12.0,12.005000114440918,11.90999984741211,11.90999984741211,3.952526330947876,5600
2012-05-07,11.90999984741211,11.90999984741211,11.90999984741211,11.90999984741211,3.952526330947876,1000
2012-05-08,11.399999618530273,11.800000190734863,11.399999618530273,11.5600004196167,3.8363733291625977,2250
2012-05-09,11.5600004196167,11.5600004196167,11.5600004196167,11.5600004196167,3.8363733291625977,0
2012-05-10,11.100000381469727,11.404999732971191,11.100000381469727,11.404999732971191,3.7849338054656982,750
2012-05-11,11.255000114440918,11.255000114440918,11.255000114440918,11.255000114440918,3.735154151916504,500
2012-05-14,11.595000267028809,11.595000267028809,11.545000076293945,11.5649995803833,3.8380322456359863,11220
2012-05-15,11.5649995803833,11.5649995803833,11.5649995803833,11.5649995803833,3.8380322456359863,0
2012-05-16,11.005000114440918,11.005000114440918,11.005000114440918,11.005000114440918,3.6521873474121094,2000
2012-05-17,11.029999732971191,11.194999694824219,11.029999732971191,11.194999694824219,3.7152421474456787,500
2012-05-18,10.899999618530273,11.739999771118164,10.819999694824219,11.645000457763672,3.86458158493042,5000
2012-05-21,11.699999809265137,12.0,11.699999809265137,12.0,3.982394218444824,15150
2012-05-22,11.699999809265137,12.0,11.699999809265137,12.0,3.982394218444824,22470
2012-05-23,12.0,12.0,12.0,12.0,3.982394218444824,0
2012-05-24,12.0,12.199999809265137,12.0,12.164999961853027,4.03715181350708,3460
2012-05-25,12.005000114440918,12.494999885559082,12.005000114440918,12.425000190734863,4.123437404632568,1520
2012-05-28,12.005000114440918,12.005000114440918,11.899999618530273,11.899999618530273,3.9492077827453613,19000
2012-05-29,12.0,12.010000228881836,12.0,12.010000228881836,3.985713005065918,4000
2012-05-30,12.020000457763672,12.020000457763672,11.899999618530273,12.020000457763672,3.989032030105591,4500
2012-05-31,11.899999618530273,12.100000381469727,11.899999618530273,12.100000381469727,4.015580654144287,3500
2012-06-01,11.899999618530273,11.899999618530273,11.899999618530273,11.899999618530273,3.9492077827453613,4500
2012-06-04,11.800000190734863,11.800000190734863,11.800000190734863,11.800000190734863,3.9160208702087402,500
2012-06-05,11.850000381469727,11.850000381469727,11.805000305175781,11.805000305175781,3.9176807403564453,1200
2012-06-06,11.829999923706055,11.829999923706055,11.824999809265137,11.824999809265137,3.9243175983428955,1500
2012-06-07,11.300000190734863,11.600000381469727,11.300000190734863,11.600000381469727,3.8496479988098145,20
2012-06-08,11.649999618530273,11.699999809265137,11.649999618530273,11.699999809265137,3.8828344345092773,1060
2012-06-11,11.244999885559082,11.604999542236328,11.244999885559082,11.515000343322754,3.821439266204834,15590
2012-06-12,11.5649995803833,11.5649995803833,11.5649995803833,11.5649995803833,3.8380322456359863,1810
2012-06-13,11.5649995803833,11.5649995803833,11.5649995803833,11.5649995803833,3.8380322456359863,0
2012-06-14,12.140000343322754,12.140000343322754,12.140000343322754,12.140000343322754,4.028855800628662,800
2012-06-15,12.100000381469727,12.100000381469727,12.100000381469727,12.100000381469727,4.015580654144287,200
2012-06-18,12.0,12.0,11.899999618530273,11.984999656677246,3.9774162769317627,2820
2012-06-19,11.515000343322754,12.295000076293945,11.515000343322754,12.295000076293945,4.080295085906982,20
2012-06-20,12.300000190734863,12.300000190734863,12.300000190734863,12.300000190734863,4.081954002380371,160
2012-06-21,12.399999618530273,12.399999618530273,11.760000228881836,11.899999618530273,3.9492077827453613,2040
2012-06-22,12.390000343322754,12.390000343322754,12.390000343322754,12.390000343322754,4.111822605133057,10
2012-06-25,12.800000190734863,12.800000190734863,11.795000076293945,12.095000267028809,4.013921737670898,5770
2012-06-26,12.345000267028809,12.345000267028809,11.800000190734863,11.8149995803833,3.9209988117218018,690
2012-06-27,11.53499984741211,12.0,11.53499984741211,11.720000267028809,3.8894717693328857,3190
2012-06-28,11.800000190734863,11.800000190734863,11.800000190734863,11.800000190734863,3.9160208702087402,500
2012-06-29,11.710000038146973,12.0,11.704999923706055,11.989999771118164,3.9790756702423096,13200
2012-07-02,11.859999656677246,12.199999809265137,11.859999656677246,12.199999809265137,4.048767566680908,2960
2012-07-03,12.029999732971191,12.585000038146973,11.899999618530273,12.0,3.982394218444824,27710
2012-07-04,12.300000190734863,12.364999771118164,12.0,12.199999809265137,4.048767566680908,1170
2012-07-05,11.864999771118164,12.164999961853027,11.819999694824219,11.890000343322754,3.9458892345428467,1640
2012-07-06,12.600000381469727,12.600000381469727,11.550000190734863,11.765000343322754,3.9044058322906494,2950
2012-07-09,11.765000343322754,11.765000343322754,11.765000343322754,11.765000343322754,3.9044058322906494,0
2012-07-10,11.46500015258789,12.4399995803833,11.46500015258789,12.4399995803833,4.128415107727051,430
2012-07-11,11.904999732971191,12.595000267028809,11.904999732971191,11.994999885559082,3.9807348251342773,1030
2012-07-12,11.899999618530273,11.899999618530273,11.604999542236328,11.604999542236328,3.851306915283203,760
2012-07-13,12.399999618530273,12.399999618530273,11.699999809265137,12.399999618530273,4.115140438079834,1060
2012-07-16,11.510000228881836,12.805000305175781,11.510000228881836,12.180000305175781,4.042130470275879,32640
2012-07-17,12.100000381469727,12.390000343322754,12.0,12.354999542236328,4.1002068519592285,6780
2012-07-18,12.010000228881836,12.699999809265137,12.010000228881836,12.529999732971191,4.15828275680542,50950
2012-07-19,12.0,13.265000343322754,12.0,12.725000381469727,4.222997188568115,1260
2012-07-20,13.324999809265137,13.324999809265137,12.494999885559082,12.5,4.148327350616455,18170
2012-07-23,12.800000190734863,12.800000190734863,12.350000381469727,12.645000457763672,4.19644832611084,640
2012-07-24,12.899999618530273,12.899999618530273,12.0,12.164999961853027,4.03715181350708,8300
2012-07-25,11.600000381469727,12.390000343322754,11.600000381469727,12.350000381469727,4.098546981811523,200
2012-07-26,12.53499984741211,12.765000343322754,12.53499984741211,12.765000343322754,4.236271858215332,50
2012-07-27,12.194999694824219,12.479999542236328,11.65999984741211,11.770000457763672,3.9060652256011963,9770
2012-07-30,12.539999961853027,12.539999961853027,11.800000190734863,11.845000267028809,3.930955171585083,3340
2012-07-31,12.199999809265137,12.199999809265137,11.699999809265137,11.779999732971191,3.909383535385132,130
2012-08-01,11.199999809265137,12.1850004196167,11.199999809265137,11.850000381469727,3.93261456489563,4470
2012-08-02,11.850000381469727,12.524999618530273,11.8149995803833,12.385000228881836,4.110162734985352,1550
2012-08-03,11.699999809265137,11.699999809265137,11.699999809265137,11.699999809265137,3.8828344345092773,50
2012-08-06,11.529999732971191,12.100000381469727,11.529999732971191,12.095000267028809,4.013921737670898,1670
2012-08-07,12.199999809265137,12.199999809265137,11.729999542236328,12.095000267028809,4.013921737670898,5150
2012-08-08,12.1899995803833,12.194999694824219,12.140000343322754,12.1850004196167,4.043789863586426,60
2012-08-09,11.460000038146973,11.859999656677246,11.454999923706055,11.46500015258789,3.8048462867736816,2000
2012-08-10,10.949999809265137,11.960000038146973,10.949999809265137,11.744999885559082,3.89776873588562,1110
2012-08-13,10.829999923706055,11.989999771118164,10.829999923706055,11.414999961853027,3.788252830505371,11010
2012-08-14,12.1850004196167,12.1850004196167,11.5,11.5,3.8164610862731934,720
2012-08-16,12.055000305175781,12.649999618530273,12.055000305175781,12.600000381469727,4.181514263153076,414290
2012-08-17,12.795000076293945,13.359999656677246,12.505000114440918,12.925000190734863,4.289370536804199,58870
2012-08-21,12.850000381469727,12.850000381469727,12.5,12.510000228881836,4.151645660400391,19000
2012-08-22,12.899999618530273,12.899999618530273,12.59000015258789,12.8149995803833,4.252865791320801,19800
2012-08-23,12.255000114440918,12.989999771118164,12.255000114440918,12.6899995803833,4.211381435394287,10080
2012-08-24,12.895000457763672,12.899999618530273,12.5,12.744999885559082,4.2296342849731445,1290
2012-08-27,13.1899995803833,13.1899995803833,12.350000381469727,12.755000114440918,4.232953071594238,10800
2012-08-28,12.5,13.0,11.829999923706055,12.364999771118164,4.103525161743164,7570
2012-08-29,12.399999618530273,12.734999656677246,11.960000038146973,12.274999618530273,4.073657989501953,4780
2012-08-30,11.835000038146973,12.59000015258789,11.835000038146973,12.34000015258789,4.095228672027588,900
2012-08-31,11.885000228881836,12.609999656677246,11.829999923706055,12.329999923706055,4.091909885406494,4860
2012-09-03,12.399999618530273,12.399999618530273,12.0,12.265000343322754,4.070339202880859,11090
2012-09-04,11.899999618530273,12.395000457763672,11.899999618530273,12.395000457763672,4.113481521606445,2240
2012-09-05,12.300000190734863,12.399999618530273,11.925000190734863,12.270000457763672,4.071998596191406,12920
2012-09-06,12.050000190734863,12.369999885559082,12.029999732971191,12.045000076293945,3.997328281402588,8460
2012-09-07,12.3100004196167,12.399999618530273,12.024999618530273,12.1850004196167,4.043789863586426,20860
2012-09-10,12.489999771118164,12.5,12.260000228881836,12.494999885559082,4.146667957305908,4750
2012-09-11,12.489999771118164,12.579999923706055,12.359999656677246,12.359999656677246,4.101866245269775,5400
2012-09-12,12.5,13.484999656677246,12.494999885559082,12.625,4.189810752868652,34520
2012-09-13,12.649999618530273,12.954999923706055,12.199999809265137,12.204999923706055,4.050426959991455,40750
2012-09-14,12.494999885559082,12.494999885559082,12.015000343322754,12.145000457763672,5.462791442871094,8520
2012-09-17,12.199999809265137,12.399999618530273,12.0,12.199999809265137,5.487529754638672,4540
2012-09-18,12.475000381469727,12.475000381469727,12.475000381469727,12.475000381469727,5.611224174499512,10
2012-09-20,12.0,12.460000038146973,12.0,12.069999694824219,5.429056167602539,15060
2012-09-21,12.5,12.75,12.199999809265137,12.199999809265137,5.487529754638672,14730
2012-09-24,12.300000190734863,12.300000190734863,12.069999694824219,12.199999809265137,5.487529754638672,22540
2012-09-25,12.039999961853027,12.199999809265137,11.895000457763672,12.015000343322754,5.404317378997803,15640
2012-09-26,12.895000457763672,12.895000457763672,12.015000343322754,12.050000190734863,5.420059680938721,5800
2012-09-27,11.920000076293945,12.020000457763672,11.920000076293945,12.015000343322754,5.404317378997803,1830
2012-09-28,12.199999809265137,12.199999809265137,12.029999732971191,12.15999984741211,5.469537734985352,17480
2012-10-01,12.005000114440918,12.479999542236328,12.0,12.199999809265137,5.487529754638672,66720
2012-10-03,12.300000190734863,12.300000190734863,11.890000343322754,11.920000076293945,5.361586570739746,79490
2012-10-04,12.399999618530273,12.399999618530273,11.614999771118164,11.800000190734863,5.307610988616943,133280
2012-10-05,11.475000381469727,11.875,11.270000457763672,11.829999923706055,5.321105003356934,2470
2012-10-08,11.604999542236328,12.329999923706055,11.604999542236328,12.045000076293945,5.417811393737793,12210
2012-10-09,12.300000190734863,12.300000190734863,11.609999656677246,11.645000457763672,5.2378926277160645,54430
2012-10-10,11.800000190734863,12.380000114440918,11.539999961853027,11.604999542236328,5.219899654388428,19140
2012-10-11,11.550000190734863,11.699999809265137,11.539999961853027,11.579999923706055,5.208654880523682,4500
2012-10-12,11.6899995803833,12.180000305175781,11.489999771118164,11.71500015258789,5.269378185272217,33830
2012-10-15,11.949999809265137,11.949999809265137,11.604999542236328,11.755000114440918,5.287370204925537,6320
2012-10-16,12.199999809265137,12.199999809265137,11.399999618530273,11.694999694824219,5.260382175445557,18770
2012-10-17,12.0,12.0,11.305000305175781,11.75,5.285120487213135,7310
2012-10-18,11.805000305175781,12.175000190734863,11.725000381469727,11.75,5.285120487213135,11220
2012-10-19,11.994999885559082,11.994999885559082,11.324999809265137,11.399999618530273,5.127691268920898,30380
2012-10-22,11.800000190734863,11.994999885559082,11.604999542236328,11.654999732971191,5.242389678955078,50000
2012-10-23,11.800000190734863,11.8149995803833,11.354999542236328,11.454999923706055,5.152431011199951,30090
2012-10-25,11.4399995803833,11.779999732971191,11.25,11.295000076293945,5.080463409423828,24620
2012-10-29,11.899999618530273,11.899999618530273,11.510000228881836,11.510000228881836,5.177169322967529,2900
2012-10-30,11.204999923706055,11.699999809265137,10.800000190734863,11.005000114440918,4.950021743774414,7120
2012-10-31,11.369999885559082,11.390000343322754,10.949999809265137,11.010000228881836,4.952270984649658,1880
2012-11-01,11.385000228881836,11.395000457763672,10.675000190734863,10.720000267028809,4.821829319000244,8070
2012-11-02,11.0,11.100000381469727,10.925000190734863,10.925000190734863,4.914038181304932,14200
2012-11-05,11.109999656677246,11.350000381469727,10.979999542236328,10.989999771118164,4.943274974822998,6830
2012-11-06,10.854999542236328,11.25,10.854999542236328,10.899999618530273,4.902792930603027,1250
2012-11-07,10.859999656677246,11.25,10.800000190734863,10.850000381469727,4.880303382873535,2210
2012-11-08,11.09000015258789,11.100000381469727,11.09000015258789,11.095000267028809,4.990503787994385,1250
2012-11-09,11.095000267028809,11.100000381469727,11.095000267028809,11.100000381469727,4.992752552032471,1400
2012-11-12,10.545000076293945,10.994999885559082,10.199999809265137,10.789999961853027,4.8533148765563965,62460
2012-11-15,10.5,11.140000343322754,10.399999618530273,10.494999885559082,4.720625400543213,21560
2012-11-16,10.03499984741211,10.789999961853027,10.03499984741211,10.789999961853027,4.8533148765563965,16850
2012-11-19,10.460000038146973,10.489999771118164,10.010000228881836,10.470000267028809,4.709380626678467,42080
2012-11-20,10.024999618530273,10.289999961853027,10.010000228881836,10.029999732971191,4.511468887329102,43500
2012-11-21,10.0,10.244999885559082,10.0,10.244999885559082,4.608175754547119,2670
2012-11-22,10.295000076293945,10.295000076293945,10.104999542236328,10.104999542236328,4.545203685760498,1100
2012-11-23,10.274999618530273,10.279999732971191,10.0,10.270000457763672,4.619421005249023,5730
2012-11-26,10.029999732971191,10.100000381469727,10.0,10.100000381469727,4.5429558753967285,9260
2012-11-27,10.005000114440918,10.170000076293945,10.0,10.024999618530273,4.509220123291016,410
2012-11-29,10.194999694824219,10.199999809265137,10.069999694824219,10.1850004196167,4.581187725067139,2510
2012-11-30,10.029999732971191,10.399999618530273,10.029999732971191,10.244999885559082,4.608175754547119,16970
2012-12-03,10.03499984741211,10.390000343322754,10.03499984741211,10.104999542236328,4.545203685760498,3320
2012-12-04,10.199999809265137,10.430000305175781,10.199999809265137,10.300000190734863,4.6329145431518555,9900
2012-12-05,10.125,10.395000457763672,10.0,10.069999694824219,4.529460906982422,28160
2012-12-06,10.055000305175781,10.289999961853027,10.024999618530273,10.15999984741211,4.569942951202393,4620
2012-12-07,10.199999809265137,10.25,10.010000228881836,10.100000381469727,4.5429558753967285,33730
2012-12-10,10.21500015258789,10.239999771118164,10.149999618530273,10.229999542236328,4.601428031921387,5670
2012-12-11,10.0649995803833,10.225000381469727,10.0,10.039999961853027,4.51596736907959,3590
2012-12-12,10.265000343322754,10.265000343322754,10.050000190734863,10.100000381469727,4.5429558753967285,140
2012-12-13,10.005000114440918,10.149999618530273,10.0,10.005000114440918,4.5002241134643555,2250
2012-12-14,10.100000381469727,10.220000267028809,10.0,10.0,4.4979753494262695,700
2012-12-17,10.0,10.0,10.0,10.0,4.4979753494262695,2250
2012-12-18,10.109999656677246,10.109999656677246,10.0,10.0,4.4979753494262695,1020
2012-12-19,10.100000381469727,10.229999542236328,10.0,10.050000190734863,4.52046537399292,5930
2012-12-20,10.010000228881836,10.1899995803833,10.0,10.125,4.554200649261475,5170
2012-12-21,10.03499984741211,10.100000381469727,10.0,10.069999694824219,4.529460906982422,8730
2012-12-24,10.5,10.5,9.90999984741211,9.90999984741211,4.457493305206299,58540
2012-12-26,10.470000267028809,10.470000267028809,9.8100004196167,9.8100004196167,4.412513732910156,25390
2012-12-27,9.699999809265137,9.895000457763672,9.699999809265137,9.895000457763672,4.450747013092041,4360
2012-12-28,10.175000190734863,10.180000305175781,9.989999771118164,9.994999885559082,4.495726585388184,160
2012-12-31,10.109999656677246,10.1899995803833,10.100000381469727,10.180000305175781,4.5789384841918945,21180
2013-01-01,10.194999694824219,10.199999809265137,9.90999984741211,10.050000190734863,4.52046537399292,6580
2013-01-02,9.9399995803833,10.149999618530273,9.9399995803833,10.100000381469727,4.5429558753967285,4760
2013-01-03,10.0,10.149999618530273,9.989999771118164,10.024999618530273,4.509220123291016,14320
2013-01-04,10.0,10.100000381469727,9.859999656677246,10.100000381469727,4.5429558753967285,16450
2013-01-07,10.100000381469727,10.125,10.0,10.039999961853027,4.51596736907959,5100
2013-01-08,10.125,10.25,10.055000305175781,10.085000038146973,4.536208152770996,32310
2013-01-09,10.039999961853027,10.175000190734863,10.015000343322754,10.015000343322754,4.504722595214844,2300
2013-01-10,10.175000190734863,10.175000190734863,10.050000190734863,10.100000381469727,4.5429558753967285,10050
2013-01-11,9.954999923706055,9.954999923706055,9.954999923706055,9.954999923706055,4.477734088897705,1620
2013-01-14,9.875,9.875,9.875,9.875,4.441751003265381,1300
2013-01-15,9.904999732971191,9.904999732971191,9.734999656677246,9.885000228881836,4.446248531341553,7530
2013-01-16,9.600000381469727,9.789999961853027,9.600000381469727,9.6899995803833,4.3585381507873535,9470
2013-01-17,9.890000343322754,9.890000343322754,9.454999923706055,9.524999618530273,4.284321308135986,3730
2013-01-18,9.53499984741211,9.96500015258789,9.414999961853027,9.510000228881836,4.27757453918457,84080
2013-01-21,9.604999542236328,9.65999984741211,9.03499984741211,9.104999542236328,4.095406532287598,14510
2013-01-22,9.125,9.734999656677246,9.100000381469727,9.199999809265137,4.138137340545654,2030
2013-01-23,9.140000343322754,9.600000381469727,9.140000343322754,9.550000190734863,4.295567035675049,3350
2013-01-24,9.550000190734863,9.550000190734863,9.119999885559082,9.119999885559082,4.102153301239014,520
2013-01-25,9.119999885559082,9.119999885559082,9.119999885559082,9.119999885559082,4.102153301239014,0
2013-01-28,9.119999885559082,9.119999885559082,9.119999885559082,9.119999885559082,4.102153301239014,0
2013-01-29,9.199999809265137,9.199999809265137,9.100000381469727,9.170000076293945,4.124643325805664,4420
2013-01-30,9.050000190734863,9.475000381469727,9.050000190734863,9.0600004196167,4.075165748596191,4980
2013-01-31,9.020000457763672,9.029999732971191,9.0,9.0,4.048177719116211,14150
2013-02-01,8.84000015258789,9.0,8.84000015258789,9.0,4.048177719116211,1900
2013-02-04,9.0,9.0,8.835000038146973,8.835000038146973,3.973961591720581,16740
2013-02-05,8.829999923706055,9.0,8.829999923706055,9.0,4.048177719116211,250
2013-02-06,9.029999732971191,9.050000190734863,8.800000190734863,8.8100004196167,3.962716817855835,8240
2013-02-07,8.850000381469727,8.970000267028809,8.8100004196167,8.9350004196167,4.0189409255981445,2850
2013-02-08,8.800000190734863,9.25,8.800000190734863,9.0649995803833,4.077414035797119,5620
2013-02-11,9.25,10.199999809265137,9.25,9.619999885559082,4.327052593231201,57120
2013-02-12,9.324999809265137,9.699999809265137,9.305000305175781,9.399999618530273,4.2280964851379395,5760
2013-02-13,9.289999961853027,9.895000457763672,9.170000076293945,9.300000190734863,4.183116912841797,38660
2013-02-14,9.699999809265137,9.699999809265137,9.0,9.0,4.048177719116211,12420
2013-02-15,8.800000190734863,9.395000457763672,8.800000190734863,8.994999885559082,4.045928478240967,2420
2013-02-18,8.954999923706055,9.449999809265137,8.664999961853027,8.864999771118164,3.987455368041992,24860
2013-02-19,9.28499984741211,9.28499984741211,9.104999542236328,9.104999542236328,4.095406532287598,2070
2013-02-20,9.329999923706055,9.329999923706055,9.119999885559082,9.25,4.160627365112305,500
2013-02-21,8.90999984741211,8.90999984741211,8.90999984741211,8.90999984741211,4.007695198059082,310
2013-02-22,9.295000076293945,9.295000076293945,9.295000076293945,9.295000076293945,4.180868148803711,10
2013-02-25,8.8100004196167,8.899999618530273,8.729999542236328,8.899999618530273,4.00319766998291,10880
2013-02-26,9.46500015258789,9.46500015258789,9.380000114440918,9.380000114440918,4.2191009521484375,110
2013-02-27,9.100000381469727,9.484999656677246,9.100000381469727,9.454999923706055,4.252835750579834,7230
2013-02-28,9.454999923706055,9.454999923706055,9.454999923706055,9.454999923706055,4.252835750579834,0
2013-03-01,8.90999984741211,9.5,8.90999984741211,9.5,4.27307653427124,290
2013-03-04,9.5,9.5,9.5,9.5,4.27307653427124,0
2013-03-05,9.5,9.5,9.5,9.5,4.27307653427124,0
2013-03-06,9.005000114440918,9.395000457763672,9.005000114440918,9.020000457763672,4.057173728942871,2540
2013-03-07,8.824999809265137,8.824999809265137,8.824999809265137,8.824999809265137,3.969463348388672,50
2013-03-08,9.010000228881836,9.199999809265137,9.010000228881836,9.154999732971191,4.117896556854248,7650
2013-03-11,8.869999885559082,9.199999809265137,8.869999885559082,8.875,3.991952896118164,2190
2013-03-12,9.0,9.100000381469727,9.0,9.100000381469727,4.093157768249512,1600
2013-03-13,8.869999885559082,9.0,8.850000381469727,9.0,4.048177719116211,1050
2013-03-14,8.850000381469727,8.994999885559082,8.850000381469727,8.994999885559082,4.045928478240967,2510
2013-03-15,8.899999618530273,8.899999618530273,8.850000381469727,8.899999618530273,4.00319766998291,18350
2013-03-18,8.71500015258789,8.899999618530273,8.71500015258789,8.729999542236328,3.926732063293457,290
2013-03-19,8.729999542236328,8.895000457763672,8.729999542236328,8.895000457763672,4.000948905944824,3830
2013-03-20,8.729999542236328,8.899999618530273,8.710000038146973,8.800000190734863,3.958218574523926,18440
2013-03-21,8.529999732971191,8.885000228881836,8.529999732971191,8.600000381469727,3.8682589530944824,4120
2013-03-22,8.800000190734863,8.800000190734863,8.524999618530273,8.524999618530273,3.8345236778259277,900
2013-03-25,8.78499984741211,8.78499984741211,8.34000015258789,8.520000457763672,3.832274913787842,12390
2013-03-26,8.399999618530273,8.5,8.260000228881836,8.5,3.8232789039611816,10300
2013-03-28,8.399999618530273,8.399999618530273,8.119999885559082,8.1899995803833,3.6838414669036865,110
2013-04-01,8.694999694824219,8.699999809265137,8.694999694824219,8.699999809265137,3.913238525390625,1100
2013-04-02,8.404999732971191,8.6899995803833,8.404999732971191,8.6899995803833,3.908740520477295,200
2013-04-03,8.699999809265137,8.699999809265137,8.699999809265137,8.699999809265137,3.913238525390625,110
2013-04-04,8.399999618530273,8.399999618530273,8.100000381469727,8.1850004196167,3.6815929412841797,700
2013-04-05,8.324999809265137,8.699999809265137,8.324999809265137,8.694999694824219,3.910989284515381,5020
2013-04-08,8.694999694824219,8.694999694824219,8.694999694824219,8.694999694824219,3.910989284515381,0
2013-04-09,8.694999694824219,8.694999694824219,8.694999694824219,8.694999694824219,3.910989284515381,0
2013-04-10,8.694999694824219,8.694999694824219,8.694999694824219,8.694999694824219,3.910989284515381,0
2013-04-11,8.694999694824219,8.694999694824219,8.694999694824219,8.694999694824219,3.910989284515381,0
2013-04-12,8.100000381469727,8.100000381469727,8.100000381469727,8.100000381469727,3.643359899520874,40
2013-04-15,8.100000381469727,8.100000381469727,8.100000381469727,8.100000381469727,3.643359899520874,0
2013-04-16,8.100000381469727,8.100000381469727,8.100000381469727,8.100000381469727,3.643359899520874,0
2013-04-17,8.100000381469727,8.100000381469727,8.100000381469727,8.100000381469727,3.643359899520874,0
2013-04-18,8.109999656677246,8.479999542236328,8.104999542236328,8.109999656677246,3.647857666015625,7450
2013-04-22,8.005000114440918,8.005000114440918,8.005000114440918,8.005000114440918,3.6006290912628174,2050
2013-04-23,8.5,8.5,8.5,8.5,3.8232789039611816,5000
2013-04-25,8.100000381469727,8.100000381469727,8.100000381469727,8.100000381469727,3.643359899520874,1000
2013-04-26,8.100000381469727,8.100000381469727,8.100000381469727,8.100000381469727,3.643359899520874,500
2013-04-29,8.100000381469727,8.100000381469727,8.100000381469727,8.100000381469727,3.643359899520874,0
2013-04-30,8.100000381469727,8.100000381469727,8.100000381469727,8.100000381469727,3.643359899520874,0
2013-05-02,8.25,8.25,8.25,8.25,3.710829734802246,720
2013-05-03,8.25,8.25,8.25,8.25,3.710829734802246,0
2013-05-06,8.25,8.25,8.25,8.25,3.710829734802246,0
2013-05-07,8.25,8.25,8.25,8.25,3.710829734802246,0
2013-05-08,8.25,8.25,8.25,8.25,3.710829734802246,0
2013-05-09,8.25,8.25,8.25,8.25,3.710829734802246,0
2013-05-10,8.25,8.25,8.25,8.25,3.710829734802246,0
2013-05-13,8.25,8.25,8.25,8.25,3.710829734802246,0
2013-05-14,8.25,8.25,8.25,8.25,3.710829734802246,0
2013-05-15,8.25,8.25,8.25,8.25,3.710829734802246,0
2013-05-16,8.25,8.25,8.25,8.25,3.710829734802246,2000
2013-05-17,8.25,8.25,8.25,8.25,3.710829734802246,0
2013-05-20,8.25,8.25,8.25,8.25,3.710829734802246,250
2013-05-21,8.25,8.25,8.25,8.25,3.710829734802246,0
2013-05-22,8.25,8.25,8.25,8.25,3.710829734802246,0
2013-05-23,8.010000228881836,8.010000228881836,8.010000228881836,8.010000228881836,3.6028783321380615,2500
2013-05-24,8.010000228881836,8.010000228881836,8.010000228881836,8.010000228881836,3.6028783321380615,0
2013-05-27,8.010000228881836,8.010000228881836,8.0,8.010000228881836,3.6028783321380615,6200
2013-05-28,8.199999809265137,8.199999809265137,8.199999809265137,8.199999809265137,3.6883397102355957,2000
2013-05-29,9.0,9.475000381469727,9.0,9.0,4.048177719116211,60200
2013-05-30,9.5,10.375,9.5,9.5,4.27307653427124,5000
2013-05-31,10.0,10.005000114440918,10.0,10.0,4.4979753494262695,19090
2013-06-03,10.0,10.010000228881836,10.0,10.0,4.4979753494262695,8500
2013-06-04,9.979999542236328,10.0,9.979999542236328,9.979999542236328,4.488978862762451,11450
2013-06-05,9.979999542236328,9.979999542236328,9.979999542236328,9.979999542236328,4.488978862762451,0
2013-06-06,9.979999542236328,9.979999542236328,9.979999542236328,9.979999542236328,4.488978862762451,0
2013-06-07,9.199999809265137,9.524999618530273,9.199999809265137,9.199999809265137,4.138137340545654,32000
2013-06-10,9.199999809265137,9.199999809265137,9.199999809265137,9.199999809265137,4.138137340545654,200
2013-06-11,9.0,9.0,9.0,9.0,4.048177719116211,10000
2013-06-12,9.550000190734863,9.550000190734863,9.0,9.550000190734863,4.295567035675049,1000
2013-06-13,8.899999618530273,9.0,8.899999618530273,9.0,4.048177719116211,10
2013-06-14,9.0,9.0,9.0,9.0,4.048177719116211,0
2013-06-17,9.0,9.0,9.0,9.0,4.048177719116211,0
2013-06-18,9.0,9.0,9.0,9.0,4.048177719116211,0
2013-06-19,9.0,9.0,9.0,9.0,4.048177719116211,0
2013-06-20,9.0,9.0,9.0,9.0,4.048177719116211,0
2013-06-21,9.0,9.0,9.0,9.0,4.048177719116211,0
2013-06-24,9.300000190734863,9.300000190734863,9.300000190734863,9.300000190734863,4.183116912841797,10
2013-06-25,8.84000015258789,9.100000381469727,8.835000038146973,8.84000015258789,3.976210594177246,5400
2013-06-26,8.84000015258789,8.84000015258789,8.84000015258789,8.84000015258789,3.976210594177246,0
2013-06-27,8.699999809265137,8.699999809265137,8.699999809265137,8.699999809265137,3.913238525390625,15000
2013-06-28,8.699999809265137,8.699999809265137,8.699999809265137,8.699999809265137,3.913238525390625,0
2013-07-01,8.699999809265137,8.699999809265137,8.699999809265137,8.699999809265137,3.913238525390625,0
2013-07-02,8.699999809265137,8.699999809265137,8.699999809265137,8.699999809265137,3.913238525390625,0
2013-07-03,8.699999809265137,8.699999809265137,8.699999809265137,8.699999809265137,3.913238525390625,80
2013-07-04,8.699999809265137,8.699999809265137,8.699999809265137,8.699999809265137,3.913238525390625,0
2013-07-05,8.699999809265137,8.699999809265137,8.699999809265137,8.699999809265137,3.913238525390625,0
2013-07-08,8.699999809265137,8.699999809265137,8.699999809265137,8.699999809265137,3.913238525390625,0
2013-07-09,8.699999809265137,8.699999809265137,8.699999809265137,8.699999809265137,3.913238525390625,1000
2013-07-10,8.699999809265137,8.699999809265137,8.699999809265137,8.699999809265137,3.913238525390625,0
2013-07-11,8.699999809265137,8.699999809265137,8.699999809265137,8.699999809265137,3.913238525390625,0
2013-07-12,8.699999809265137,8.699999809265137,8.699999809265137,8.699999809265137,3.913238525390625,0
2013-07-15,8.699999809265137,8.699999809265137,8.699999809265137,8.699999809265137,3.913238525390625,0
2013-07-16,8.699999809265137,8.699999809265137,8.699999809265137,8.699999809265137,3.913238525390625,0
2013-07-17,8.699999809265137,8.699999809265137,8.699999809265137,8.699999809265137,3.913238525390625,0
2013-07-18,8.5,8.5,8.5,8.5,3.8232789039611816,1000
2013-07-19,8.5,8.5,8.5,8.5,3.8232789039611816,0
2013-07-22,8.5,8.5,8.5,8.5,3.8232789039611816,0
2013-07-23,8.5,8.5,8.5,8.5,3.8232789039611816,0
2013-07-24,8.550000190734863,8.550000190734863,8.550000190734863,8.550000190734863,3.845768928527832,1000
2013-07-25,8.550000190734863,8.550000190734863,8.550000190734863,8.550000190734863,3.845768928527832,0
2013-07-26,8.550000190734863,8.550000190734863,8.550000190734863,8.550000190734863,3.845768928527832,0
2013-07-29,8.5,8.5,8.5,8.5,3.8232789039611816,1500
2013-07-30,8.109999656677246,8.109999656677246,8.100000381469727,8.109999656677246,3.647857666015625,1340
2013-07-31,8.109999656677246,8.109999656677246,8.109999656677246,8.109999656677246,3.647857666015625,0
2013-08-01,8.109999656677246,8.109999656677246,8.109999656677246,8.109999656677246,3.647857666015625,0
2013-08-02,8.399999618530273,8.399999618530273,8.399999618530273,8.399999618530273,3.778299331665039,590
2013-08-05,8.399999618530273,8.399999618530273,8.399999618530273,8.399999618530273,3.778299331665039,0
2013-08-06,8.010000228881836,8.010000228881836,8.010000228881836,8.010000228881836,3.6028783321380615,2000
2013-08-07,8.010000228881836,8.010000228881836,8.010000228881836,8.010000228881836,3.6028783321380615,0
2013-08-08,8.010000228881836,8.010000228881836,8.010000228881836,8.010000228881836,3.6028783321380615,0
2013-08-12,8.010000228881836,8.010000228881836,8.010000228881836,8.010000228881836,3.6028783321380615,0
2013-08-13,8.199999809265137,8.199999809265137,8.020000457763672,8.199999809265137,3.6883397102355957,12000
2013-08-14,8.199999809265137,8.199999809265137,8.199999809265137,8.199999809265137,3.6883397102355957,0
2013-08-16,8.399999618530273,8.399999618530273,8.399999618530273,8.399999618530273,3.778299331665039,1030
2013-08-19,8.399999618530273,8.399999618530273,8.399999618530273,8.399999618530273,3.778299331665039,0
2013-08-20,8.399999618530273,8.399999618530273,8.399999618530273,8.399999618530273,3.778299331665039,0
2013-08-21,8.399999618530273,8.399999618530273,8.399999618530273,8.399999618530273,3.778299331665039,0
2013-08-22,8.399999618530273,8.399999618530273,8.399999618530273,8.399999618530273,3.778299331665039,0
2013-08-23,8.399999618530273,8.399999618530273,8.399999618530273,8.399999618530273,3.778299331665039,0
2013-08-26,8.399999618530273,8.399999618530273,8.399999618530273,8.399999618530273,3.778299331665039,2500
2013-08-27,8.399999618530273,8.399999618530273,8.399999618530273,8.399999618530273,3.778299331665039,0
2013-08-28,8.5,8.5,8.5,8.5,3.8232789039611816,39000
2013-08-29,8.109999656677246,8.109999656677246,8.109999656677246,8.109999656677246,3.647857666015625,150
2013-08-30,8.109999656677246,8.109999656677246,8.109999656677246,8.109999656677246,3.647857666015625,0
2013-09-02,8.109999656677246,8.109999656677246,8.109999656677246,8.109999656677246,3.647857666015625,0
2013-09-03,8.109999656677246,8.109999656677246,8.109999656677246,8.109999656677246,3.647857666015625,0
2013-09-04,8.399999618530273,8.399999618530273,8.399999618530273,8.399999618530273,3.778299331665039,200
2013-09-05,8.399999618530273,8.399999618530273,8.399999618530273,8.399999618530273,3.778299331665039,0
2013-09-06,8.399999618530273,8.399999618530273,8.399999618530273,8.399999618530273,3.778299331665039,0
2013-09-10,8.819999694824219,8.819999694824219,8.819999694824219,8.819999694824219,3.9672141075134277,10
2013-09-11,8.819999694824219,8.819999694824219,8.819999694824219,8.819999694824219,3.9672141075134277,0
2013-09-12,8.704999923706055,8.704999923706055,8.704999923706055,8.704999923706055,3.915487289428711,300
2013-09-13,8.704999923706055,8.704999923706055,8.704999923706055,8.704999923706055,7.24427604675293,0
2013-09-16,8.704999923706055,8.704999923706055,8.704999923706055,8.704999923706055,7.24427604675293,0
2013-09-17,8.704999923706055,8.704999923706055,8.704999923706055,8.704999923706055,7.24427604675293,0
2013-09-18,8.704999923706055,8.704999923706055,8.704999923706055,8.704999923706055,7.24427604675293,0
2013-09-19,8.704999923706055,8.704999923706055,8.704999923706055,8.704999923706055,7.24427604675293,0
2013-09-20,8.704999923706055,8.704999923706055,8.704999923706055,8.704999923706055,7.24427604675293,0
2013-09-23,9.140000343322754,9.140000343322754,9.140000343322754,9.140000343322754,7.6062822341918945,2000
2013-09-24,9.140000343322754,9.140000343322754,9.140000343322754,9.140000343322754,7.6062822341918945,0
2013-09-25,9.140000343322754,9.140000343322754,9.140000343322754,9.140000343322754,7.6062822341918945,0
2013-09-26,9.199999809265137,9.199999809265137,9.199999809265137,9.199999809265137,7.656213760375977,5000
2013-09-27,9.199999809265137,9.199999809265137,9.199999809265137,9.199999809265137,7.656213760375977,10000
2013-09-30,9.65999984741211,9.65999984741211,9.649999618530273,9.65999984741211,8.03902530670166,47550
2013-10-01,9.65999984741211,9.65999984741211,9.65999984741211,9.65999984741211,8.03902530670166,0
2013-10-03,9.65999984741211,9.65999984741211,9.65999984741211,9.65999984741211,8.03902530670166,0
2013-10-04,9.800000190734863,9.800000190734863,9.800000190734863,9.800000190734863,8.155531883239746,37100
2013-10-07,10.289999961853027,10.289999961853027,10.289999961853027,10.289999961853027,8.563307762145996,23750
2013-10-08,10.289999961853027,10.289999961853027,10.289999961853027,10.289999961853027,8.563307762145996,0
2013-10-09,10.800000190734863,10.800000190734863,10.800000190734863,10.800000190734863,8.9877290725708,35000
2013-10-10,11.300000190734863,11.300000190734863,10.739999771118164,11.300000190734863,9.403827667236328,57040
2013-10-11,11.300000190734863,11.300000190734863,11.005000114440918,11.300000190734863,9.403827667236328,510
2013-10-14,10.755000114440918,10.755000114440918,10.755000114440918,10.755000114440918,8.95028018951416,350
2013-10-15,10.755000114440918,10.755000114440918,10.755000114440918,10.755000114440918,8.95028018951416,0
2013-10-17,10.755000114440918,10.755000114440918,10.755000114440918,10.755000114440918,8.95028018951416,0
2013-10-18,10.755000114440918,10.755000114440918,10.755000114440918,10.755000114440918,8.95028018951416,0
2013-10-21,10.899999618530273,10.899999618530273,10.755000114440918,10.899999618530273,9.070948600769043,250
2013-10-22,11.0,11.364999771118164,10.75,11.0,9.154169082641602,3560
2013-10-23,11.0,11.0,11.0,11.0,9.154169082641602,0
2013-10-24,11.0,11.0,11.0,11.0,9.154169082641602,10500
2013-10-25,11.5,11.104999542236328,11.0,11.104999542236328,9.241548538208008,2450
2013-10-28,11.100000381469727,11.100000381469727,11.100000381469727,11.100000381469727,9.237387657165527,1000
2013-10-29,11.100000381469727,11.100000381469727,11.100000381469727,11.100000381469727,9.237387657165527,980
2013-10-30,11.0,11.0,11.0,11.0,9.154169082641602,500
2013-10-31,11.010000228881836,11.010000228881836,11.010000228881836,11.010000228881836,9.162490844726562,5000
2013-11-01,11.010000228881836,11.010000228881836,11.010000228881836,11.010000228881836,9.162490844726562,0
2013-11-05,11.204999923706055,11.204999923706055,11.204999923706055,11.204999923706055,9.324769020080566,1010
2013-11-06,11.109999656677246,11.199999809265137,11.109999656677246,11.109999656677246,9.245709419250488,9460
2013-11-07,11.489999771118164,11.489999771118164,11.204999923706055,11.489999771118164,9.561944007873535,7060
2013-11-08,11.199999809265137,11.199999809265137,11.005000114440918,11.199999809265137,9.32060718536377,2010
2013-11-11,11.300000190734863,11.300000190734863,11.300000190734863,11.300000190734863,9.403827667236328,1000
2013-11-12,11.300000190734863,11.300000190734863,11.199999809265137,11.300000190734863,9.403827667236328,11040
2013-11-13,11.300000190734863,11.300000190734863,11.300000190734863,11.300000190734863,9.403827667236328,0
2013-11-14,11.125,11.125,11.125,11.125,9.25819206237793,1150
2013-11-18,11.199999809265137,11.199999809265137,11.199999809265137,11.199999809265137,9.32060718536377,10090
2013-11-19,11.010000228881836,11.050000190734863,11.0,11.010000228881836,9.162490844726562,4930
2013-11-20,11.5,11.5,11.199999809265137,11.5,9.570266723632812,10510
2013-11-21,11.100000381469727,11.100000381469727,11.100000381469727,11.100000381469727,9.237387657165527,5000
2013-11-22,11.0,11.015000343322754,11.0,11.0,9.154169082641602,2360
2013-11-25,11.050000190734863,11.050000190734863,11.050000190734863,11.050000190734863,9.195778846740723,5000
2013-11-26,11.050000190734863,11.050000190734863,11.050000190734863,11.050000190734863,9.195778846740723,0
2013-11-27,11.100000381469727,11.100000381469727,11.100000381469727,11.100000381469727,9.237387657165527,500
2013-11-28,11.100000381469727,11.100000381469727,11.100000381469727,11.100000381469727,9.237387657165527,0
2013-11-29,11.100000381469727,11.100000381469727,11.100000381469727,11.100000381469727,9.237387657165527,0
2013-12-02,11.100000381469727,11.100000381469727,11.100000381469727,11.100000381469727,9.237387657165527,0
2013-12-03,11.654999732971191,11.654999732971191,11.15999984741211,11.654999732971191,9.699256896972656,38250
2013-12-04,11.800000190734863,11.800000190734863,11.600000381469727,11.800000190734863,9.819926261901855,7030
2013-12-05,12.079999923706055,12.140000343322754,11.899999618530273,12.079999923706055,10.05294132232666,11000
2013-12-06,12.079999923706055,12.079999923706055,12.079999923706055,12.079999923706055,10.05294132232666,0
2013-12-09,11.614999771118164,11.890000343322754,11.614999771118164,11.614999771118164,9.665969848632812,6150
2013-12-10,11.600000381469727,11.649999618530273,11.600000381469727,11.600000381469727,9.653487205505371,600
2013-12-11,11.5,11.5,11.5,11.5,9.570266723632812,10
2013-12-12,11.5,11.5,11.5,11.5,9.570266723632812,0
2013-12-13,11.5,11.5,11.5,11.5,9.570266723632812,0
2013-12-16,11.114999771118164,11.114999771118164,11.100000381469727,11.114999771118164,9.249870300292969,5010
2013-12-17,10.755000114440918,11.449999809265137,10.755000114440918,10.755000114440918,8.95028018951416,600
2013-12-18,11.289999961853027,11.289999961853027,10.75,11.289999961853027,9.395505905151367,8110
2013-12-19,11.0,11.005000114440918,11.0,11.0,9.154169082641602,2500
2013-12-20,11.550000190734863,11.550000190734863,11.010000228881836,11.550000190734863,9.611876487731934,8320
2013-12-23,12.0,12.125,12.0,12.0,9.98636531829834,33590
2013-12-24,12.470000267028809,12.600000381469727,12.109999656677246,12.470000267028809,10.377497673034668,27500
2013-12-26,12.505000114440918,12.885000228881836,12.489999771118164,12.505000114440918,10.406624794006348,5250
2013-12-27,12.5,12.5,12.5,12.5,10.402463912963867,250
2013-12-30,12.404999732971191,12.404999732971191,12.404999732971191,12.404999732971191,10.323405265808105,100
2013-12-31,12.5,12.5,12.350000381469727,12.5,10.402463912963867,2410
2014-01-01,12.5,12.5,12.5,12.5,10.402463912963867,0
2014-01-02,12.449999809265137,12.574999809265137,12.449999809265137,12.449999809265137,10.360854148864746,6000
2014-01-03,12.5,12.5,12.5,12.5,10.402463912963867,2000
2014-01-06,12.5,12.5,12.354999542236328,12.5,10.402463912963867,1600
2014-01-07,12.595000267028809,12.595000267028809,12.454999923706055,12.595000267028809,10.481523513793945,2200
2014-01-08,12.505000114440918,12.699999809265137,12.505000114440918,12.505000114440918,10.406624794006348,3700
2014-01-09,12.5,12.5,12.305000305175781,12.5,10.402463912963867,800
2014-01-10,12.5,12.5,12.5,12.5,10.402463912963867,0
2014-01-13,13.09000015258789,13.100000381469727,12.449999809265137,12.539999961853027,10.435751914978027,14730
2014-01-14,12.600000381469727,12.800000190734863,12.300000190734863,12.630000114440918,10.510649681091309,3020
2014-01-15,12.5,12.5,12.125,12.220000267028809,10.169449806213379,4220
2014-01-16,12.220000267028809,12.220000267028809,12.0,12.0,9.98636531829834,1000
2014-01-17,12.024999618530273,12.369999885559082,12.0,12.369999885559082,10.294278144836426,13460
2014-01-20,12.199999809265137,12.199999809265137,12.0,12.0,9.98636531829834,5160
2014-01-21,12.125,12.470000267028809,12.010000228881836,12.369999885559082,10.294278144836426,4970
2014-01-22,12.470000267028809,12.600000381469727,12.175000190734863,12.354999542236328,10.281794548034668,7050
2014-01-23,12.354999542236328,12.354999542236328,12.354999542236328,12.354999542236328,10.281794548034668,0
2014-01-24,11.90999984741211,12.1899995803833,11.899999618530273,11.925000190734863,9.923951148986816,2260
2014-01-27,12.0,12.199999809265137,12.0,12.0,9.98636531829834,890
2014-01-28,11.824999809265137,11.824999809265137,11.819999694824219,11.819999694824219,9.836569786071777,1000
2014-01-29,11.800000190734863,11.949999809265137,11.710000038146973,11.789999961853027,9.811604499816895,6140
2014-01-30,11.404999732971191,11.970000267028809,11.404999732971191,11.625,9.674291610717773,810
2014-01-31,11.520000457763672,11.520000457763672,11.520000457763672,11.520000457763672,9.586910247802734,870
2014-02-03,12.0,12.095000267028809,11.994999885559082,12.095000267028809,10.065423965454102,16680
2014-02-04,11.649999618530273,12.0,11.649999618530273,11.9350004196167,9.932272911071777,21790
2014-02-05,11.550000190734863,12.0,11.550000190734863,11.739999771118164,9.769993782043457,500
2014-02-06,12.100000381469727,12.300000190734863,11.640000343322754,11.65999984741211,9.703418731689453,2260
2014-02-07,11.800000190734863,11.8100004196167,11.800000190734863,11.805000305175781,9.824088096618652,2000
2014-02-10,11.805000305175781,11.805000305175781,11.805000305175781,11.805000305175781,9.824088096618652,0
2014-02-11,11.524999618530273,11.524999618530273,11.260000228881836,11.28499984741211,9.39134407043457,2550
2014-02-12,11.28499984741211,11.28499984741211,11.28499984741211,11.28499984741211,9.39134407043457,0
2014-02-13,11.5,11.5,11.34000015258789,11.5,9.570266723632812,11310
2014-02-14,11.25,11.395000457763672,11.229999542236328,11.395000457763672,9.482887268066406,1710
2014-02-17,11.300000190734863,11.5,11.300000190734863,11.319999694824219,9.42047119140625,950
2014-02-18,11.3149995803833,11.3149995803833,11.300000190734863,11.305000305175781,9.407988548278809,1650
2014-02-19,11.399999618530273,11.694999694824219,11.399999618530273,11.53499984741211,9.599392890930176,2530
2014-02-20,11.53499984741211,11.53499984741211,11.53499984741211,11.53499984741211,9.599392890930176,0
2014-02-21,11.53499984741211,11.53499984741211,11.53499984741211,11.53499984741211,9.599392890930176,0
2014-02-24,11.319999694824219,11.4399995803833,11.305000305175781,11.350000381469727,9.445438385009766,3590
2014-02-25,11.3149995803833,11.3149995803833,11.3149995803833,11.3149995803833,9.41631031036377,240
2014-02-26,11.710000038146973,11.710000038146973,11.279999732971191,11.305000305175781,9.407988548278809,1600
2014-02-28,11.84000015258789,11.845000267028809,11.399999618530273,11.399999618530273,9.48704719543457,13500
2014-03-03,11.6850004196167,11.6850004196167,11.6850004196167,11.6850004196167,9.724224090576172,100
2014-03-04,11.220000267028809,11.5,11.199999809265137,11.46500015258789,9.541139602661133,29220
2014-03-05,11.279999732971191,11.300000190734863,11.199999809265137,11.199999809265137,9.32060718536377,12150
2014-03-06,11.125,11.65999984741211,11.125,11.510000228881836,9.578588485717773,5060
2014-03-07,11.3100004196167,11.350000381469727,11.305000305175781,11.305000305175781,9.407988548278809,8170
2014-03-10,11.6899995803833,11.800000190734863,11.210000038146973,11.604999542236328,9.657647132873535,10770
2014-03-11,11.40999984741211,11.6899995803833,11.305000305175781,11.550000190734863,9.611876487731934,850
2014-03-12,11.020000457763672,11.539999961853027,11.020000457763672,11.300000190734863,9.403827667236328,7110
2014-03-13,11.5,11.505000114440918,11.199999809265137,11.225000381469727,9.341413497924805,6880
2014-03-14,11.204999923706055,11.4399995803833,11.204999923706055,11.4399995803833,9.52033519744873,8000
2014-03-18,11.694999694824219,11.694999694824219,11.694999694824219,11.694999694824219,9.732544898986816,100
2014-03-19,11.164999961853027,11.78499984741211,11.15999984741211,11.78499984741211,9.807442665100098,3230
2014-03-20,11.5,11.5,11.5,11.5,9.570266723632812,4000
2014-03-21,11.5,11.5,11.5,11.5,9.570266723632812,2880
2014-03-24,11.505000114440918,11.600000381469727,11.5,11.510000228881836,9.578588485717773,20100
2014-03-25,11.699999809265137,11.75,11.649999618530273,11.75,9.778316497802734,10040
2014-03-26,11.369999885559082,11.925000190734863,11.369999885559082,11.8100004196167,9.828248977661133,17950
2014-03-27,12.170000076293945,12.494999885559082,11.899999618530273,12.345000267028809,10.273473739624023,10830
2014-03-28,12.300000190734863,12.399999618530273,12.199999809265137,12.199999809265137,10.15280532836914,11670
2014-03-31,12.979999542236328,12.979999542236328,12.329999923706055,12.555000305175781,10.448235511779785,25010
2014-04-01,12.5,12.899999618530273,12.300000190734863,12.664999961853027,10.539776802062988,9810
2014-04-02,13.0,13.300000190734863,12.699999809265137,13.244999885559082,11.02245044708252,10020
2014-04-03,12.899999618530273,12.899999618530273,12.774999618530273,12.895000457763672,10.731182098388672,1410
2014-04-04,13.0,13.0,12.805000305175781,13.0,10.818562507629395,2390
2014-04-07,12.755000114440918,13.199999809265137,12.675000190734863,13.024999618530273,10.839366912841797,45930
2014-04-09,13.0,13.25,12.100000381469727,13.100000381469727,10.901782989501953,40030
2014-04-10,13.59000015258789,13.59000015258789,13.104999542236328,13.475000381469727,11.21385669708252,12880
2014-04-11,13.399999618530273,13.399999618530273,12.899999618530273,12.930000305175781,10.760309219360352,17060
2014-04-15,13.59000015258789,13.59000015258789,12.899999618530273,13.029999732971191,10.843528747558594,15620
2014-04-16,12.989999771118164,13.010000228881836,12.704999923706055,12.9350004196167,10.764470100402832,19210
2014-04-17,13.0,13.984999656677246,12.760000228881836,13.640000343322754,11.351168632507324,156220
2014-04-21,13.800000190734863,14.300000190734863,13.630000114440918,14.010000228881836,11.659082412719727,47760
2014-04-22,14.475000381469727,14.475000381469727,13.5,13.960000038146973,11.617472648620605,19640
2014-04-23,14.199999809265137,14.395000457763672,13.829999923706055,14.0,11.650760650634766,6050
2014-04-24,14.0,14.0,14.0,14.0,11.650760650634766,0
2014-04-25,13.899999618530273,14.300000190734863,13.354999542236328,13.5,11.234661102294922,46860
2014-04-28,13.399999618530273,14.0,13.300000190734863,13.300000190734863,11.068222045898438,71700
2014-04-29,13.300000190734863,13.649999618530273,13.220000267028809,13.220000267028809,11.001646041870117,2230
2014-04-30,13.600000381469727,13.600000381469727,13.020000457763672,13.204999923706055,10.98916244506836,9160
2014-05-02,13.050000190734863,13.699999809265137,13.050000190734863,13.229999542236328,11.009966850280762,10500
2014-05-05,13.399999618530273,13.399999618530273,13.100000381469727,13.350000381469727,11.109831809997559,2760
2014-05-06,13.649999618530273,13.649999618530273,13.265000343322754,13.265000343322754,11.039094924926758,1070
2014-05-07,13.5,13.670000076293945,13.5,13.520000457763672,11.251306533813477,17930
2014-05-08,13.479999542236328,13.795000076293945,13.479999542236328,13.479999542236328,11.218016624450684,2170
2014-05-09,13.949999809265137,14.244999885559082,13.75,13.96500015258789,11.621633529663086,19570
2014-05-12,14.300000190734863,14.300000190734863,13.164999961853027,13.489999771118164,11.226339340209961,12400
2014-05-13,13.699999809265137,13.899999618530273,13.234999656677246,13.475000381469727,11.21385669708252,87450
2014-05-14,12.680000305175781,14.270000457763672,12.680000305175781,14.0,11.650760650634766,26050
2014-05-15,14.100000381469727,14.100000381469727,13.010000228881836,13.824999809265137,11.505125045776367,46920
2014-05-16,13.90999984741211,14.279999732971191,13.760000228881836,13.760000228881836,11.451032638549805,27710
2014-05-19,14.28499984741211,15.989999771118164,14.28499984741211,14.9399995803833,12.433024406433105,76850
2014-05-20,15.5,15.899999618530273,15.0,15.59000015258789,12.973953247070312,50550
2014-05-21,15.5,15.795000076293945,15.364999771118164,15.390000343322754,12.807514190673828,42500
2014-05-22,15.399999618530273,15.9399995803833,15.210000038146973,15.345000267028809,12.770065307617188,95440
2014-05-23,16.0,16.0,15.005000114440918,15.484999656677246,12.886571884155273,24980
2014-05-26,15.890000343322754,16.450000762939453,15.725000381469727,15.770000457763672,13.123749732971191,91720
2014-05-27,15.399999618530273,16.0,15.109999656677246,15.600000381469727,12.982275009155273,23120
2014-05-28,15.505000114440918,16.450000762939453,15.505000114440918,16.0,13.315154075622559,22130
2014-05-29,16.200000762939453,16.200000762939453,15.649999618530273,16.09000015258789,13.39005184173584,22660
2014-05-30,15.675000190734863,16.200000762939453,15.199999809265137,15.59000015258789,12.973953247070312,45280
2014-06-02,15.149999618530273,16.0,14.899999618530273,15.78499984741211,13.136231422424316,96410
2014-06-03,16.489999771118164,16.489999771118164,15.9399995803833,16.21500015258789,13.494075775146484,41230
2014-06-04,16.5,16.924999237060547,16.104999542236328,16.594999313354492,13.810310363769531,87380
2014-06-05,16.360000610351562,17.489999771118164,16.360000610351562,17.260000228881836,14.363722801208496,63570
2014-06-06,17.5,17.780000686645508,17.31999969482422,17.53499984741211,14.59257698059082,58580
2014-06-09,20.5,20.5,16.30500030517578,17.885000228881836,14.883845329284668,21920
2014-06-10,19.0,19.0,16.799999237060547,17.7450008392334,14.767337799072266,51690
2014-06-11,18.0,18.389999389648438,17.100000381469727,17.21500015258789,14.326273918151855,41190
2014-06-12,20.450000762939453,20.450000762939453,17.350000381469727,17.719999313354492,14.746533393859863,78300
2014-06-13,18.290000915527344,18.290000915527344,16.514999389648438,17.0,14.147351264953613,16460
2014-06-16,17.200000762939453,17.700000762939453,16.200000762939453,17.614999771118164,14.65915298461914,34720
2014-06-17,17.5,18.399999618530273,16.854999542236328,18.0,14.979547500610352,6570
2014-06-18,17.600000381469727,18.9950008392334,17.600000381469727,18.420000076293945,15.329071998596191,81900
2014-06-19,19.290000915527344,19.290000915527344,17.700000762939453,18.040000915527344,15.012837409973145,32940
2014-06-20,18.299999237060547,18.399999618530273,17.600000381469727,17.635000228881836,14.675796508789062,21100
2014-06-23,17.700000762939453,18.399999618530273,17.5,17.739999771118164,14.763175964355469,29680
2014-06-24,17.799999237060547,18.299999237060547,17.75,18.040000915527344,15.012837409973145,16490
2014-06-25,18.299999237060547,18.399999618530273,17.549999237060547,17.9950008392334,14.975387573242188,7100
2014-06-26,18.200000762939453,18.200000762939453,17.399999618530273,17.594999313354492,14.642508506774902,22280
2014-06-27,17.600000381469727,18.0,17.165000915527344,17.700000762939453,14.729890823364258,34500
2014-06-30,17.360000610351562,18.594999313354492,17.360000610351562,18.25,15.187597274780273,157710
2014-07-01,18.5,19.69499969482422,18.235000610351562,18.94499969482422,15.765974998474121,65480
2014-07-02,18.799999237060547,19.4950008392334,18.600000381469727,19.190000534057617,15.969863891601562,61200
2014-07-03,19.200000762939453,19.59000015258789,18.524999618530273,18.670000076293945,15.53711986541748,65510
2014-07-04,18.399999618530273,19.100000381469727,18.399999618530273,18.864999771118164,15.699398040771484,118940
2014-07-07,18.80500030517578,19.899999618530273,18.610000610351562,19.56999969482422,16.286096572875977,152910
2014-07-08,19.25,19.700000762939453,18.100000381469727,18.405000686645508,15.31658935546875,38680
2014-07-09,18.985000610351562,19.295000076293945,17.850000381469727,18.204999923706055,15.150148391723633,99380
2014-07-10,18.0049991607666,18.5,17.299999237060547,17.81999969482422,14.829751968383789,93200
2014-07-11,18.0,19.299999237060547,17.014999389648438,17.09000015258789,14.222249031066895,67080
2014-07-14,18.0,18.0,16.309999465942383,16.825000762939453,14.001718521118164,75500
2014-07-15,17.5,17.875,16.899999618530273,17.405000686645508,14.484392166137695,3480
2014-07-16,17.799999237060547,18.0,17.15999984741211,17.55500030517578,14.609221458435059,36000
2014-07-17,18.075000762939453,18.3799991607666,17.700000762939453,17.850000381469727,14.854719161987305,10160
2014-07-18,18.4950008392334,19.295000076293945,17.6200008392334,18.56999969482422,15.453901290893555,40150
2014-07-21,19.0,19.989999771118164,19.0,19.7549991607666,16.440053939819336,143430
2014-07-22,19.389999389648438,19.905000686645508,19.299999237060547,19.7450008392334,16.431732177734375,69270
2014-07-23,19.739999771118164,19.799999237060547,19.03499984741211,19.5,16.227842330932617,17890
2014-07-24,19.299999237060547,20.200000762939453,19.25,20.084999084472656,16.714677810668945,87670
2014-07-25,20.100000381469727,20.200000762939453,19.19499969482422,19.665000915527344,16.365158081054688,44250
2014-07-28,20.100000381469727,20.100000381469727,19.100000381469727,19.225000381469727,15.998991012573242,61340
2014-07-30,20.799999237060547,20.895000457763672,19.625,19.844999313354492,16.514951705932617,81070
2014-07-31,20.19499969482422,20.600000381469727,19.989999771118164,20.299999237060547,16.89360237121582,73660
2014-08-01,19.915000915527344,20.55500030517578,19.850000381469727,20.389999389648438,16.96849822998047,103930
2014-08-04,20.5,20.725000381469727,20.31999969482422,20.665000915527344,17.197355270385742,85440
2014-08-05,20.899999618530273,21.389999389648438,20.520000457763672,21.200000762939453,17.642578125,218070
2014-08-06,21.299999237060547,21.799999237060547,21.0,21.010000228881836,17.48446273803711,150650
2014-08-07,21.0,21.0,20.094999313354492,20.665000915527344,17.197355270385742,92560
2014-08-08,20.610000610351562,20.610000610351562,20.049999237060547,20.15999984741211,16.7770938873291,43360
2014-08-11,20.600000381469727,21.100000381469727,20.559999465942383,20.704999923706055,17.230640411376953,81230
2014-08-12,20.520000457763672,21.0,20.520000457763672,20.8799991607666,17.37627601623535,38690
2014-08-13,20.80500030517578,20.989999771118164,20.200000762939453,20.4950008392334,17.055879592895508,51970
2014-08-14,20.399999618530273,20.9950008392334,20.399999618530273,20.69499969482422,17.222320556640625,30740
2014-08-18,20.795000076293945,22.2450008392334,20.655000686645508,21.844999313354492,18.179346084594727,284350
2014-08-19,22.549999237060547,23.989999771118164,21.799999237060547,23.655000686645508,19.685623168945312,563170
2014-08-20,24.799999237060547,26.139999389648438,23.799999237060547,23.93000030517578,19.91447639465332,1070180
2014-08-21,23.885000228881836,24.5,23.55500030517578,24.075000762939453,20.035146713256836,176550
2014-08-22,24.59000015258789,24.59000015258789,22.81999969482422,24.014999389648438,19.985212326049805,230810
2014-08-25,23.399999618530273,26.299999237060547,23.399999618530273,25.235000610351562,21.0004940032959,776060
2014-08-26,27.094999313354492,27.100000381469727,25.610000610351562,26.524999618530273,22.07402801513672,907840
2014-08-27,26.9950008392334,27.469999313354492,26.524999618530273,27.09000015258789,22.544221878051758,378510
2014-08-28,28.575000762939453,29.200000762939453,26.399999618530273,26.7450008392334,22.257112503051758,1502150
2014-09-01,26.9950008392334,27.674999237060547,26.5,27.395000457763672,22.79804039001465,264860
2014-09-02,28.200000762939453,28.450000762939453,27.200000762939453,27.575000762939453,22.94783592224121,916090
2014-09-03,27.549999237060547,27.700000762939453,26.209999084472656,26.815000534057617,22.315366744995117,219080
2014-09-04,26.799999237060547,27.485000610351562,26.209999084472656,26.389999389648438,21.961681365966797,149980
2014-09-05,27.0,27.5,26.799999237060547,27.389999389648438,22.79387855529785,246470
2014-09-08,27.600000381469727,28.200000762939453,27.5,27.860000610351562,23.185012817382812,197380
2014-09-09,28.174999237060547,28.174999237060547,27.0,27.110000610351562,22.56086540222168,115680
2014-09-10,27.219999313354492,28.78499984741211,26.639999389648438,27.969999313354492,23.276554107666016,369660
2014-09-11,28.0,28.399999618530273,27.5,28.014999389648438,23.314002990722656,161210
2014-09-12,28.0,29.0,28.0,28.915000915527344,24.0629825592041,372560
2014-09-15,29.0,32.46500015258789,28.600000381469727,31.895000457763672,26.54292869567871,1318300
2014-09-16,32.28499984741211,33.10499954223633,29.600000381469727,30.024999618530273,24.986719131469727,692710
2014-09-17,30.899999618530273,30.899999618530273,29.354999542236328,30.645000457763672,25.502681732177734,240970
2014-09-18,30.600000381469727,32.39500045776367,30.200000762939453,32.08000183105469,31.2918758392334,296610
2014-09-19,32.790000915527344,32.790000915527344,31.0,31.344999313354492,30.57493019104004,158020
2014-09-22,31.30500030517578,31.895000457763672,31.05500030517578,31.270000457763672,30.501773834228516,104170
2014-09-23,31.579999923706055,33.900001525878906,31.579999923706055,31.94499969482422,31.160188674926758,378510
2014-09-24,32.0,32.9900016784668,30.8700008392334,31.295000076293945,30.526159286499023,139560
2014-09-25,32.02000045776367,32.02000045776367,30.799999237060547,31.145000457763672,30.379844665527344,144590
2014-09-26,31.19499969482422,32.70000076293945,30.229999542236328,32.5,31.701553344726562,133450
2014-09-29,33.63999938964844,33.88999938964844,32.79999923706055,33.334999084472656,32.51604080200195,319270
2014-09-30,33.400001525878906,33.59000015258789,32.20500183105469,32.85499954223633,32.04783248901367,138910
2014-10-01,32.83000183105469,33.0,32.0,32.244998931884766,31.45281982421875,78960
2014-10-07,32.005001068115234,32.380001068115234,30.729999542236328,30.975000381469727,30.214019775390625,83150
2014-10-08,31.059999465942383,31.524999618530273,30.40999984741211,30.690000534057617,29.936023712158203,55600
2014-10-09,30.40999984741211,32.290000915527344,30.40999984741211,32.005001068115234,31.218717575073242,58570
2014-10-10,32.0,32.0,31.040000915527344,31.325000762939453,30.555423736572266,24240
2014-10-13,31.600000381469727,32.79999923706055,30.0,30.93000030517578,30.17012596130371,63170
2014-10-14,31.100000381469727,31.299999237060547,30.739999771118164,30.96500015258789,30.204265594482422,21450
2014-10-15,30.96500015258789,30.96500015258789,30.96500015258789,30.96500015258789,30.204265594482422,0
2014-10-16,31.399999618530273,32.95000076293945,30.709999084472656,31.165000915527344,30.39935302734375,182010
2014-10-17,32.380001068115234,32.400001525878906,31.0,31.985000610351562,31.199207305908203,201850
2014-10-20,32.125,32.29999923706055,31.0,31.309999465942383,30.540790557861328,115200
2014-10-21,31.399999618530273,31.850000381469727,31.020000457763672,31.43000030517578,30.6578426361084,54170
2014-10-22,31.575000762939453,32.900001525878906,31.229999542236328,32.415000915527344,31.618642807006836,126940
2014-10-27,33.564998626708984,33.779998779296875,33.04999923706055,33.43000030517578,32.608707427978516,151950
2014-10-28,33.7599983215332,35.0,33.52000045776367,34.099998474121094,33.262245178222656,443360
2014-10-29,34.20000076293945,34.790000915527344,33.599998474121094,34.29999923706055,33.457332611083984,286610
2014-10-30,34.849998474121094,34.849998474121094,32.099998474121094,33.375,32.555057525634766,253332
2014-10-31,34.474998474121094,37.0,34.17499923706055,35.599998474121094,34.72539138793945,405102
2014-11-03,37.42499923706055,37.42499923706055,36.150001525878906,36.849998474121094,35.94468688964844,381772
2014-11-05,37.25,37.25,35.95000076293945,36.099998474121094,35.21310806274414,97282
2014-11-07,36.875,36.875,35.275001525878906,35.57500076293945,34.70100784301758,102982
2014-11-10,36.70000076293945,36.70000076293945,35.32500076293945,35.67499923706055,34.79854965209961,55698
2014-11-11,36.67499923706055,36.67499923706055,34.025001525878906,34.70000076293945,33.84750747680664,73612
2014-11-12,34.724998474121094,35.70000076293945,33.75,34.32500076293945,33.481719970703125,114078
2014-11-13,34.5,34.5,33.0,33.400001525878906,32.579444885253906,94956
2014-11-14,33.25,40.04999923706055,33.25,37.29999923706055,36.383628845214844,952002
2014-11-17,38.57500076293945,38.57500076293945,36.099998474121094,37.224998474121094,36.31047058105469,172006
2014-11-18,37.375,40.0,36.525001525878906,39.349998474121094,38.38326644897461,582796
2014-11-19,40.5,40.75,38.599998474121094,38.82500076293945,37.87116622924805,696050
2014-11-20,39.25,39.474998474121094,37.75,38.07500076293945,37.139591217041016,173790
2014-11-21,38.25,38.5,36.5,37.17499923706055,36.26170349121094,159254
2014-11-24,36.650001525878906,37.900001525878906,34.20000076293945,36.525001525878906,35.6276741027832,156442
2014-11-25,36.20000076293945,37.0,34.5,35.224998474121094,34.3596076965332,117710
2014-11-26,34.974998474121094,36.849998474121094,34.525001525878906,36.224998474121094,35.33503723144531,175684
2014-11-27,36.0,40.0,35.32500076293945,36.025001525878906,35.13995361328125,137936
2014-11-28,36.45000076293945,37.45000076293945,36.20000076293945,36.349998474121094,35.45697021484375,103466
2014-12-01,35.900001525878906,36.474998474121094,35.0,35.54999923706055,34.67662048339844,67856
2014-12-02,35.400001525878906,35.67499923706055,34.599998474121094,34.82500076293945,33.96943664550781,73346
2014-12-03,34.900001525878906,36.900001525878906,34.900001525878906,36.525001525878906,35.6276741027832,110022
2014-12-04,36.5,37.0,35.025001525878906,36.125,35.23749542236328,93064
2014-12-05,36.025001525878906,36.75,35.25,35.525001525878906,34.65223693847656,77822
2014-12-08,35.82500076293945,35.849998474121094,34.54999923706055,35.025001525878906,34.16452407836914,70642
2014-12-09,36.099998474121094,36.099998474121094,34.5,34.625,33.774349212646484,70164
2014-12-10,34.82500076293945,35.349998474121094,34.724998474121094,34.92499923706055,34.066978454589844,47944
2014-12-11,34.974998474121094,34.974998474121094,34.0,34.32500076293945,33.481719970703125,41690
2014-12-12,34.75,34.75,33.5,33.79999923706055,32.9696159362793,59702
2014-12-15,33.5,33.5,32.375,32.724998474121094,31.9210262298584,49900
2014-12-16,32.275001525878906,33.25,31.5,31.600000381469727,30.823665618896484,43288
2014-12-17,31.950000762939453,31.950000762939453,29.200000762939453,30.299999237060547,29.55560302734375,119766
2014-12-18,31.475000381469727,32.0,31.049999237060547,31.674999237060547,30.896821975708008,42046
2014-12-19,32.224998474121094,32.974998474121094,32.025001525878906,32.625,31.823482513427734,30718
2014-12-22,32.275001525878906,32.5,31.649999618530273,32.224998474121094,31.43330955505371,19328
2014-12-23,32.5,32.92499923706055,31.0,31.700000762939453,30.92120933532715,24622
2014-12-24,32.20000076293945,32.25,30.774999618530273,31.075000762939453,30.31156349182129,49654
2014-12-26,31.075000762939453,31.774999618530273,31.075000762939453,31.5,30.726123809814453,16618
2014-12-29,31.049999237060547,32.20000076293945,31.049999237060547,31.950000762939453,31.165067672729492,30664
2014-12-30,31.924999237060547,32.20000076293945,31.5,31.950000762939453,31.165067672729492,26618
2014-12-31,31.674999237060547,36.25,31.600000381469727,35.625,34.749778747558594,234874
2015-01-01,35.25,36.599998474121094,34.20000076293945,35.29999923706055,34.43276596069336,97974
2015-01-02,35.349998474121094,35.900001525878906,34.775001525878906,35.17499923706055,34.31083679199219,51152
2015-01-05,35.125,36.0,34.04999923706055,34.92499923706055,34.066978454589844,73826
2015-01-06,34.599998474121094,35.5,33.32500076293945,33.974998474121094,33.140316009521484,117528
2015-01-07,34.20000076293945,34.95000076293945,33.125,33.900001525878906,33.067161560058594,54656
2015-01-08,34.20000076293945,35.0,34.0,34.57500076293945,33.72557830810547,84042
2015-01-09,35.45000076293945,35.525001525878906,34.75,35.25,34.383995056152344,108598
2015-01-12,33.57500076293945,35.875,33.57500076293945,35.04999923706055,34.188907623291016,33354
2015-01-13,36.025001525878906,36.349998474121094,33.82500076293945,35.025001525878906,34.16452407836914,96094
2015-01-14,34.849998474121094,35.650001525878906,34.150001525878906,34.5,33.65242004394531,36820
2015-01-15,34.79999923706055,35.25,33.875,34.400001525878906,33.55487823486328,41100
2015-01-16,34.474998474121094,34.92499923706055,33.599998474121094,33.974998474121094,33.140316009521484,27510
2015-01-19,34.599998474121094,37.974998474121094,34.20000076293945,36.57500076293945,35.67644500732422,440072
2015-01-20,36.75,40.95000076293945,36.04999923706055,39.92499923706055,38.94414138793945,1279418
2015-01-21,41.0,41.875,40.025001525878906,40.75,39.748870849609375,822736
2015-01-22,40.95000076293945,41.0,39.04999923706055,40.224998474121094,39.23677062988281,213296
2015-01-23,40.0,40.29999923706055,38.650001525878906,39.400001525878906,38.43204116821289,89532
2015-01-27,39.17499923706055,40.42499923706055,37.25,37.70000076293945,36.7738037109375,178710
2015-01-28,38.20000076293945,38.42499923706055,34.95000076293945,37.150001525878906,36.23731994628906,185344
2015-01-29,37.525001525878906,42.375,37.0,40.70000076293945,39.70009994506836,922236
2015-01-30,41.20000076293945,41.25,39.0,39.349998474121094,38.38326644897461,153208
2015-02-02,39.349998474121094,40.5,39.349998474121094,39.54999923706055,38.57835388183594,97312
2015-02-03,40.25,40.25,37.92499923706055,38.375,37.432220458984375,107376
2015-02-04,38.974998474121094,39.025001525878906,37.04999923706055,37.625,36.700645446777344,115008
2015-02-05,37.29999923706055,39.75,37.29999923706055,37.625,36.700645446777344,77996
2015-02-06,38.0,39.025001525878906,36.0,36.125,35.23749542236328,194946
2015-02-09,35.75,36.5,34.900001525878906,35.04999923706055,34.188907623291016,106256
2015-02-10,35.025001525878906,37.20000076293945,34.32500076293945,34.775001525878906,33.9206657409668,96844
2015-02-11,34.79999923706055,36.20000076293945,34.5,34.79999923706055,33.94504928588867,137390
2015-02-12,35.724998474121094,39.099998474121094,35.07500076293945,38.04999923706055,37.115203857421875,512996
2015-02-13,38.349998474121094,38.349998474121094,36.599998474121094,37.07500076293945,36.164161682128906,167960
2015-02-16,36.5,41.75,35.099998474121094,39.07500076293945,38.115020751953125,937726
2015-02-18,39.92499923706055,41.82500076293945,38.775001525878906,39.599998474121094,38.62712478637695,599234
2015-02-19,39.599998474121094,40.17499923706055,38.099998474121094,38.95000076293945,37.99309158325195,152772
2015-02-20,39.0,39.0,37.79999923706055,38.025001525878906,37.0908203125,84594
2015-02-23,38.849998474121094,41.849998474121094,38.70000076293945,41.150001525878906,40.13904571533203,820562
2015-02-24,40.5,40.875,39.04999923706055,39.474998474121094,38.50519561767578,136500
2015-02-25,40.57500076293945,43.75,40.0,40.900001525878906,39.89518737792969,1225808
2015-02-26,40.67499923706055,41.75,39.54999923706055,40.0,39.01729965209961,204230
2015-02-27,40.45000076293945,41.25,39.57500076293945,40.375,39.383087158203125,123462
2015-03-02,40.25,41.95000076293945,39.75,40.375,39.383087158203125,192846
2015-03-03,41.42499923706055,41.42499923706055,40.125,40.42499923706055,39.43185806274414,84786
2015-03-04,40.974998474121094,42.75,40.125,40.849998474121094,39.846412658691406,339608
2015-03-05,40.525001525878906,42.349998474121094,40.5,41.95000076293945,40.91939163208008,179900
2015-03-09,41.5,42.45000076293945,40.25,40.54999923706055,39.55378723144531,100054
2015-03-10,41.45000076293945,41.45000076293945,39.625,40.07500076293945,39.090457916259766,85200
2015-03-11,40.025001525878906,40.775001525878906,39.650001525878906,40.375,39.383087158203125,66620
2015-03-12,40.32500076293945,41.625,40.0,40.45000076293945,39.45624542236328,147898
2015-03-13,40.150001525878906,41.5,38.57500076293945,39.17499923706055,38.212562561035156,129796
2015-03-16,41.45000076293945,41.45000076293945,38.150001525878906,38.54999923706055,37.60292053222656,90148
2015-03-17,39.32500076293945,39.95000076293945,37.349998474121094,37.525001525878906,36.60310363769531,110532
2015-03-18,38.70000076293945,38.70000076293945,36.599998474121094,37.82500076293945,36.89573287963867,68354
2015-03-19,37.95000076293945,39.25,37.92499923706055,38.625,37.67607879638672,91652
2015-03-20,39.92499923706055,41.0,36.900001525878906,38.32500076293945,37.38344955444336,155402
2015-03-23,37.54999923706055,39.849998474121094,36.724998474121094,38.650001525878906,37.70046615600586,120312
2015-03-24,38.57500076293945,38.974998474121094,37.0,37.25,36.33485794067383,75932
2015-03-25,37.95000076293945,37.974998474121094,35.349998474121094,36.125,35.23749542236328,74844
2015-03-26,35.775001525878906,36.42499923706055,34.099998474121094,35.25,34.383995056152344,151078
2015-03-27,36.224998474121094,37.95000076293945,34.75,37.20000076293945,36.28608703613281,78952
2015-03-30,40.0,40.0,37.599998474121094,38.04999923706055,37.115203857421875,321358
2015-03-31,38.5,38.75,37.599998474121094,37.974998474121094,37.04204559326172,83810
2015-04-01,37.92499923706055,39.5,37.5,38.95000076293945,37.99309158325195,94552
2015-04-06,38.25,40.95000076293945,38.25,39.32500076293945,38.358882904052734,220212
2015-04-07,39.025001525878906,39.75,38.75,39.04999923706055,38.090633392333984,48912
2015-04-08,39.25,40.224998474121094,38.974998474121094,39.474998474121094,38.50519561767578,67762
2015-04-09,39.974998474121094,44.42499923706055,39.5,43.525001525878906,42.4556999206543,1121282
2015-04-10,46.5,52.224998474121094,46.25,52.224998474121094,50.941959381103516,3312008
2015-04-13,55.0,61.07500076293945,54.5,58.5,57.06279754638672,3854634
2015-04-15,58.0,58.0,53.20000076293945,53.650001525878906,52.33195114135742,595418
2015-04-16,54.849998474121094,56.5,50.025001525878906,52.57500076293945,51.283363342285156,379112
2015-04-17,53.025001525878906,54.125,49.75,50.54999923706055,49.308109283447266,176784
2015-04-20,51.224998474121094,52.650001525878906,47.5,48.70000076293945,47.503562927246094,197802
2015-04-21,50.45000076293945,52.04999923706055,48.125,50.349998474121094,49.11302185058594,183880
2015-04-22,51.375,52.0,49.04999923706055,49.900001525878906,48.67407989501953,118376
2015-04-23,49.95000076293945,51.474998474121094,47.625,47.974998474121094,46.79637145996094,138380
2015-04-24,47.849998474121094,49.849998474121094,45.54999923706055,46.29999923706055,45.16252136230469,303162
2015-04-27,46.349998474121094,47.0,43.32500076293945,44.5,43.406742095947266,222492
2015-04-28,44.150001525878906,45.974998474121094,43.25,44.54999923706055,43.45551300048828,156146
2015-04-29,45.95000076293945,48.875,45.70000076293945,47.724998474121094,46.55250930786133,244180
2015-04-30,48.0,48.25,46.0,46.5,45.357608795166016,76418
2015-05-04,47.45000076293945,48.974998474121094,46.525001525878906,48.025001525878906,46.84514617919922,108832
2015-05-05,48.125,48.724998474121094,47.32500076293945,47.5,46.33304214477539,54682
2015-05-06,49.0,52.5,47.67499923706055,48.400001525878906,47.210933685302734,504170
2015-05-07,49.70000076293945,53.20000076293945,47.625,51.20000076293945,49.942142486572266,701600
2015-05-08,51.32500076293945,60.25,51.32500076293945,58.875,57.428585052490234,1745576
2015-05-11,60.20000076293945,62.45000076293945,57.275001525878906,57.650001525878906,56.23368453979492,866994
2015-05-12,57.525001525878906,62.0,56.29999923706055,57.82500076293945,56.40438461303711,740072
2015-05-13,59.45000076293945,60.75,57.5,58.224998474121094,56.794551849365234,306868
2015-05-14,58.29999923706055,63.5,56.75,62.25,60.72066879272461,850078
2015-05-15,64.25,67.2249984741211,63.25,66.6500015258789,65.0125732421875,1403842
2015-05-18,67.0,67.375,63.375,64.4000015258789,62.81785202026367,799476
2015-05-19,66.8499984741211,66.8499984741211,60.025001525878906,60.625,59.13559341430664,1010638
2015-05-20,61.0,61.900001525878906,58.54999923706055,58.875,57.428585052490234,184038
2015-05-21,59.0,61.45000076293945,58.275001525878906,60.474998474121094,58.98927688598633,358716
2015-05-22,60.5,60.92499923706055,59.0,59.224998474121094,57.76998519897461,110542
2015-05-25,60.0,60.0,56.849998474121094,57.150001525878906,55.745967864990234,153858
2015-05-26,57.474998474121094,57.900001525878906,55.150001525878906,55.54999923706055,54.185272216796875,122756
2015-05-27,55.57500076293945,59.45000076293945,54.75,57.25,55.843509674072266,203146
2015-05-28,57.525001525878906,59.650001525878906,56.25,56.724998474121094,55.33140563964844,130364
2015-05-29,57.70000076293945,58.32500076293945,56.25,56.82500076293945,55.428951263427734,91456
2015-06-01,58.025001525878906,58.025001525878906,56.29999923706055,56.54999923706055,55.160701751708984,71042
2015-06-02,56.525001525878906,56.82500076293945,54.5,55.0,53.64878463745117,151774
2015-06-03,55.20000076293945,55.95000076293945,53.0,53.599998474121094,52.28317642211914,84446
2015-06-04,54.0,55.0,52.5,52.67499923706055,51.38090515136719,112318
2015-06-05,52.349998474121094,54.275001525878906,51.54999923706055,53.07500076293945,51.77107620239258,90442
2015-06-08,52.775001525878906,54.5,50.900001525878906,51.54999923706055,50.28354263305664,55854
2015-06-09,51.5,52.724998474121094,50.54999923706055,51.17499923706055,49.917755126953125,74930
2015-06-10,51.75,55.900001525878906,51.29999923706055,54.900001525878906,53.55124282836914,251804
2015-06-11,57.5,59.45000076293945,56.0,56.625,55.233863830566406,695768
2015-06-12,55.95000076293945,55.95000076293945,53.25,54.67499923706055,53.33176803588867,94468
2015-06-15,54.54999923706055,55.5,53.07500076293945,54.224998474121094,52.892826080322266,64398
2015-06-16,54.349998474121094,55.224998474121094,53.5,54.70000076293945,53.35615539550781,29658
2015-06-17,54.849998474121094,56.79999923706055,53.474998474121094,55.650001525878906,54.28281784057617,154508
2015-06-18,55.5,57.349998474121094,54.599998474121094,56.900001525878906,55.50210952758789,131894
2015-06-19,57.0,57.5,55.650001525878906,56.07500076293945,54.6973762512207,42198
2015-06-22,56.5,57.95000076293945,55.599998474121094,55.974998474121094,54.599830627441406,95380
2015-06-23,56.0,57.20000076293945,54.32500076293945,56.349998474121094,54.965614318847656,127572
2015-06-24,56.5,62.375,55.67499923706055,57.900001525878906,56.477542877197266,647966
2015-06-25,58.04999923706055,62.0,58.025001525878906,61.42499923706055,59.91593551635742,602870
2015-06-26,62.5,63.224998474121094,60.04999923706055,61.125,59.62331008911133,551074
2015-06-29,59.79999923706055,59.79999923706055,57.20000076293945,58.650001525878906,57.20911407470703,173948
2015-06-30,59.25,61.724998474121094,58.25,60.849998474121094,59.355064392089844,170062
2015-07-01,61.0,62.25,59.25,59.974998474121094,58.50156021118164,129990
2015-07-02,60.125,68.4000015258789,60.125,64.125,62.54960632324219,1291450
2015-07-03,65.05000305175781,69.94999694824219,65.05000305175781,68.75,67.06098175048828,1096026
2015-07-06,67.5,71.94999694824219,66.55000305175781,71.32499694824219,69.57271575927734,604032
2015-07-07,71.5250015258789,72.44999694824219,66.67500305175781,68.2249984741211,66.54888153076172,415546
2015-07-08,67.44999694824219,70.75,66.0,68.17500305175781,66.50011444091797,359846
2015-07-09,68.5,74.0,68.5,69.5250015258789,67.81694030761719,650612
2015-07-10,70.3499984741211,72.25,69.0,71.2249984741211,69.47517395019531,329992
2015-07-13,71.32499694824219,74.5,71.0,72.94999694824219,71.15779876708984,788156
2015-07-14,73.69999694824219,74.75,68.5,70.4000015258789,68.67044830322266,360196
2015-07-15,70.625,72.05000305175781,69.75,70.1500015258789,68.42658996582031,234718
2015-07-16,70.125,71.0,68.5999984741211,69.0250015258789,67.32923126220703,135648
2015-07-17,68.9000015258789,69.69999694824219,64.5,67.125,65.47590637207031,182218
2015-07-20,68.8499984741211,69.9000015258789,67.5,69.2249984741211,67.52430725097656,134746
2015-07-21,69.25,69.5,65.625,65.875,64.25660705566406,124696
2015-07-22,65.5,70.0,64.25,69.30000305175781,67.59747314453125,281538
2015-07-23,69.4749984741211,72.2249984741211,68.5999984741211,70.6500015258789,68.914306640625,299162
2015-07-24,70.05000305175781,71.375,68.25,68.5999984741211,66.91466522216797,100584
2015-07-27,68.75,69.375,66.82499694824219,68.32499694824219,66.64642333984375,120720
2015-07-28,68.875,73.0999984741211,68.3499984741211,72.2249984741211,70.45060729980469,209744
2015-07-29,75.5,77.375,73.0999984741211,74.5999984741211,72.76725769042969,831728
2015-07-30,74.2750015258789,75.80000305175781,73.5,74.0250015258789,72.20639038085938,162956
2015-07-31,73.5,74.82499694824219,72.55000305175781,73.42500305175781,71.62113189697266,119332
2015-08-03,73.8499984741211,74.0,70.0,70.42500305175781,68.69483184814453,254540
2015-08-04,71.5,71.8499984741211,68.6500015258789,70.32499694824219,68.59728240966797,292368
2015-08-05,66.5,69.9749984741211,64.4000015258789,68.125,66.45133972167969,377518
2015-08-06,68.25,72.44999694824219,68.25,71.0250015258789,69.28009033203125,375742
2015-08-07,70.94999694824219,72.6500015258789,70.44999694824219,71.6500015258789,69.88973236083984,234352
2015-08-10,71.875,72.94999694824219,71.55000305175781,72.32499694824219,70.54814910888672,137762
2015-08-11,72.625,72.75,70.7750015258789,71.4749984741211,69.71903228759766,109020
2015-08-12,71.0,71.0,68.875,69.5,67.79255676269531,107168
2015-08-13,70.19999694824219,73.2249984741211,68.5,70.17500305175781,68.45097351074219,189574
2015-08-14,69.55000305175781,70.8499984741211,69.05000305175781,69.25,67.54869842529297,38888
2015-08-17,69.375,70.5999984741211,67.55000305175781,69.5250015258789,67.81694030761719,64204
2015-08-18,70.44999694824219,72.0,69.69999694824219,70.80000305175781,69.06062316894531,60256
2015-08-19,70.69999694824219,75.94999694824219,69.80000305175781,74.7750015258789,72.9379653930664,341832
2015-08-20,74.3499984741211,84.69999694824219,73.5,78.9749984741211,77.03478240966797,2467316
2015-08-21,77.5,81.5,75.32499694824219,80.6500015258789,78.66863250732422,511134
2015-08-24,77.0,79.0,65.05000305175781,69.4000015258789,67.69501495361328,348276
2015-08-25,70.7750015258789,74.25,62.67499923706055,69.30000305175781,67.59747314453125,313524
2015-08-26,69.0,71.44999694824219,65.0999984741211,66.7750015258789,65.1344985961914,156988
2015-08-27,68.0250015258789,73.0,68.0250015258789,71.2249984741211,69.47517395019531,159296
2015-08-28,72.625,74.9749984741211,71.5,73.57499694824219,71.76744079589844,170010
2015-08-31,73.0,74.5,71.5,73.30000305175781,72.68468475341797,39236
2015-09-01,73.6500015258789,75.0,69.5,72.5999984741211,71.99055480957031,80630
2015-09-02,73.6500015258789,74.0,70.5,72.25,71.64349365234375,64100
2015-09-03,72.69999694824219,73.9000015258789,72.0999984741211,72.32499694824219,71.71786499023438,43248
2015-09-04,72.0,72.0,69.0,69.80000305175781,69.21406555175781,81558
2015-09-07,69.75,70.375,65.25,66.0999984741211,65.54512023925781,63304
2015-09-08,66.7249984741211,67.30000305175781,62.75,65.5,64.95015716552734,80984
2015-09-09,67.55000305175781,69.6500015258789,67.55000305175781,68.55000305175781,67.97455596923828,127980
2015-09-10,66.3499984741211,67.9749984741211,65.5999984741211,66.9749984741211,66.41277313232422,50280
2015-09-11,67.69999694824219,70.82499694824219,67.0,67.4749984741211,66.90857696533203,110460
2015-09-14,67.875,70.0,67.1500015258789,69.125,68.54473114013672,135104
2015-09-15,73.375,74.4749984741211,70.125,70.2750015258789,69.68507385253906,521398
2015-09-16,71.0,72.125,69.4000015258789,70.0,69.41238403320312,58546
2015-09-18,70.4749984741211,72.25,70.125,71.625,71.02374267578125,129198
2015-09-21,71.3499984741211,71.375,69.0250015258789,70.30000305175781,69.70986938476562,51494
2015-09-22,71.44999694824219,71.44999694824219,67.0,68.75,68.1728744506836,38676
2015-09-23,68.0,70.5,65.07499694824219,68.42500305175781,67.8506088256836,92002
2015-09-24,68.05000305175781,72.0,68.05000305175781,68.69999694824219,68.123291015625,110776
2015-09-28,68.5,69.7750015258789,67.5250015258789,68.2750015258789,67.70186614990234,52270
2015-09-29,66.5,67.8499984741211,66.05000305175781,67.25,66.68547058105469,62300
2015-09-30,68.5,70.875,68.0,70.125,69.53633117675781,146672
2015-10-01,70.5,71.19999694824219,69.2750015258789,69.7249984741211,69.13968658447266,56682
2015-10-05,70.3499984741211,71.1500015258789,69.5,70.80000305175781,70.20567321777344,220110
2015-10-06,71.0,71.94999694824219,70.92500305175781,71.30000305175781,70.70146942138672,110820
2015-10-07,71.5,72.19999694824219,70.0,70.3499984741211,69.75944519042969,93618
2015-10-08,73.69999694824219,73.69999694824219,70.5,70.8499984741211,70.2552490234375,88978
2015-10-09,72.5999984741211,72.5999984741211,67.1500015258789,67.9000015258789,67.33000946044922,63755
2015-10-12,68.0,68.0,65.55000305175781,66.6500015258789,66.09050750732422,57119
2015-10-13,67.9000015258789,69.9000015258789,67.0999984741211,68.69999694824219,68.123291015625,57514
2015-10-14,69.19999694824219,69.55000305175781,67.19999694824219,67.69999694824219,67.13168334960938,21310
2015-10-15,69.0,69.9000015258789,68.1500015258789,69.44999694824219,68.86699676513672,22834
2015-10-16,69.0,73.5,68.30000305175781,73.19999694824219,72.58551788330078,107314
2015-10-19,73.80000305175781,74.30000305175781,72.0999984741211,73.1500015258789,72.53594207763672,28476
2015-10-20,73.0,73.5,70.69999694824219,71.25,70.65188598632812,19727
2015-10-21,72.05000305175781,72.55000305175781,69.0,69.5999984741211,69.01573944091797,18348
2015-10-23,72.75,73.3499984741211,66.5,67.0999984741211,66.53672790527344,75623
2015-10-26,68.94999694824219,69.0,67.0,67.5999984741211,67.03252410888672,16607
2015-10-27,66.80000305175781,70.0,66.80000305175781,67.80000305175781,67.23085021972656,61450
2015-10-28,67.3499984741211,68.9000015258789,67.1500015258789,68.05000305175781,67.47875213623047,15388
2015-10-29,68.05000305175781,69.0,67.19999694824219,68.0999984741211,67.52832794189453,11743
2015-10-30,68.9000015258789,68.9000015258789,65.8499984741211,66.80000305175781,66.23925018310547,31457
2015-11-02,69.5,69.5,63.650001525878906,67.25,66.68547058105469,31768
2015-11-03,63.04999923706055,63.29999923706055,57.0,59.70000076293945,59.19884490966797,373157
2015-11-04,60.04999923706055,61.0,56.099998474121094,58.75,58.25682067871094,98727
2015-11-05,58.0,60.0,55.5,55.70000076293945,55.232425689697266,66466
2015-11-06,56.0,57.25,55.5,56.54999923706055,56.075286865234375,58584
2015-11-09,56.0,58.5,54.0,58.0,57.51311492919922,32208
2015-11-10,58.0,59.849998474121094,55.849998474121094,56.0,55.5299072265625,44029
2015-11-13,57.900001525878906,57.95000076293945,56.20000076293945,56.650001525878906,56.1744499206543,9223
2015-11-16,56.5,57.29999923706055,53.79999923706055,55.54999923706055,55.083683013916016,12960
2015-11-17,57.95000076293945,57.95000076293945,55.04999923706055,55.349998474121094,54.88536071777344,24491
2015-11-18,56.0,56.0,52.599998474121094,52.95000076293945,52.50550842285156,46025
2015-11-19,53.0,56.5,52.5,54.29999923706055,53.84417724609375,106221
2015-11-20,55.0,60.45000076293945,53.400001525878906,58.45000076293945,57.9593391418457,261870
2015-11-23,58.349998474121094,62.0,56.95000076293945,59.20000076293945,58.70304489135742,169453
2015-11-24,59.20000076293945,60.900001525878906,56.0,59.0,58.504722595214844,138518
2015-11-26,63.0,67.5,61.75,63.349998474121094,62.81820297241211,709248
2015-11-27,63.599998474121094,65.0,63.04999923706055,63.5,62.96694564819336,193294
2015-11-30,63.0,63.75,62.04999923706055,62.75,62.223243713378906,62625
2015-12-01,63.0,64.94999694824219,60.79999923706055,61.75,61.23163604736328,87866
2015-12-02,62.0,64.9000015258789,61.599998474121094,62.900001525878906,62.371986389160156,140353
2015-12-03,63.0,64.80000305175781,62.0,63.20000076293945,62.669464111328125,83264
2015-12-04,62.54999923706055,64.3499984741211,61.20000076293945,62.0,61.47953796386719,71980
2015-12-07,62.5,63.54999923706055,60.29999923706055,61.20000076293945,60.686256408691406,45234
2015-12-08,60.849998474121094,62.900001525878906,57.150001525878906,58.25,57.761016845703125,64594
2015-12-09,58.400001525878906,58.400001525878906,55.349998474121094,56.099998474121094,55.629066467285156,40184
2015-12-10,57.0,59.70000076293945,55.04999923706055,59.25,58.75262451171875,144469
2015-12-11,59.900001525878906,59.900001525878906,57.04999923706055,57.5,57.01731491088867,28627
2015-12-14,57.0,57.29999923706055,56.0,56.150001525878906,55.67864990234375,37015
2015-12-15,57.0,58.70000076293945,55.54999923706055,56.900001525878906,56.4223518371582,52606
2015-12-16,58.150001525878906,58.150001525878906,56.29999923706055,57.0,56.52151107788086,30254
2015-12-17,56.900001525878906,59.0,56.25,57.650001525878906,57.16605758666992,47901
2015-12-18,59.0,64.30000305175781,58.900001525878906,61.75,61.23163604736328,397455
2015-12-21,62.349998474121094,64.0,62.04999923706055,63.0,62.47114562988281,102877
2015-12-22,63.900001525878906,63.900001525878906,61.650001525878906,61.95000076293945,61.42995834350586,40010
2015-12-23,62.0,63.400001525878906,61.5,62.650001525878906,62.12408447265625,36609
2015-12-24,62.0,63.349998474121094,61.349998474121094,62.150001525878906,61.62828063964844,45234
2015-12-28,63.849998474121094,63.849998474121094,61.599998474121094,62.04999923706055,61.529117584228516,42679
2015-12-29,63.25,63.599998474121094,61.0,62.5,61.975341796875,71350
2015-12-30,61.54999923706055,63.0,61.54999923706055,62.04999923706055,61.529117584228516,20768
2015-12-31,62.45000076293945,62.79999923706055,61.54999923706055,62.099998474121094,61.578697204589844,28780
2016-01-01,62.900001525878906,66.0,62.099998474121094,65.55000305175781,64.99974060058594,172862
2016-01-04,66.4000015258789,68.4000015258789,65.0,65.75,65.19805908203125,379737
2016-01-05,65.75,67.19999694824219,64.25,64.94999694824219,64.40476989746094,53354
2016-01-06,65.5,66.4000015258789,63.54999923706055,63.650001525878906,63.11568832397461,87154
2016-01-07,63.5,63.5,60.20000076293945,60.650001525878906,60.140872955322266,92513
2016-01-08,60.849998474121094,62.20000076293945,60.29999923706055,61.29999923706055,60.78541564941406,27597
2016-01-11,60.650001525878906,61.0,58.5,59.650001525878906,59.149269104003906,38412
2016-01-12,60.75,60.75,58.0,58.599998474121094,58.10807800292969,35493
2016-01-13,59.45000076293945,59.75,54.0,56.79999923706055,56.32318878173828,95613
2016-01-14,55.0,56.04999923706055,51.70000076293945,54.400001525878906,53.94334030151367,30080
2016-01-15,55.70000076293945,55.79999923706055,52.20000076293945,52.400001525878906,51.96012878417969,39185
2016-01-18,52.099998474121094,53.45000076293945,49.400001525878906,50.650001525878906,50.22481918334961,45254
2016-01-19,51.70000076293945,51.75,49.5,50.400001525878906,49.9769172668457,67268
2016-01-20,49.79999923706055,50.25,48.04999923706055,48.650001525878906,48.241607666015625,46377
2016-01-21,49.0,50.20000076293945,48.29999923706055,48.95000076293945,48.53908920288086,42192
2016-01-22,49.29999923706055,53.849998474121094,49.29999923706055,51.849998474121094,51.41474151611328,60312
2016-01-25,52.900001525878906,55.0,52.099998474121094,52.5,52.059288024902344,48898
2016-01-27,54.349998474121094,55.400001525878906,52.599998474121094,52.650001525878906,52.208030700683594,24585
2016-01-28,53.0,53.349998474121094,51.25,53.0,52.55508804321289,12879
2016-01-29,53.20000076293945,54.04999923706055,51.54999923706055,53.599998474121094,53.15005111694336,21203
2016-02-01,54.0,56.0,53.29999923706055,54.95000076293945,54.48871994018555,40762
2016-02-02,54.5,55.650001525878906,51.099998474121094,53.75,53.29879379272461,49238
2016-02-03,53.20000076293945,53.400001525878906,49.5,50.5,50.07607650756836,43311
2016-02-04,51.5,52.5,49.29999923706055,49.70000076293945,49.28279113769531,25669
2016-02-05,50.900001525878906,50.900001525878906,49.29999923706055,50.20000076293945,49.778594970703125,11478
2016-02-08,49.5,51.5,49.5,50.54999923706055,50.12565612792969,19780
2016-02-09,50.900001525878906,50.900001525878906,49.150001525878906,49.849998474121094,49.4315299987793,24912
2016-02-10,49.04999923706055,49.25,47.75,48.25,47.84496307373047,26234
2016-02-11,49.0,49.70000076293945,42.04999923706055,43.04999923706055,42.68861389160156,83938
2016-02-12,49.400001525878906,49.400001525878906,39.54999923706055,40.20000076293945,39.86254119873047,92630
2016-02-15,40.900001525878906,46.650001525878906,40.900001525878906,46.04999923706055,45.663429260253906,52729
2016-02-16,47.0,47.400001525878906,41.20000076293945,41.900001525878906,41.54827117919922,37354
2016-02-17,41.79999923706055,43.70000076293945,40.099998474121094,42.849998474121094,42.490291595458984,25286
2016-02-18,43.0,44.75,41.5,42.349998474121094,41.99449157714844,27389
2016-02-19,44.75,45.5,42.29999923706055,44.75,44.37434387207031,69518
2016-02-22,46.0,48.599998474121094,45.5,48.04999923706055,47.64664077758789,95429
2016-02-23,51.20000076293945,51.95000076293945,46.5,47.150001525878906,46.75419998168945,316650
2016-02-24,46.150001525878906,47.400001525878906,44.400001525878906,44.900001525878906,44.52308654785156,46639
2016-02-25,44.0,46.70000076293945,44.0,44.75,44.37434387207031,29735
2016-02-26,45.900001525878906,45.95000076293945,42.54999923706055,43.099998474121094,42.73819351196289,56793
2016-02-29,44.29999923706055,45.0,41.0,42.5,42.14323043823242,35801
2016-03-01,45.0,48.45000076293945,43.45000076293945,47.650001525878906,47.25,76996
2016-03-02,50.400001525878906,53.79999923706055,47.349998474121094,52.400001525878906,51.96012878417969,343259
2016-03-03,51.599998474121094,53.04999923706055,50.349998474121094,51.70000076293945,51.2660026550293,71181
2016-03-04,51.5,54.75,49.20000076293945,54.0,53.546695709228516,131606
2016-03-08,56.25,56.25,51.0,51.900001525878906,51.464324951171875,427239
2016-03-09,51.20000076293945,52.79999923706055,51.099998474121094,51.849998474121094,51.41474151611328,41845
2016-03-10,52.0,52.54999923706055,50.099998474121094,50.25,49.82817459106445,42386
2016-03-11,51.599998474121094,51.599998474121094,48.95000076293945,49.349998474121094,48.935726165771484,39049
2016-03-14,49.900001525878906,50.0,49.04999923706055,49.5,49.084468841552734,30921
2016-03-15,50.150001525878906,50.25,49.150001525878906,49.29999923706055,48.88615036010742,39804
2016-03-16,49.5,49.95000076293945,48.599998474121094,48.75,48.34076690673828,12444
2016-03-17,49.79999923706055,49.79999923706055,46.099998474121094,47.04999923706055,46.65503692626953,186253
2016-03-18,47.04999923706055,47.04999923706055,45.150001525878906,45.70000076293945,45.31637191772461,76471
2016-03-21,44.79999923706055,46.95000076293945,43.5,43.79999923706055,43.43231964111328,175967
2016-03-22,44.25,44.25,41.5,42.29999923706055,41.94491195678711,223231
2016-03-23,42.0,46.29999923706055,41.349998474121094,45.5,45.11804962158203,188036
2016-03-28,47.900001525878906,48.5,46.25,47.0,46.6054573059082,297037
2016-03-29,46.849998474121094,47.599998474121094,45.099998474121094,45.599998474121094,45.21720886230469,56420
2016-03-30,46.099998474121094,47.20000076293945,46.099998474121094,46.5,46.10965347290039,50510
2016-03-31,46.5,49.29999923706055,46.5,48.400001525878906,47.99370574951172,124015
2016-04-01,48.849998474121094,50.599998474121094,47.29999923706055,49.349998474121094,48.935726165771484,143073
2016-04-04,51.79999923706055,51.79999923706055,49.349998474121094,49.79999923706055,49.38195037841797,261291
2016-04-05,49.5,49.5,47.70000076293945,48.04999923706055,47.64664077758789,44160
2016-04-06,48.5,48.54999923706055,47.5,47.900001525878906,47.497901916503906,31136
2016-04-07,48.5,48.5,46.20000076293945,46.75,46.3575553894043,39566
2016-04-08,47.900001525878906,47.900001525878906,46.5,46.900001525878906,46.50629806518555,34247
2016-04-11,49.20000076293945,49.70000076293945,47.099998474121094,49.5,49.084468841552734,300053
2016-04-12,50.0,50.5,49.0,49.70000076293945,49.28279113769531,77597
2016-04-13,50.849998474121094,51.650001525878906,49.599998474121094,51.150001525878906,50.720619201660156,188024
2016-04-18,53.400001525878906,53.400001525878906,49.650001525878906,50.45000076293945,50.02649688720703,496887
2016-04-20,51.79999923706055,51.79999923706055,50.099998474121094,50.75,50.323978424072266,77177
2016-04-21,51.400001525878906,51.75,49.29999923706055,49.900001525878906,49.48111343383789,75740
2016-04-22,50.150001525878906,50.20000076293945,49.04999923706055,49.25,48.836570739746094,55978
2016-04-25,49.5,49.54999923706055,48.04999923706055,48.150001525878906,47.74580383300781,36084
2016-04-26,48.400001525878906,48.54999923706055,47.5,48.29999923706055,47.8945426940918,45113
2016-04-27,48.29999923706055,48.650001525878906,46.79999923706055,47.349998474121094,46.952518463134766,71998
2016-04-28,47.099998474121094,48.650001525878906,47.099998474121094,47.599998474121094,47.200416564941406,40197
2016-04-29,47.099998474121094,47.95000076293945,46.45000076293945,46.599998474121094,46.20881271362305,31422
2016-05-02,47.29999923706055,47.70000076293945,46.5,47.29999923706055,46.90293884277344,24556
2016-05-03,48.04999923706055,48.25,47.5,47.70000076293945,47.29957962036133,31796
2016-05-04,48.0,48.04999923706055,46.150001525878906,46.45000076293945,46.06007385253906,22870
2016-05-05,47.5,47.599998474121094,46.45000076293945,46.75,46.3575553894043,26870
2016-05-06,46.099998474121094,47.099998474121094,46.099998474121094,46.5,46.10965347290039,24486
2016-05-09,46.54999923706055,47.900001525878906,46.29999923706055,46.599998474121094,46.20881271362305,24611
2016-05-10,46.900001525878906,48.0,46.29999923706055,47.150001525878906,46.75419998168945,26380
2016-05-11,46.70000076293945,47.20000076293945,46.29999923706055,46.599998474121094,46.20881271362305,20484
2016-05-12,46.400001525878906,46.79999923706055,46.0,46.5,46.10965347290039,26342
2016-05-13,46.29999923706055,47.0,46.04999923706055,46.54999923706055,46.15923309326172,28490
2016-05-16,46.20000076293945,46.650001525878906,45.099998474121094,45.79999923706055,45.415531158447266,43965
2016-05-17,45.29999923706055,48.29999923706055,45.29999923706055,46.75,46.3575553894043,36515
2016-05-18,46.900001525878906,48.45000076293945,46.54999923706055,47.849998474121094,47.44831848144531,93306
2016-05-19,46.900001525878906,51.25,46.900001525878906,48.650001525878906,48.241607666015625,415060
2016-05-20,49.04999923706055,50.29999923706055,47.599998474121094,48.29999923706055,47.8945426940918,177944
2016-05-23,49.0,49.0,46.29999923706055,46.599998474121094,46.20881271362305,37386
2016-05-24,46.20000076293945,47.5,44.849998474121094,45.25,44.870147705078125,55030
2016-05-25,46.0,47.75,45.650001525878906,46.45000076293945,46.06007385253906,55686
2016-05-26,46.04999923706055,47.5,46.04999923706055,46.70000076293945,46.30797576904297,20567
2016-05-27,46.599998474121094,47.75,45.79999923706055,45.95000076293945,45.56427001953125,56558
2016-05-30,45.900001525878906,45.900001525878906,43.79999923706055,44.45000076293945,44.07686233520508,102354
2016-05-31,44.849998474121094,45.25,44.099998474121094,44.54999923706055,44.176021575927734,28987
2016-06-01,45.70000076293945,46.0,44.599998474121094,45.54999923706055,45.16762924194336,28051
2016-06-02,45.95000076293945,45.95000076293945,44.400001525878906,44.70000076293945,44.324764251708984,38814
2016-06-03,44.29999923706055,46.25,44.29999923706055,45.349998474121094,44.96930694580078,41391
2016-06-06,45.29999923706055,45.79999923706055,44.20000076293945,44.79999923706055,44.42392349243164,16597
2016-06-07,44.400001525878906,45.25,44.29999923706055,44.5,44.126441955566406,24699
2016-06-08,44.650001525878906,46.5,44.099998474121094,46.25,45.861751556396484,78199
2016-06-09,46.70000076293945,46.70000076293945,45.400001525878906,46.099998474121094,45.713008880615234,22072
2016-06-10,46.150001525878906,46.95000076293945,45.29999923706055,45.900001525878906,45.51469039916992,32246
2016-06-13,45.0,45.849998474121094,44.45000076293945,44.900001525878906,44.52308654785156,21302
2016-06-14,45.599998474121094,45.75,44.599998474121094,45.400001525878906,45.018890380859375,20774
2016-06-15,45.599998474121094,46.400001525878906,45.0,45.849998474121094,45.46510696411133,17219
2016-06-16,45.54999923706055,47.70000076293945,45.5,47.04999923706055,46.65503692626953,107467
2016-06-17,47.45000076293945,48.70000076293945,47.099998474121094,47.599998474121094,47.200416564941406,87608
2016-06-20,47.0,48.150001525878906,46.0,47.599998474121094,47.200416564941406,30049
2016-06-21,47.5,49.25,47.20000076293945,48.900001525878906,48.48950958251953,117682
2016-06-22,52.5,52.5,47.599998474121094,48.25,47.84496307373047,268960
2016-06-23,47.900001525878906,52.900001525878906,47.650001525878906,50.29999923706055,49.87775421142578,909745
2016-06-24,45.75,48.400001525878906,44.20000076293945,47.70000076293945,47.29957962036133,207140
2016-06-27,47.70000076293945,49.099998474121094,47.5,48.349998474121094,47.944122314453125,66563
2016-06-28,49.29999923706055,49.900001525878906,48.04999923706055,48.400001525878906,47.99370574951172,41380
2016-06-29,49.099998474121094,50.79999923706055,47.0,50.20000076293945,49.778594970703125,179635
2016-06-30,51.0,51.5,50.25,50.650001525878906,50.22481918334961,127454
2016-07-01,51.29999923706055,52.900001525878906,50.70000076293945,51.650001525878906,51.21642303466797,198143
2016-07-04,51.54999923706055,52.400001525878906,51.5,51.650001525878906,51.21642303466797,51377
2016-07-05,51.45000076293945,51.45000076293945,49.5,49.900001525878906,49.48111343383789,47886
2016-07-07,49.75,51.0,49.150001525878906,49.45000076293945,49.034889221191406,69065
2016-07-08,49.79999923706055,50.95000076293945,49.25,50.29999923706055,49.87775421142578,34065
2016-07-11,51.0,51.75,48.150001525878906,49.70000076293945,49.28279113769531,83027
2016-07-12,50.849998474121094,51.25,49.54999923706055,50.75,50.323978424072266,65718
2016-07-13,52.0,53.0,51.0,51.29999923706055,50.86935806274414,150143
2016-07-14,50.79999923706055,52.54999923706055,50.79999923706055,51.54999923706055,51.11725997924805,95679
2016-07-15,51.5,51.5,48.79999923706055,49.349998474121094,48.935726165771484,93852
2016-07-18,49.04999923706055,49.95000076293945,48.599998474121094,49.0,48.58866882324219,37808
2016-07-19,49.599998474121094,51.400001525878906,48.25,50.349998474121094,49.92733383178711,179707
2016-07-20,51.25,51.900001525878906,50.400001525878906,50.599998474121094,50.175235748291016,153839
2016-07-21,50.400001525878906,53.20000076293945,49.900001525878906,51.95000076293945,51.5139045715332,240311
2016-07-22,52.75,53.400001525878906,52.099998474121094,52.650001525878906,52.208030700683594,88252
2016-07-25,53.25,53.5,52.25,52.599998474121094,52.158447265625,160845
2016-07-26,53.70000076293945,58.70000076293945,53.04999923706055,55.54999923706055,55.083683013916016,984049
2016-07-27,55.95000076293945,57.400001525878906,54.099998474121094,55.54999923706055,55.083683013916016,217026
2016-07-28,54.54999923706055,61.0,54.099998474121094,56.849998474121094,56.37276840209961,783688
2016-07-29,56.5,57.5,54.599998474121094,56.29999923706055,55.82738494873047,244792
2016-08-01,56.349998474121094,57.0,54.400001525878906,55.0,54.538299560546875,95080
2016-08-02,55.29999923706055,56.400001525878906,54.0,54.400001525878906,53.94334030151367,105184
2016-08-03,54.400001525878906,54.79999923706055,52.79999923706055,53.099998474121094,52.65424728393555,52377
2016-08-04,53.400001525878906,54.400001525878906,52.95000076293945,53.400001525878906,52.95173263549805,58542
2016-08-05,53.45000076293945,55.45000076293945,53.45000076293945,54.79999923706055,54.3399772644043,58078
2016-08-08,55.099998474121094,55.45000076293945,54.25,54.900001525878906,54.43914031982422,48131
2016-08-09,54.599998474121094,55.349998474121094,54.0,54.400001525878906,53.94334030151367,26660
2016-08-10,54.95000076293945,55.400001525878906,52.099998474121094,52.400001525878906,51.96012878417969,58086
2016-08-11,52.5,53.400001525878906,51.599998474121094,53.04999923706055,52.60466766357422,43183
2016-08-12,53.04999923706055,54.25,52.5,53.25,52.8029899597168,34460
2016-08-16,52.54999923706055,52.54999923706055,46.79999923706055,47.75,47.349159240722656,146298
2016-08-17,48.400001525878906,49.70000076293945,48.20000076293945,49.29999923706055,48.88615036010742,60827
2016-08-18,49.5,50.25,49.150001525878906,49.29999923706055,48.88615036010742,58020
2016-08-19,49.75,50.849998474121094,48.79999923706055,49.650001525878906,49.233211517333984,36032
2016-08-22,50.20000076293945,50.20000076293945,47.20000076293945,47.79999923706055,47.398738861083984,75062
2016-08-23,48.0,48.20000076293945,47.29999923706055,47.54999923706055,47.150840759277344,32175
2016-08-24,49.20000076293945,49.5,46.900001525878906,47.150001525878906,46.75419998168945,49912
2016-08-25,47.20000076293945,47.900001525878906,47.04999923706055,47.70000076293945,47.29957962036133,37942
2016-08-26,47.45000076293945,47.95000076293945,46.75,46.849998474121094,46.45671463012695,41943
2016-08-29,46.650001525878906,46.70000076293945,45.25,46.150001525878906,45.76259231567383,99355
2016-08-30,46.0,47.400001525878906,45.400001525878906,45.599998474121094,45.21720886230469,130945
2016-08-31,46.25,46.25,45.04999923706055,45.20000076293945,44.8205680847168,81502
2016-09-01,45.95000076293945,48.0,45.5,45.849998474121094,45.46510696411133,143819
2016-09-02,46.0,46.45000076293945,45.5,45.95000076293945,45.56427001953125,63689
2016-09-06,47.0,47.400001525878906,45.849998474121094,46.0,45.61384963989258,137757
2016-09-07,47.20000076293945,47.20000076293945,46.04999923706055,46.150001525878906,45.76259231567383,79623
2016-09-08,47.0,47.0,45.5,46.25,45.861751556396484,210842
2016-09-09,46.79999923706055,46.79999923706055,45.79999923706055,46.0,45.61384963989258,71738
2016-09-12,45.599998474121094,46.0,44.70000076293945,45.04999923706055,44.67182540893555,63004
2016-09-14,45.099998474121094,45.150001525878906,44.5,44.849998474121094,44.47350311279297,47568
2016-09-15,45.0,46.29999923706055,45.0,45.75,45.36595153808594,111796
2016-09-16,46.099998474121094,49.5,46.099998474121094,47.400001525878906,47.00210189819336,416499
2016-09-19,48.0,49.900001525878906,47.0,47.650001525878906,47.25,536739
2016-09-20,47.45000076293945,48.79999923706055,47.45000076293945,48.54999923706055,48.54999923706055,120570
2016-09-21,48.95000076293945,49.400001525878906,47.099998474121094,47.599998474121094,47.599998474121094,105622
2016-09-22,47.75,48.79999923706055,47.54999923706055,47.849998474121094,47.849998474121094,184638
2016-09-23,48.099998474121094,48.400001525878906,47.25,47.45000076293945,47.45000076293945,100510
2016-09-26,47.79999923706055,47.900001525878906,46.75,46.900001525878906,46.900001525878906,76640
2016-09-27,46.70000076293945,47.25,46.150001525878906,46.349998474121094,46.349998474121094,180458
2016-09-28,46.29999923706055,47.0,46.099998474121094,46.70000076293945,46.70000076293945,50284
2016-09-29,47.849998474121094,47.849998474121094,43.29999923706055,44.5,44.5,248299
2016-09-30,45.900001525878906,46.0,43.349998474121094,44.79999923706055,44.79999923706055,67555
2016-10-03,45.95000076293945,49.599998474121094,44.54999923706055,49.099998474121094,49.099998474121094,422712
2016-10-04,49.0,49.0,47.20000076293945,48.04999923706055,48.04999923706055,92507
2016-10-05,48.150001525878906,51.400001525878906,47.79999923706055,50.0,50.0,543498
2016-10-06,50.5,51.79999923706055,48.20000076293945,49.0,49.0,306904
2016-10-07,49.650001525878906,50.400001525878906,48.650001525878906,49.95000076293945,49.95000076293945,115138
2016-10-10,50.75,51.099998474121094,49.349998474121094,50.0,50.0,159447
2016-10-13,50.79999923706055,51.900001525878906,49.0,49.45000076293945,49.45000076293945,384791
2016-10-14,49.849998474121094,52.0,49.5,51.29999923706055,51.29999923706055,263094
2016-10-17,51.04999923706055,52.599998474121094,50.099998474121094,50.900001525878906,50.900001525878906,178820
2016-10-18,50.5,51.900001525878906,50.5,51.5,51.5,101784
2016-10-19,51.29999923706055,51.95000076293945,50.0,50.5,50.5,138722
2016-10-20,50.599998474121094,52.0,50.5,51.25,51.25,96130
2016-10-21,50.95000076293945,51.599998474121094,50.5,50.75,50.75,47251
2016-10-24,51.5,53.25,51.099998474121094,52.04999923706055,52.04999923706055,222499
2016-10-25,52.0,52.599998474121094,51.04999923706055,52.20000076293945,52.20000076293945,108144
2016-10-26,52.0,52.599998474121094,50.45000076293945,50.849998474121094,50.849998474121094,127477
2016-10-27,51.79999923706055,52.0,49.5,49.599998474121094,49.599998474121094,123396
2016-10-28,49.599998474121094,51.5,49.5,50.29999923706055,50.29999923706055,53142
2016-11-01,51.599998474121094,52.5,50.900001525878906,51.25,51.25,77091
2016-11-02,50.95000076293945,51.0,49.650001525878906,50.20000076293945,50.20000076293945,83388
2016-11-03,50.04999923706055,51.349998474121094,49.5,49.54999923706055,49.54999923706055,34300
2016-11-04,48.70000076293945,49.45000076293945,46.099998474121094,46.900001525878906,46.900001525878906,123863
2016-11-07,49.29999923706055,49.29999923706055,45.70000076293945,46.349998474121094,46.349998474121094,164891
2016-11-08,47.150001525878906,47.400001525878906,46.04999923706055,46.70000076293945,46.70000076293945,36462
2016-11-09,39.20000076293945,45.0,39.20000076293945,44.70000076293945,44.70000076293945,153100
2016-11-10,46.849998474121094,46.900001525878906,45.0,45.5,45.5,114520
2016-11-11,45.0,45.599998474121094,43.150001525878906,44.79999923706055,44.79999923706055,45321
2016-11-15,47.0,47.0,40.0,41.95000076293945,41.95000076293945,108673
2016-11-16,42.79999923706055,44.0,41.04999923706055,41.900001525878906,41.900001525878906,53198
2016-11-17,42.04999923706055,42.04999923706055,39.5,39.900001525878906,39.900001525878906,66107
2016-11-18,41.5,41.5,39.25,39.650001525878906,39.650001525878906,75192
2016-11-21,40.54999923706055,40.599998474121094,36.25,37.95000076293945,37.95000076293945,110783
2016-11-22,37.79999923706055,39.20000076293945,37.29999923706055,38.04999923706055,38.04999923706055,43403
2016-11-23,38.5,39.70000076293945,37.29999923706055,39.5,39.5,49351
2016-11-24,39.400001525878906,40.0,38.54999923706055,39.5,39.5,24818
2016-11-25,40.04999923706055,41.5,40.04999923706055,40.900001525878906,40.900001525878906,23342
2016-11-28,40.25,42.20000076293945,40.25,42.0,42.0,55892
2016-11-29,42.0,42.849998474121094,41.75,41.79999923706055,41.79999923706055,31738
2016-11-30,42.900001525878906,42.900001525878906,41.25,41.75,41.75,73378
2016-12-01,42.0,42.0,40.75,41.20000076293945,41.20000076293945,19025
2016-12-02,41.0,41.70000076293945,39.20000076293945,39.5,39.5,41920
2016-12-05,39.5,42.29999923706055,39.25,41.04999923706055,41.04999923706055,114819
2016-12-06,41.0,41.0,40.099998474121094,40.20000076293945,40.20000076293945,27106
2016-12-07,40.20000076293945,40.5,39.650001525878906,40.0,40.0,20294
2016-12-08,40.5,46.150001525878906,40.099998474121094,45.349998474121094,45.349998474121094,333384
2016-12-09,46.099998474121094,47.0,43.849998474121094,45.79999923706055,45.79999923706055,361792
2016-12-12,47.0,47.0,44.5,44.95000076293945,44.95000076293945,66499
2016-12-13,45.849998474121094,46.29999923706055,44.0,44.29999923706055,44.29999923706055,47006
2016-12-14,45.5,45.75,43.29999923706055,43.849998474121094,43.849998474121094,56718
2016-12-15,44.349998474121094,45.95000076293945,43.0,43.75,43.75,88329
2016-12-16,45.79999923706055,45.79999923706055,43.70000076293945,44.150001525878906,44.150001525878906,128600
2016-12-19,44.20000076293945,44.75,43.25,43.599998474121094,43.599998474121094,38306
2016-12-20,43.349998474121094,44.79999923706055,42.849998474121094,43.150001525878906,43.150001525878906,43962
2016-12-21,43.900001525878906,43.900001525878906,42.54999923706055,42.79999923706055,42.79999923706055,75093
2016-12-22,43.5,43.5,41.099998474121094,41.75,41.75,98683
2016-12-23,41.95000076293945,41.95000076293945,41.099998474121094,41.25,41.25,26062
2016-12-26,42.79999923706055,42.79999923706055,39.599998474121094,40.0,40.0,43926
2016-12-27,39.900001525878906,40.900001525878906,39.150001525878906,40.54999923706055,40.54999923706055,20789
2016-12-28,41.70000076293945,42.5,40.75,42.04999923706055,42.04999923706055,28356
2016-12-29,42.5,43.400001525878906,40.79999923706055,41.599998474121094,41.599998474121094,75219
2016-12-30,43.45000076293945,43.45000076293945,42.0,42.900001525878906,42.900001525878906,37255
2017-01-02,44.0,44.849998474121094,43.099998474121094,44.45000076293945,44.45000076293945,60526
2017-01-03,44.900001525878906,44.900001525878906,43.54999923706055,44.150001525878906,44.150001525878906,53643
2017-01-04,44.70000076293945,45.900001525878906,44.04999923706055,45.45000076293945,45.45000076293945,93003
2017-01-05,46.849998474121094,47.20000076293945,45.099998474121094,45.599998474121094,45.599998474121094,261740
2017-01-06,45.599998474121094,45.79999923706055,44.0,44.650001525878906,44.650001525878906,81119
2017-01-09,44.5,45.0,43.400001525878906,44.0,44.0,28200
2017-01-10,43.849998474121094,44.25,43.5,43.599998474121094,43.599998474121094,54386
2017-01-11,43.900001525878906,44.70000076293945,43.599998474121094,43.849998474121094,43.849998474121094,72202
2017-01-12,43.70000076293945,44.29999923706055,42.900001525878906,43.45000076293945,43.45000076293945,74236
2017-01-13,43.20000076293945,43.70000076293945,42.5,42.75,42.75,44335
2017-01-16,42.900001525878906,43.0,42.599998474121094,42.75,42.75,75384
2017-01-17,43.0,43.0,42.54999923706055,42.75,42.75,23621
2017-01-18,43.0,43.0,42.5,42.79999923706055,42.79999923706055,29244
2017-01-19,43.349998474121094,44.0,42.5,43.54999923706055,43.54999923706055,41009
2017-01-20,43.5,43.95000076293945,43.0,43.099998474121094,43.099998474121094,26561
2017-01-23,43.400001525878906,43.95000076293945,42.54999923706055,43.04999923706055,43.04999923706055,34243
2017-01-24,43.0,43.75,43.0,43.099998474121094,43.099998474121094,27204
2017-01-25,43.099998474121094,43.650001525878906,43.04999923706055,43.349998474121094,43.349998474121094,23741
2017-01-27,43.400001525878906,50.95000076293945,43.099998474121094,48.25,48.25,1608013
2017-01-30,47.95000076293945,48.599998474121094,46.400001525878906,46.95000076293945,46.95000076293945,337766
2017-01-31,46.70000076293945,46.70000076293945,44.45000076293945,45.400001525878906,45.400001525878906,163269
2017-02-01,45.5,47.45000076293945,44.79999923706055,46.900001525878906,46.900001525878906,92642
2017-02-02,46.45000076293945,47.79999923706055,45.70000076293945,46.599998474121094,46.599998474121094,131472
2017-02-03,46.400001525878906,47.5,46.150001525878906,46.79999923706055,46.79999923706055,69915
2017-02-06,46.349998474121094,48.5,46.150001525878906,47.29999923706055,47.29999923706055,67510
2017-02-07,48.0,49.20000076293945,47.0,47.349998474121094,47.349998474121094,151321
2017-02-08,48.400001525878906,48.400001525878906,47.0,47.95000076293945,47.95000076293945,103418
2017-02-09,49.79999923706055,50.79999923706055,48.54999923706055,49.29999923706055,49.29999923706055,416038
2017-02-10,49.75,50.29999923706055,48.20000076293945,48.29999923706055,48.29999923706055,87371
2017-02-13,50.79999923706055,50.79999923706055,47.599998474121094,48.25,48.25,152230
2017-02-14,47.0,47.0,43.849998474121094,44.099998474121094,44.099998474121094,211533
2017-02-15,43.900001525878906,45.0,43.54999923706055,43.95000076293945,43.95000076293945,61711
2017-02-16,44.45000076293945,45.0,43.79999923706055,44.0,44.0,106565
2017-02-17,45.75,45.75,44.29999923706055,44.599998474121094,44.599998474121094,38424
2017-02-20,45.25,45.25,43.54999923706055,44.20000076293945,44.20000076293945,49921
2017-02-21,45.0,45.0,44.099998474121094,44.5,44.5,56739
2017-02-22,44.349998474121094,44.70000076293945,43.099998474121094,43.650001525878906,43.650001525878906,93080
2017-02-23,43.900001525878906,44.20000076293945,43.0,43.25,43.25,78716
2017-02-27,43.70000076293945,43.75,41.900001525878906,42.650001525878906,42.650001525878906,103664
2017-02-28,43.54999923706055,44.400001525878906,41.900001525878906,42.5,42.5,81310
2017-03-01,42.599998474121094,43.5,42.29999923706055,43.349998474121094,43.349998474121094,65284
2017-03-02,43.95000076293945,44.0,42.5,42.849998474121094,42.849998474121094,77240
2017-03-03,43.349998474121094,44.79999923706055,42.599998474121094,43.95000076293945,43.95000076293945,78248
2017-03-06,44.599998474121094,44.599998474121094,43.150001525878906,43.349998474121094,43.349998474121094,45791
2017-03-07,44.5,44.5,43.099998474121094,43.400001525878906,43.400001525878906,19151
2017-03-08,43.95000076293945,44.0,42.0,42.349998474121094,42.349998474121094,59232
2017-03-09,43.400001525878906,44.849998474121094,41.95000076293945,42.849998474121094,42.849998474121094,119240
2017-03-10,43.70000076293945,43.70000076293945,42.099998474121094,42.349998474121094,42.349998474121094,41645
2017-03-14,43.79999923706055,43.79999923706055,42.599998474121094,42.900001525878906,42.900001525878906,37805
2017-03-15,42.79999923706055,44.45000076293945,42.5,43.150001525878906,43.150001525878906,48044
2017-03-16,44.099998474121094,44.75,43.29999923706055,44.349998474121094,44.349998474121094,125464
2017-03-17,45.0,45.0,43.099998474121094,43.5,43.5,46957
2017-03-20,44.54999923706055,45.45000076293945,43.0,45.099998474121094,45.099998474121094,163481
2017-03-21,44.95000076293945,45.5,44.20000076293945,45.150001525878906,45.150001525878906,76705
2017-03-22,45.150001525878906,45.150001525878906,43.599998474121094,43.79999923706055,43.79999923706055,26947
2017-03-23,43.75,44.900001525878906,43.70000076293945,44.45000076293945,44.45000076293945,59491
2017-03-24,44.79999923706055,44.79999923706055,43.79999923706055,43.95000076293945,43.95000076293945,51663
2017-03-27,43.849998474121094,44.0,43.0,43.20000076293945,43.20000076293945,61082
2017-03-28,43.95000076293945,45.0,43.099998474121094,43.5,43.5,54017
2017-03-29,43.5,46.0,43.150001525878906,44.25,44.25,160469
2017-03-30,46.0,47.5,45.20000076293945,45.79999923706055,45.79999923706055,499850
2017-03-31,46.29999923706055,46.75,44.79999923706055,45.099998474121094,45.099998474121094,61696
2017-04-03,45.599998474121094,45.849998474121094,44.599998474121094,44.75,44.75,56541
2017-04-05,45.0,48.099998474121094,44.54999923706055,47.79999923706055,47.79999923706055,313382
2017-04-06,48.25,48.599998474121094,47.349998474121094,47.599998474121094,47.599998474121094,125693
2017-04-07,47.900001525878906,48.79999923706055,47.099998474121094,47.70000076293945,47.70000076293945,172177
2017-04-10,48.099998474121094,48.849998474121094,47.150001525878906,48.599998474121094,48.599998474121094,226519
2017-04-11,48.70000076293945,49.75,48.29999923706055,48.54999923706055,48.54999923706055,145465
2017-04-12,48.95000076293945,49.54999923706055,45.75,46.95000076293945,46.95000076293945,105919
2017-04-13,49.54999923706055,50.0,48.75,49.25,49.25,505306
2017-04-17,50.0,50.29999923706055,47.79999923706055,48.54999923706055,48.54999923706055,152617
2017-04-18,49.400001525878906,50.0,47.0,47.349998474121094,47.349998474121094,228903
2017-04-19,47.099998474121094,48.79999923706055,47.04999923706055,47.29999923706055,47.29999923706055,57382
2017-04-20,48.5,49.79999923706055,47.599998474121094,49.400001525878906,49.400001525878906,209454
2017-04-21,52.099998474121094,59.25,52.099998474121094,59.25,59.25,4780861
2017-04-24,62.099998474121094,63.650001525878906,58.5,59.5,59.5,1810174
2017-04-25,60.849998474121094,62.0,60.0,60.349998474121094,60.349998474121094,672508
2017-04-26,61.04999923706055,61.900001525878906,57.0,58.04999923706055,58.04999923706055,461949
2017-04-27,58.45000076293945,59.45000076293945,56.54999923706055,57.849998474121094,57.849998474121094,237335
2017-04-28,58.0,59.0,56.25,56.54999923706055,56.54999923706055,182551
2017-05-02,57.54999923706055,61.25,57.0,59.849998474121094,59.849998474121094,721861
2017-05-03,60.0,60.349998474121094,58.400001525878906,58.599998474121094,58.599998474121094,222489
2017-05-04,59.0,60.45000076293945,58.599998474121094,59.29999923706055,59.29999923706055,217731
2017-05-05,59.5,59.849998474121094,56.400001525878906,57.650001525878906,57.650001525878906,172687
2017-05-08,58.099998474121094,58.900001525878906,56.099998474121094,57.04999923706055,57.04999923706055,101614
2017-05-09,57.20000076293945,58.54999923706055,56.599998474121094,58.20000076293945,58.20000076293945,124510
2017-05-10,57.54999923706055,58.79999923706055,57.5,57.650001525878906,57.650001525878906,75191
2017-05-11,57.650001525878906,58.45000076293945,57.0,57.099998474121094,57.099998474121094,84128
2017-05-12,57.5,58.099998474121094,56.099998474121094,56.5,56.5,83264
2017-05-15,57.5,57.5,55.45000076293945,55.650001525878906,55.650001525878906,123524
2017-05-16,56.25,56.849998474121094,54.849998474121094,56.0,56.0,193375
2017-05-17,56.29999923706055,56.45000076293945,55.099998474121094,55.45000076293945,55.45000076293945,78441
2017-05-18,55.04999923706055,55.349998474121094,54.04999923706055,54.150001525878906,54.150001525878906,106098
2017-05-19,54.900001525878906,55.95000076293945,53.400001525878906,53.79999923706055,53.79999923706055,172278
2017-05-22,53.099998474121094,54.45000076293945,52.099998474121094,52.349998474121094,52.349998474121094,102922
2017-05-23,52.900001525878906,53.0,50.099998474121094,51.349998474121094,51.349998474121094,144866
2017-05-24,50.79999923706055,52.95000076293945,50.150001525878906,50.650001525878906,50.650001525878906,119099
2017-05-25,49.70000076293945,52.75,49.70000076293945,52.20000076293945,52.20000076293945,125341
2017-05-26,52.349998474121094,53.0,51.599998474121094,51.79999923706055,51.79999923706055,123781
2017-05-29,52.900001525878906,52.900001525878906,49.79999923706055,50.04999923706055,50.04999923706055,103105
2017-05-30,50.150001525878906,51.75,48.25,51.45000076293945,51.45000076293945,106941
2017-05-31,52.5,53.79999923706055,51.20000076293945,51.599998474121094,51.599998474121094,376491
2017-06-01,52.45000076293945,52.54999923706055,50.25,50.849998474121094,50.849998474121094,79589
2017-06-02,51.04999923706055,51.20000076293945,50.5,50.599998474121094,50.599998474121094,78593
2017-06-05,50.29999923706055,52.0,50.29999923706055,50.900001525878906,50.900001525878906,129235
2017-06-06,51.099998474121094,54.25,50.5,53.70000076293945,53.70000076293945,504255
2017-06-07,52.900001525878906,53.900001525878906,51.79999923706055,52.5,52.5,133021
2017-06-08,56.29999923706055,63.0,55.0,62.900001525878906,62.900001525878906,4511681
2017-06-09,62.599998474121094,62.599998474121094,59.650001525878906,60.0,60.0,906315
2017-06-12,60.45000076293945,61.79999923706055,58.400001525878906,58.599998474121094,58.599998474121094,344490
2017-06-13,59.5,61.25,58.70000076293945,59.95000076293945,59.95000076293945,574406
2017-06-14,60.0,60.900001525878906,58.54999923706055,60.150001525878906,60.150001525878906,289272
2017-06-15,60.70000076293945,61.900001525878906,60.29999923706055,60.54999923706055,60.54999923706055,286619
2017-06-16,60.5,61.099998474121094,58.599998474121094,58.95000076293945,58.95000076293945,170396
2017-06-19,58.95000076293945,65.6500015258789,58.04999923706055,64.55000305175781,64.55000305175781,1475723
2017-06-20,67.25,70.75,66.4000015258789,69.80000305175781,69.80000305175781,2446674
2017-06-21,69.0,72.69999694824219,69.0,72.19999694824219,72.19999694824219,1168140
2017-06-22,71.9000015258789,72.69999694824219,67.5,68.1500015258789,68.1500015258789,687910
2017-06-23,68.75,69.1500015258789,66.5,66.9000015258789,66.9000015258789,379945
2017-06-27,67.0,67.0,63.79999923706055,64.55000305175781,64.55000305175781,277969
2017-06-28,64.55000305175781,64.9000015258789,61.0,64.1500015258789,64.1500015258789,229386
2017-06-29,65.0,71.0,64.5,67.9000015258789,67.9000015258789,959218
2017-06-30,67.30000305175781,68.44999694824219,66.3499984741211,67.55000305175781,67.55000305175781,217128
2017-07-03,66.3499984741211,71.0,66.3499984741211,68.94999694824219,68.94999694824219,337584
2017-07-04,69.44999694824219,70.94999694824219,68.0,69.69999694824219,69.69999694824219,399651
2017-07-05,69.94999694824219,70.44999694824219,68.0999984741211,68.94999694824219,68.94999694824219,241718
2017-07-06,69.5999984741211,70.80000305175781,68.6500015258789,69.44999694824219,69.44999694824219,328483
2017-07-07,69.8499984741211,70.80000305175781,68.25,68.8499984741211,68.8499984741211,226783
2017-07-10,69.44999694824219,69.69999694824219,68.05000305175781,68.80000305175781,68.80000305175781,30382
2017-07-11,69.0,70.1500015258789,66.9000015258789,67.44999694824219,67.44999694824219,236968
2017-07-12,67.3499984741211,69.19999694824219,67.3499984741211,68.5,68.5,184124
2017-07-13,68.5,75.9000015258789,68.4000015258789,73.69999694824219,73.69999694824219,1810696
2017-07-14,74.25,74.25,71.0,71.94999694824219,71.94999694824219,538567
2017-07-17,72.4000015258789,72.44999694824219,70.25,70.5999984741211,70.5999984741211,244844
2017-07-18,76.0,76.0,71.30000305175781,71.9000015258789,71.9000015258789,443454
2017-07-19,71.0999984741211,72.94999694824219,71.0999984741211,71.94999694824219,71.94999694824219,207536
2017-07-20,72.0,72.44999694824219,70.44999694824219,70.80000305175781,70.80000305175781,143055
2017-07-21,70.4000015258789,71.5,68.8499984741211,69.25,69.25,205276
2017-07-24,70.0,70.5,68.0,68.25,68.25,178963
2017-07-25,68.6500015258789,69.69999694824219,68.05000305175781,68.55000305175781,68.55000305175781,115220
2017-07-26,68.94999694824219,72.0,68.5,70.55000305175781,70.55000305175781,422543
2017-07-27,71.4000015258789,71.69999694824219,69.0,70.0,70.0,175328
2017-07-28,70.05000305175781,70.05000305175781,68.69999694824219,69.4000015258789,69.4000015258789,94549
2017-07-31,69.9000015258789,71.5,69.05000305175781,70.80000305175781,70.80000305175781,236351
2017-08-01,71.0999984741211,71.30000305175781,68.9000015258789,69.30000305175781,69.30000305175781,126198
2017-08-02,69.44999694824219,69.94999694824219,68.75,69.44999694824219,69.44999694824219,114565
2017-08-03,69.75,69.75,67.0,67.6500015258789,67.6500015258789,109074
2017-08-04,67.5999984741211,68.6500015258789,67.3499984741211,68.4000015258789,68.4000015258789,72548
2017-08-07,68.44999694824219,69.5,68.44999694824219,69.19999694824219,69.19999694824219,77488
2017-08-08,69.69999694824219,69.69999694824219,67.1500015258789,67.3499984741211,67.3499984741211,124768
2017-08-09,67.4000015258789,67.6500015258789,66.0999984741211,66.4000015258789,66.4000015258789,106602
2017-08-10,66.0,66.05000305175781,60.400001525878906,61.20000076293945,61.20000076293945,308608
2017-08-11,62.849998474121094,72.0,61.400001525878906,62.95000076293945,62.95000076293945,497704
2017-08-14,64.94999694824219,65.25,64.25,64.94999694824219,64.94999694824219,147069
2017-08-16,66.1500015258789,66.30000305175781,64.94999694824219,65.5,65.5,111517
2017-08-17,66.5,66.5999984741211,64.69999694824219,65.0,65.0,68365
2017-08-18,64.9000015258789,64.9000015258789,63.349998474121094,64.0,64.0,89522
2017-08-21,65.9000015258789,65.9000015258789,62.5,62.650001525878906,62.650001525878906,69887
2017-08-22,64.4000015258789,64.4000015258789,61.150001525878906,61.70000076293945,61.70000076293945,87917
2017-08-23,62.79999923706055,63.650001525878906,62.04999923706055,62.79999923706055,62.79999923706055,70797
2017-08-24,63.400001525878906,63.400001525878906,62.0,62.29999923706055,62.29999923706055,45914
2017-08-28,62.70000076293945,63.400001525878906,62.25,62.5,62.5,43472
2017-08-29,62.5,62.849998474121094,61.349998474121094,61.70000076293945,61.70000076293945,64699
2017-08-30,62.150001525878906,63.0,62.099998474121094,62.599998474121094,62.599998474121094,57475
2017-08-31,63.70000076293945,65.6500015258789,62.150001525878906,64.69999694824219,64.69999694824219,135751
2017-09-01,65.94999694824219,65.94999694824219,64.5,65.44999694824219,65.44999694824219,96729
2017-09-04,66.4000015258789,67.5999984741211,65.5,66.3499984741211,66.3499984741211,192394
2017-09-05,67.9000015258789,67.9000015258789,66.0,66.8499984741211,66.8499984741211,63601
2017-09-06,66.5,68.80000305175781,65.8499984741211,67.5,67.5,158923
2017-09-07,68.0999984741211,69.55000305175781,68.0,68.9000015258789,68.9000015258789,255519
2017-09-08,69.44999694824219,69.5,67.05000305175781,67.4000015258789,67.4000015258789,124317
2017-09-11,68.44999694824219,69.30000305175781,67.44999694824219,68.75,68.75,117973
2017-09-12,69.0,69.9000015258789,67.0,67.69999694824219,67.69999694824219,92715
2017-09-13,67.19999694824219,68.5999984741211,66.05000305175781,66.44999694824219,66.44999694824219,99189
2017-09-14,66.19999694824219,66.8499984741211,64.75,64.9000015258789,64.9000015258789,98018
2017-09-15,65.5999984741211,65.5999984741211,63.54999923706055,64.5999984741211,64.5999984741211,74116
2017-09-18,65.5,65.8499984741211,63.5,63.75,63.75,128647
2017-09-19,64.5,71.0,63.5,69.19999694824219,69.19999694824219,583050
2017-09-20,73.0,74.5,71.05000305175781,71.55000305175781,71.55000305175781,968711
2017-09-21,72.0,73.4000015258789,66.55000305175781,70.25,70.25,365000
2017-09-22,69.9000015258789,69.9000015258789,66.5999984741211,66.9000015258789,66.9000015258789,192050
2017-09-25,66.9000015258789,69.0999984741211,62.599998474121094,67.9000015258789,67.9000015258789,335009
2017-09-26,67.05000305175781,72.5,66.05000305175781,69.94999694824219,69.94999694824219,377647
2017-09-27,70.6500015258789,71.4000015258789,66.44999694824219,66.80000305175781,66.80000305175781,216425
2017-09-28,67.05000305175781,68.80000305175781,65.5,67.6500015258789,67.6500015258789,137662
2017-09-29,68.94999694824219,69.5,67.05000305175781,67.25,67.25,83524
2017-10-03,68.9000015258789,68.9000015258789,66.1500015258789,66.5999984741211,66.5999984741211,99995
2017-10-04,66.0,68.0,65.25,67.6500015258789,67.6500015258789,76548
2017-10-05,68.30000305175781,73.4000015258789,66.19999694824219,71.0999984741211,71.0999984741211,467346
2017-10-06,70.3499984741211,72.0999984741211,69.19999694824219,69.5999984741211,69.5999984741211,160366
2017-10-09,69.6500015258789,79.6500015258789,69.55000305175781,77.0999984741211,77.0999984741211,2437528
2017-10-10,77.3499984741211,79.6500015258789,75.1500015258789,75.80000305175781,75.80000305175781,518494
2017-10-11,76.0,83.8499984741211,74.0,79.0999984741211,79.0999984741211,1911427
2017-10-12,80.25,84.5999984741211,79.0,82.30000305175781,82.30000305175781,1348772
2017-10-13,82.5,95.6500015258789,81.55000305175781,93.80000305175781,93.80000305175781,5221372
2017-10-16,94.0,94.0,88.0,89.25,89.25,1391563
2017-10-17,89.4000015258789,100.4000015258789,88.0999984741211,98.69999694824219,98.69999694824219,4086425
2017-10-18,99.5999984741211,103.94999694824219,98.0,100.75,100.75,2377787
2017-10-19,101.0,101.6500015258789,98.0,99.5999984741211,99.5999984741211,419021
2017-10-23,101.3499984741211,107.9000015258789,100.5,104.25,104.25,1958034
2017-10-24,104.5,106.5,100.3499984741211,101.30000305175781,101.30000305175781,725072
2017-10-25,102.44999694824219,102.75,95.19999694824219,97.0,97.0,521730
2017-10-26,96.05000305175781,102.9000015258789,95.19999694824219,99.44999694824219,99.44999694824219,656694
2017-10-27,99.9000015258789,101.0,96.69999694824219,97.6500015258789,97.6500015258789,343399
2017-10-30,98.1500015258789,102.0,98.1500015258789,99.19999694824219,99.19999694824219,328083
2017-10-31,98.55000305175781,105.0999984741211,98.25,101.8499984741211,101.8499984741211,1322319
2017-11-01,102.80000305175781,103.75,99.05000305175781,99.8499984741211,99.8499984741211,367865
2017-11-02,100.30000305175781,100.5,98.3499984741211,98.9000015258789,98.9000015258789,244617
2017-11-03,98.30000305175781,101.5999984741211,98.30000305175781,98.5999984741211,98.5999984741211,280998
2017-11-06,101.9000015258789,101.9000015258789,97.5,98.05000305175781,98.05000305175781,245027
2017-11-07,98.0,98.80000305175781,93.0999984741211,93.80000305175781,93.80000305175781,378187
2017-11-08,94.5,96.80000305175781,91.25,91.75,91.75,296349
2017-11-09,92.0999984741211,94.5,90.0,91.69999694824219,91.69999694824219,265165
2017-11-10,91.9000015258789,94.19999694824219,90.0,91.05000305175781,91.05000305175781,221039
2017-11-13,91.0999984741211,93.94999694824219,91.0,92.5,92.5,241788
2017-11-14,94.69999694824219,94.69999694824219,89.5,90.0,90.0,237302
2017-11-15,89.5,90.0,86.5,87.0999984741211,87.0999984741211,189787
2017-11-16,87.0,88.94999694824219,85.4000015258789,88.0999984741211,88.0999984741211,150397
2017-11-17,89.0999984741211,91.75,88.0999984741211,88.80000305175781,88.80000305175781,210956
2017-11-20,89.9000015258789,92.0999984741211,89.0,90.8499984741211,90.8499984741211,146928
2017-11-21,92.44999694824219,92.94999694824219,90.0,91.05000305175781,91.05000305175781,213800
2017-11-22,91.5,92.69999694824219,90.0999984741211,91.0999984741211,91.0999984741211,119553
2017-11-23,91.0999984741211,91.9000015258789,88.9000015258789,89.30000305175781,89.30000305175781,159521
2017-11-24,89.5,91.80000305175781,89.19999694824219,90.0999984741211,90.0999984741211,160847
2017-11-27,90.9000015258789,90.9000015258789,89.0,89.3499984741211,89.3499984741211,100025
2017-11-28,90.0,90.0,88.5,88.80000305175781,88.80000305175781,123765
2017-11-29,89.8499984741211,90.0999984741211,78.0999984741211,85.44999694824219,85.44999694824219,333890
2017-11-30,85.05000305175781,92.75,85.05000305175781,88.0999984741211,88.0999984741211,451570
2017-12-01,88.5,90.94999694824219,86.0999984741211,87.1500015258789,87.1500015258789,194204
2017-12-04,88.6500015258789,89.5,85.80000305175781,86.3499984741211,86.3499984741211,160347
2017-12-05,86.0,87.0999984741211,84.9000015258789,85.19999694824219,85.19999694824219,122041
2017-12-06,87.5,89.3499984741211,85.4000015258789,85.94999694824219,85.94999694824219,231249
2017-12-07,86.4000015258789,88.19999694824219,85.75,86.80000305175781,86.80000305175781,145822
2017-12-08,87.0,89.5999984741211,87.0,87.9000015258789,87.9000015258789,215309
2017-12-11,88.9000015258789,88.94999694824219,85.5999984741211,86.25,86.25,144812
2017-12-12,86.9000015258789,94.3499984741211,85.5,90.69999694824219,90.69999694824219,1441012
2017-12-13,91.0,94.4000015258789,87.5,88.9000015258789,88.9000015258789,1631171
2017-12-14,90.69999694824219,90.8499984741211,85.5999984741211,86.4000015258789,86.4000015258789,438680
2017-12-15,87.5999984741211,89.75,87.30000305175781,87.8499984741211,87.8499984741211,246177
2017-12-18,87.4000015258789,87.5,82.25,86.1500015258789,86.1500015258789,298822
2017-12-19,87.0999984741211,87.75,85.69999694824219,86.5,86.5,528407
2017-12-20,86.9000015258789,93.25,86.6500015258789,90.75,90.75,1189758
2017-12-21,91.19999694824219,92.0,89.25,90.9000015258789,90.9000015258789,385676
2017-12-22,91.44999694824219,92.0,89.5,89.8499984741211,89.8499984741211,218641
2017-12-26,93.9000015258789,94.75,92.19999694824219,93.69999694824219,93.69999694824219,511336
2017-12-27,94.0,94.0,91.0,91.69999694824219,91.69999694824219,298029
2017-12-28,91.69999694824219,92.19999694824219,89.55000305175781,90.55000305175781,90.55000305175781,192049
2017-12-29,91.25,92.94999694824219,91.25,91.94999694824219,91.94999694824219,343464
2018-01-01,97.0,101.75,95.19999694824219,98.4000015258789,98.4000015258789,3142700
2018-01-02,99.30000305175781,104.30000305175781,96.30000305175781,101.19999694824219,101.19999694824219,1750712
2018-01-03,102.19999694824219,104.6500015258789,100.55000305175781,101.5,101.5,877935
2018-01-04,102.0,102.05000305175781,99.5999984741211,100.4000015258789,100.4000015258789,362107
2018-01-05,100.80000305175781,103.19999694824219,99.5999984741211,101.25,101.25,375317
2018-01-08,102.30000305175781,102.5,98.94999694824219,99.55000305175781,99.55000305175781,297607
2018-01-09,100.30000305175781,101.30000305175781,98.55000305175781,99.1500015258789,99.1500015258789,324869
2018-01-10,99.19999694824219,100.19999694824219,95.5,96.4000015258789,96.4000015258789,228942
2018-01-11,96.19999694824219,98.9000015258789,95.0,97.30000305175781,97.30000305175781,258107
2018-01-12,97.80000305175781,99.5999984741211,95.0,96.69999694824219,96.69999694824219,206798
2018-01-15,97.0999984741211,98.4000015258789,95.19999694824219,95.9000015258789,95.9000015258789,170540
2018-01-16,96.0,96.8499984741211,92.0999984741211,93.0999984741211,93.0999984741211,199736
2018-01-17,92.0,92.0,88.0,89.8499984741211,89.8499984741211,489891
2018-01-18,91.4000015258789,91.94999694824219,87.05000305175781,87.3499984741211,87.3499984741211,250353
2018-01-19,89.0,90.4000015258789,87.0,89.69999694824219,89.69999694824219,218962
2018-01-22,89.55000305175781,91.8499984741211,88.30000305175781,90.1500015258789,90.1500015258789,191877
2018-01-23,90.80000305175781,90.8499984741211,88.6500015258789,89.55000305175781,89.55000305175781,105907
2018-01-24,89.0,89.0,86.5999984741211,87.25,87.25,149268
2018-01-25,86.9000015258789,87.5,85.5999984741211,86.0,86.0,130342
2018-01-29,87.0,87.5,84.5,85.0999984741211,85.0999984741211,103324
2018-01-30,85.5,85.5,82.4000015258789,82.6500015258789,82.6500015258789,206573
2018-01-31,83.4000015258789,85.5,82.1500015258789,82.75,82.75,152520
2018-02-01,82.75,84.3499984741211,81.0999984741211,82.80000305175781,82.80000305175781,105233
2018-02-02,80.9000015258789,80.9000015258789,76.05000305175781,77.25,77.25,386835
2018-02-05,75.0,77.94999694824219,72.5999984741211,76.3499984741211,76.3499984741211,297143
2018-02-06,72.94999694824219,74.9000015258789,71.0999984741211,73.0999984741211,73.0999984741211,201961
2018-02-07,76.0,78.0999984741211,76.0,77.3499984741211,77.3499984741211,150804
2018-02-08,79.8499984741211,81.3499984741211,78.0,80.4000015258789,80.4000015258789,133784
2018-02-09,77.5,82.94999694824219,76.55000305175781,81.25,81.25,115344
2018-02-12,82.5999984741211,84.5,82.0999984741211,83.4000015258789,83.4000015258789,106141
2018-02-14,89.0,89.0,85.80000305175781,86.94999694824219,86.94999694824219,338126
2018-02-15,88.0,88.6500015258789,81.69999694824219,82.19999694824219,82.19999694824219,210690
2018-02-16,82.0,84.8499984741211,79.30000305175781,80.0999984741211,80.0999984741211,111558
2018-02-19,80.0999984741211,81.5,78.05000305175781,78.8499984741211,78.8499984741211,92013
2018-02-20,79.0,80.5,78.0,79.30000305175781,79.30000305175781,79129
2018-02-21,79.9000015258789,79.9000015258789,77.05000305175781,77.75,77.75,77684
2018-02-22,77.25,77.44999694824219,76.1500015258789,76.8499984741211,76.8499984741211,59083
2018-02-23,77.30000305175781,80.0,76.6500015258789,79.19999694824219,79.19999694824219,146283
2018-02-26,80.4000015258789,81.9000015258789,80.3499984741211,80.69999694824219,80.69999694824219,100111
2018-02-27,81.0,81.75,79.0999984741211,79.4000015258789,79.4000015258789,104933
2018-02-28,79.0,79.0,76.55000305175781,77.19999694824219,77.19999694824219,97647
2018-03-01,77.94999694824219,80.0,77.05000305175781,79.19999694824219,79.19999694824219,133049
2018-03-05,78.75,81.0,78.0,79.9000015258789,79.9000015258789,345622
2018-03-06,81.8499984741211,82.4000015258789,77.0999984741211,77.8499984741211,77.8499984741211,157077
2018-03-07,77.80000305175781,77.94999694824219,74.0999984741211,75.0999984741211,75.0999984741211,114907
2018-03-08,76.19999694824219,77.19999694824219,72.19999694824219,73.30000305175781,73.30000305175781,118660
2018-03-09,73.9000015258789,74.0,70.30000305175781,71.0999984741211,71.0999984741211,158997
2018-03-12,72.5,73.44999694824219,71.5999984741211,72.5,72.5,96217
2018-03-13,72.5,74.19999694824219,72.0,73.69999694824219,73.69999694824219,128640
2018-03-14,73.05000305175781,73.80000305175781,72.5,72.94999694824219,72.94999694824219,88753
2018-03-15,73.69999694824219,77.3499984741211,72.5,76.0999984741211,76.0999984741211,193743
2018-03-16,77.0,78.05000305175781,75.0,75.3499984741211,75.3499984741211,101840
2018-03-19,76.0,76.05000305175781,73.0,73.75,73.75,60037
2018-03-20,73.0,73.75,71.75,72.9000015258789,72.9000015258789,76364
2018-03-21,72.69999694824219,74.0,72.69999694824219,73.05000305175781,73.05000305175781,60064
2018-03-22,73.05000305175781,73.30000305175781,70.0,70.25,70.25,84799
2018-03-23,69.94999694824219,69.94999694824219,66.80000305175781,68.4000015258789,68.4000015258789,116316
2018-03-26,68.5,69.5,66.5,67.25,67.25,146483
2018-03-27,69.0,70.94999694824219,68.1500015258789,69.44999694824219,69.44999694824219,96431
2018-03-28,68.19999694824219,69.3499984741211,67.4000015258789,68.0999984741211,68.0999984741211,175841
2018-04-02,69.94999694824219,81.69999694824219,68.44999694824219,78.69999694824219,78.69999694824219,379459
2018-04-03,82.80000305175781,83.5999984741211,80.75,82.25,82.25,947667
2018-04-04,82.25,84.0,78.30000305175781,78.94999694824219,78.94999694824219,254519
2018-04-05,81.0,83.80000305175781,80.75,83.19999694824219,83.19999694824219,266318
2018-04-06,83.80000305175781,84.5,82.30000305175781,82.94999694824219,82.94999694824219,154150
2018-04-09,83.5,83.6500015258789,82.4000015258789,83.1500015258789,83.1500015258789,78789
2018-04-10,83.9000015258789,84.94999694824219,81.0999984741211,84.0,84.0,201737
2018-04-11,84.0,84.1500015258789,81.25,81.5,81.5,107943
2018-04-12,81.6500015258789,82.44999694824219,79.5,79.94999694824219,79.94999694824219,60657
2018-04-13,80.6500015258789,81.94999694824219,78.8499984741211,79.75,79.75,83954
2018-04-16,79.0,81.3499984741211,78.0999984741211,80.30000305175781,80.30000305175781,60026
2018-04-17,80.1500015258789,81.94999694824219,79.44999694824219,80.9000015258789,80.9000015258789,55381
2018-04-18,81.5999984741211,81.75,79.44999694824219,79.6500015258789,79.6500015258789,46212
2018-04-19,79.80000305175781,81.44999694824219,79.44999694824219,79.8499984741211,79.8499984741211,92951
2018-04-20,79.9000015258789,79.9000015258789,76.69999694824219,78.4000015258789,78.4000015258789,86271
2018-04-23,78.5,79.9000015258789,78.19999694824219,78.5999984741211,78.5999984741211,45642
2018-04-24,79.4000015258789,79.9000015258789,78.0999984741211,78.9000015258789,78.9000015258789,48703
2018-04-25,78.75,78.75,76.0999984741211,76.80000305175781,76.80000305175781,67095
2018-04-26,76.44999694824219,76.94999694824219,75.4000015258789,76.30000305175781,76.30000305175781,38627
2018-04-27,76.80000305175781,78.0,76.5,77.0999984741211,77.0999984741211,41028
2018-04-30,79.19999694824219,79.19999694824219,77.0999984741211,78.0,78.0,44416
2018-05-02,82.0,82.30000305175781,78.19999694824219,78.69999694824219,78.69999694824219,417393
2018-05-03,78.5999984741211,78.5999984741211,76.0999984741211,76.6500015258789,76.6500015258789,74388
2018-05-04,75.6500015258789,76.9000015258789,75.0999984741211,75.5,75.5,46673
2018-05-07,76.5,77.80000305175781,75.1500015258789,75.4000015258789,75.4000015258789,60663
2018-05-08,75.5999984741211,76.3499984741211,74.25,74.44999694824219,74.44999694824219,57110
2018-05-09,74.5,74.75,72.3499984741211,72.69999694824219,72.69999694824219,92857
2018-05-10,71.5,73.69999694824219,71.5,72.30000305175781,72.30000305175781,50566
2018-05-11,74.0,74.05000305175781,72.0,72.25,72.25,57101
2018-05-14,73.5,73.5,70.25,70.9000015258789,70.9000015258789,41860
2018-05-15,71.0999984741211,72.9000015258789,69.30000305175781,70.19999694824219,70.19999694824219,90604
2018-05-16,69.0,69.69999694824219,67.1500015258789,68.30000305175781,68.30000305175781,82013
2018-05-17,69.05000305175781,71.19999694824219,69.05000305175781,70.4000015258789,70.4000015258789,56219
2018-05-18,71.4000015258789,71.4000015258789,68.5,68.5999984741211,68.5999984741211,53037
2018-05-21,69.25,69.25,66.5,67.3499984741211,67.3499984741211,112620
2018-05-22,67.0,68.9000015258789,66.25,67.4000015258789,67.4000015258789,58510
2018-05-23,67.0,69.5,67.0,68.19999694824219,68.19999694824219,50940
2018-05-24,67.30000305175781,69.3499984741211,67.0,67.4000015258789,67.4000015258789,33146
2018-05-25,67.80000305175781,68.94999694824219,67.05000305175781,68.0,68.0,34986
2018-05-28,69.9000015258789,71.9000015258789,68.5999984741211,71.1500015258789,71.1500015258789,82742
2018-05-29,71.6500015258789,71.6500015258789,70.3499984741211,70.9000015258789,70.9000015258789,42973
2018-05-30,70.19999694824219,71.94999694824219,69.94999694824219,70.94999694824219,70.94999694824219,54362
2018-05-31,67.4000015258789,67.9000015258789,64.19999694824219,66.3499984741211,66.3499984741211,159803
2018-06-01,67.5,67.55000305175781,63.900001525878906,64.30000305175781,64.30000305175781,67604
2018-06-04,64.80000305175781,66.5999984741211,64.0999984741211,64.6500015258789,64.6500015258789,87728
2018-06-05,64.9000015258789,64.9000015258789,59.5,60.0,60.0,115916
2018-06-06,60.099998474121094,61.0,58.29999923706055,60.099998474121094,60.099998474121094,73745
2018-06-07,60.75,62.349998474121094,60.599998474121094,60.95000076293945,60.95000076293945,63781
2018-06-08,60.95000076293945,62.400001525878906,60.150001525878906,61.849998474121094,61.849998474121094,47902
2018-06-11,62.0,64.9000015258789,61.849998474121094,63.099998474121094,63.099998474121094,97389
2018-06-12,62.95000076293945,63.45000076293945,61.849998474121094,62.900001525878906,62.900001525878906,39823
2018-06-13,63.25,68.0,62.599998474121094,64.44999694824219,64.44999694824219,272686
2018-06-14,65.0,65.94999694824219,62.5,65.55000305175781,65.55000305175781,83598
2018-06-15,65.5,68.19999694824219,64.3499984741211,66.30000305175781,66.30000305175781,210380
2018-06-18,66.4000015258789,67.25,64.69999694824219,64.8499984741211,64.8499984741211,42327
2018-06-19,64.05000305175781,66.05000305175781,62.20000076293945,62.650001525878906,62.650001525878906,56201
2018-06-20,62.29999923706055,63.29999923706055,62.0,62.25,62.25,32373
2018-06-21,61.95000076293945,62.650001525878906,60.900001525878906,61.099998474121094,61.099998474121094,42166
2018-06-22,60.5,61.20000076293945,59.849998474121094,60.25,60.25,49757
2018-06-25,60.849998474121094,61.0,59.0,59.54999923706055,59.54999923706055,61360
2018-06-26,59.54999923706055,60.45000076293945,57.5,58.0,58.0,67031
2018-06-27,58.25,58.29999923706055,53.349998474121094,54.599998474121094,54.599998474121094,110382
2018-06-28,55.54999923706055,55.54999923706055,52.5,52.849998474121094,52.849998474121094,80504
2018-06-29,53.79999923706055,62.45000076293945,52.099998474121094,59.04999923706055,59.04999923706055,714841
2018-07-02,59.0,59.45000076293945,55.849998474121094,56.54999923706055,56.54999923706055,114712
2018-07-03,59.099998474121094,59.45000076293945,57.599998474121094,58.45000076293945,58.45000076293945,298235
2018-07-04,58.20000076293945,59.29999923706055,57.20000076293945,57.400001525878906,57.400001525878906,50143
2018-07-05,57.0,58.54999923706055,56.099998474121094,56.29999923706055,56.29999923706055,42438
2018-07-06,55.29999923706055,58.5,55.29999923706055,56.54999923706055,56.54999923706055,59005
2018-07-09,56.349998474121094,57.75,56.349998474121094,57.20000076293945,57.20000076293945,68272
2018-07-10,57.5,59.900001525878906,57.5,58.650001525878906,58.650001525878906,91729
2018-07-11,58.20000076293945,59.79999923706055,57.5,58.099998474121094,58.099998474121094,62451
2018-07-12,57.900001525878906,58.79999923706055,56.599998474121094,57.29999923706055,57.29999923706055,52266
2018-07-13,57.04999923706055,58.099998474121094,56.150001525878906,56.650001525878906,56.650001525878906,49596
2018-07-16,56.099998474121094,56.54999923706055,54.5,54.95000076293945,54.95000076293945,41948
2018-07-17,55.150001525878906,56.29999923706055,52.5,53.79999923706055,53.79999923706055,84425
2018-07-18,54.150001525878906,54.599998474121094,52.79999923706055,53.099998474121094,53.099998474121094,35434
2018-07-19,53.150001525878906,54.0,51.0,52.75,52.75,64630
2018-07-20,51.95000076293945,54.900001525878906,51.349998474121094,53.29999923706055,53.29999923706055,41993
2018-07-23,53.599998474121094,53.900001525878906,51.29999923706055,52.0,52.0,82978
2018-07-24,52.54999923706055,55.349998474121094,51.5,54.900001525878906,54.900001525878906,125200
2018-07-25,56.0,56.349998474121094,54.25,55.04999923706055,55.04999923706055,73822
2018-07-26,53.45000076293945,55.45000076293945,52.849998474121094,54.150001525878906,54.150001525878906,36375
2018-07-27,54.400001525878906,55.20000076293945,53.599998474121094,54.29999923706055,54.29999923706055,44186
2018-07-30,53.75,56.0,53.75,55.54999923706055,55.54999923706055,62511
2018-07-31,55.599998474121094,58.79999923706055,54.95000076293945,58.04999923706055,58.04999923706055,201209
2018-08-01,58.0,58.45000076293945,56.0,56.900001525878906,56.900001525878906,92921
2018-08-02,57.54999923706055,58.79999923706055,57.04999923706055,58.0,58.0,116231
2018-08-03,58.45000076293945,61.400001525878906,58.099998474121094,60.04999923706055,60.04999923706055,270786
2018-08-06,61.0,65.0,60.54999923706055,63.849998474121094,63.849998474121094,277644
2018-08-07,64.9000015258789,65.44999694824219,60.54999923706055,61.25,61.25,209664
2018-08-08,61.25,61.400001525878906,60.04999923706055,60.900001525878906,60.900001525878906,57551
2018-08-09,62.150001525878906,62.150001525878906,59.349998474121094,60.0,60.0,61121
2018-08-10,60.349998474121094,60.599998474121094,59.099998474121094,59.25,59.25,45795
2018-08-13,58.0,65.80000305175781,56.95000076293945,61.650001525878906,61.650001525878906,606387
2018-08-14,60.650001525878906,61.900001525878906,58.29999923706055,59.650001525878906,59.650001525878906,96204
2018-08-16,59.29999923706055,59.29999923706055,58.20000076293945,58.75,58.75,41276
2018-08-17,58.95000076293945,59.900001525878906,58.54999923706055,58.900001525878906,58.900001525878906,62081
2018-08-20,60.5,61.150001525878906,58.650001525878906,59.0,59.0,77841
2018-08-21,59.25,59.900001525878906,57.099998474121094,58.20000076293945,58.20000076293945,104851
2018-08-23,58.900001525878906,58.95000076293945,57.04999923706055,57.70000076293945,57.70000076293945,65133
2018-08-24,57.150001525878906,58.95000076293945,57.0,57.349998474121094,57.349998474121094,44819
2018-08-27,57.0,58.150001525878906,57.0,57.650001525878906,57.650001525878906,55301
2018-08-28,57.54999923706055,68.5999984741211,57.400001525878906,61.79999923706055,61.79999923706055,614507
2018-08-29,61.70000076293945,61.75,59.5,60.04999923706055,60.04999923706055,105792
2018-08-30,60.70000076293945,60.849998474121094,59.650001525878906,60.150001525878906,60.150001525878906,51589
2018-08-31,60.0,62.5,60.0,61.400001525878906,61.400001525878906,144143
2018-09-03,61.5,63.849998474121094,61.400001525878906,62.54999923706055,62.54999923706055,167962
2018-09-04,62.599998474121094,63.25,58.099998474121094,59.349998474121094,59.349998474121094,93415
2018-09-05,60.45000076293945,60.45000076293945,57.400001525878906,58.849998474121094,58.849998474121094,76876
2018-09-06,59.849998474121094,59.95000076293945,58.0,58.54999923706055,58.54999923706055,87589
2018-09-07,58.900001525878906,60.79999923706055,58.0,60.29999923706055,60.29999923706055,107678
2018-09-10,59.25,60.29999923706055,58.5,58.849998474121094,58.849998474121094,46650
2018-09-11,59.5,59.5,57.5,57.75,57.75,57595
2018-09-12,58.79999923706055,58.79999923706055,56.099998474121094,57.349998474121094,57.349998474121094,59729
2018-09-14,58.599998474121094,59.25,57.5,57.95000076293945,57.95000076293945,69594
2018-09-17,57.5,57.95000076293945,57.0,57.099998474121094,57.099998474121094,43965
2018-09-18,57.400001525878906,57.75,55.75,56.20000076293945,56.20000076293945,34382
2018-09-19,56.79999923706055,57.20000076293945,55.25,55.650001525878906,55.650001525878906,30797
2018-09-21,56.349998474121094,57.0,52.0,53.04999923706055,53.04999923706055,80498
2018-09-24,53.5,53.5,50.0,50.349998474121094,50.349998474121094,82494
2018-09-25,50.04999923706055,51.349998474121094,48.349998474121094,50.599998474121094,50.599998474121094,85945
2018-09-26,50.650001525878906,51.849998474121094,49.5,49.75,49.75,61275
2018-09-27,50.20000076293945,51.0,49.04999923706055,50.20000076293945,50.20000076293945,47633
2018-09-28,50.0,51.04999923706055,45.25,46.54999923706055,46.54999923706055,71994
2018-10-01,47.45000076293945,47.54999923706055,42.79999923706055,45.70000076293945,45.70000076293945,109824
2018-10-03,46.45000076293945,47.0,45.0,45.29999923706055,45.29999923706055,96885
2018-10-04,44.0,45.0,42.0,43.0,43.0,109003
2018-10-05,43.29999923706055,44.099998474121094,41.650001525878906,42.400001525878906,42.400001525878906,65369
2018-10-08,41.29999923706055,43.0,40.79999923706055,42.349998474121094,42.349998474121094,73793
2018-10-09,42.400001525878906,43.0,40.099998474121094,40.599998474121094,40.599998474121094,75618
2018-10-10,40.45000076293945,43.849998474121094,40.400001525878906,43.54999923706055,43.54999923706055,93312
2018-10-11,41.20000076293945,42.849998474121094,40.0,42.20000076293945,42.20000076293945,59318
2018-10-12,42.900001525878906,44.45000076293945,42.20000076293945,44.150001525878906,44.150001525878906,63292
2018-10-15,43.75,44.95000076293945,43.75,44.5,44.5,48396
2018-10-16,44.900001525878906,47.75,44.5,47.0,47.0,114407
2018-10-17,49.099998474121094,50.0,45.150001525878906,46.04999923706055,46.04999923706055,99965
2018-10-19,46.0,46.0,43.29999923706055,44.25,44.25,47365
2018-10-22,43.400001525878906,45.45000076293945,42.5,42.599998474121094,42.599998474121094,44928
2018-10-23,42.900001525878906,43.400001525878906,41.54999923706055,42.25,42.25,40331
2018-10-24,43.04999923706055,43.5,41.599998474121094,43.0,43.0,34706
2018-10-25,42.900001525878906,44.400001525878906,41.5,43.650001525878906,43.650001525878906,24671
2018-10-26,44.0,44.0,41.849998474121094,42.79999923706055,42.79999923706055,36067
2018-10-29,42.95000076293945,44.95000076293945,42.25,44.20000076293945,44.20000076293945,56523
2018-10-30,43.650001525878906,44.70000076293945,43.29999923706055,43.5,43.5,39696
2018-10-31,43.849998474121094,47.20000076293945,42.70000076293945,46.45000076293945,46.45000076293945,149841
2018-11-01,47.0,48.650001525878906,47.0,47.29999923706055,47.29999923706055,137672
2018-11-02,48.70000076293945,49.70000076293945,47.5,48.650001525878906,48.650001525878906,197031
2018-11-05,49.099998474121094,50.900001525878906,47.79999923706055,49.70000076293945,49.70000076293945,134778
2018-11-06,48.95000076293945,48.95000076293945,46.349998474121094,46.75,46.75,99337
2018-11-07,48.25,48.5,45.849998474121094,46.5,46.5,66790
2018-11-09,46.099998474121094,46.650001525878906,45.5,45.70000076293945,45.70000076293945,48366
2018-11-12,45.70000076293945,46.5,45.04999923706055,45.349998474121094,45.349998474121094,41521
2018-11-13,45.04999923706055,45.599998474121094,44.25,44.70000076293945,44.70000076293945,51658
2018-11-14,45.099998474121094,45.150001525878906,43.79999923706055,44.150001525878906,44.150001525878906,40308
2018-11-15,44.400001525878906,44.400001525878906,43.5,43.79999923706055,43.79999923706055,30047
2018-11-16,43.599998474121094,44.5,43.04999923706055,43.400001525878906,43.400001525878906,33423
2018-11-19,43.0,44.04999923706055,43.0,43.150001525878906,43.150001525878906,37279
2018-11-20,43.20000076293945,43.349998474121094,42.79999923706055,43.0,43.0,39836
2018-11-21,43.04999923706055,43.79999923706055,42.0,42.349998474121094,42.349998474121094,38392
2018-11-22,42.29999923706055,43.599998474121094,41.95000076293945,42.25,42.25,92758
2018-11-26,43.0,44.95000076293945,42.099998474121094,44.400001525878906,44.400001525878906,68828
2018-11-27,44.599998474121094,46.5,43.150001525878906,45.900001525878906,45.900001525878906,128217
2018-11-28,46.0,47.650001525878906,44.5,47.099998474121094,47.099998474121094,135264
2018-11-29,47.849998474121094,48.95000076293945,45.25,48.599998474121094,48.599998474121094,195202
2018-11-30,48.599998474121094,52.400001525878906,47.79999923706055,49.349998474121094,49.349998474121094,605923
2018-12-03,49.54999923706055,49.849998474121094,46.95000076293945,47.400001525878906,47.400001525878906,92092
2018-12-04,47.79999923706055,47.79999923706055,45.70000076293945,46.150001525878906,46.150001525878906,72324
2018-12-05,45.849998474121094,45.849998474121094,44.5,44.70000076293945,44.70000076293945,40285
2018-12-06,44.849998474121094,44.849998474121094,42.79999923706055,43.099998474121094,43.099998474121094,63068
2018-12-07,44.0,44.25,42.5,43.349998474121094,43.349998474121094,39785
2018-12-10,43.5,43.5,41.900001525878906,42.099998474121094,42.099998474121094,43834
2018-12-11,41.54999923706055,43.900001525878906,41.54999923706055,43.099998474121094,43.099998474121094,47856
2018-12-12,43.349998474121094,45.0,42.70000076293945,44.54999923706055,44.54999923706055,39523
2018-12-13,45.0,47.099998474121094,45.0,45.900001525878906,45.900001525878906,157044
2018-12-14,45.400001525878906,45.900001525878906,44.400001525878906,44.70000076293945,44.70000076293945,45074
2018-12-17,44.04999923706055,45.400001525878906,44.0,44.45000076293945,44.45000076293945,35210
2018-12-18,44.25,46.5,44.20000076293945,45.25,45.25,44323
2018-12-19,44.650001525878906,46.900001525878906,44.650001525878906,46.349998474121094,46.349998474121094,76827
2018-12-20,46.04999923706055,48.5,45.54999923706055,46.900001525878906,46.900001525878906,220059
2018-12-21,46.75,47.0,45.349998474121094,45.75,45.75,44036
2018-12-24,45.45000076293945,45.54999923706055,44.400001525878906,44.599998474121094,44.599998474121094,24767
2018-12-26,44.54999923706055,45.599998474121094,43.099998474121094,45.349998474121094,45.349998474121094,99700
2018-12-27,46.0,46.0,44.5,44.849998474121094,44.849998474121094,42310
2018-12-28,45.650001525878906,45.650001525878906,44.5,44.75,44.75,23685
2018-12-31,45.400001525878906,45.400001525878906,44.04999923706055,44.45000076293945,44.45000076293945,40008
2019-01-01,44.599998474121094,45.400001525878906,44.400001525878906,44.900001525878906,44.900001525878906,21480
2019-01-02,44.79999923706055,45.0,43.29999923706055,43.70000076293945,43.70000076293945,45764
2019-01-03,44.400001525878906,44.400001525878906,42.79999923706055,43.099998474121094,43.099998474121094,33286
2019-01-04,43.150001525878906,45.45000076293945,42.900001525878906,44.20000076293945,44.20000076293945,40199
2019-01-07,44.900001525878906,44.900001525878906,43.150001525878906,43.45000076293945,43.45000076293945,39752
2019-01-08,43.25,43.79999923706055,43.0,43.29999923706055,43.29999923706055,25307
2019-01-09,43.349998474121094,45.20000076293945,42.849998474121094,44.150001525878906,44.150001525878906,104353
2019-01-10,45.0,45.099998474121094,43.75,43.95000076293945,43.95000076293945,68922
2019-01-11,44.04999923706055,44.400001525878906,43.099998474121094,43.25,43.25,26779
2019-01-14,43.79999923706055,43.79999923706055,42.5,42.849998474121094,42.849998474121094,49321
2019-01-15,43.04999923706055,43.599998474121094,42.79999923706055,42.900001525878906,42.900001525878906,36174
2019-01-16,43.29999923706055,43.599998474121094,42.79999923706055,43.0,43.0,25991
2019-01-17,43.04999923706055,43.25,42.54999923706055,42.79999923706055,42.79999923706055,26401
2019-01-18,42.79999923706055,42.900001525878906,42.5,42.599998474121094,42.599998474121094,24283
2019-01-21,42.45000076293945,42.849998474121094,41.599998474121094,41.900001525878906,41.900001525878906,37002
2019-01-22,41.900001525878906,42.95000076293945,40.79999923706055,42.099998474121094,42.099998474121094,28093
2019-01-23,42.45000076293945,42.75,41.599998474121094,42.0,42.0,44901
2019-01-24,43.5,43.5,41.20000076293945,41.45000076293945,41.45000076293945,19502
2019-01-25,41.349998474121094,41.54999923706055,39.5,40.0,40.0,67968
2019-01-28,40.0,40.599998474121094,38.5,38.70000076293945,38.70000076293945,61393
2019-01-29,38.75,40.0,38.0,38.849998474121094,38.849998474121094,37474
2019-01-30,39.349998474121094,40.099998474121094,38.70000076293945,39.75,39.75,124134
2019-01-31,39.70000076293945,40.79999923706055,39.150001525878906,39.400001525878906,39.400001525878906,68960
2019-02-01,40.0,41.45000076293945,38.95000076293945,40.849998474121094,40.849998474121094,116038
2019-02-04,40.900001525878906,40.900001525878906,38.79999923706055,39.54999923706055,39.54999923706055,28871
2019-02-05,40.650001525878906,40.650001525878906,38.20000076293945,38.599998474121094,38.599998474121094,31653
2019-02-06,40.0,40.0,37.54999923706055,37.95000076293945,37.95000076293945,54933
2019-02-07,36.0,36.04999923706055,32.54999923706055,33.650001525878906,33.650001525878906,215473
2019-02-08,33.900001525878906,33.900001525878906,32.29999923706055,32.54999923706055,32.54999923706055,49429
2019-02-11,32.150001525878906,32.75,31.450000762939453,31.600000381469727,31.600000381469727,32246
2019-02-12,31.5,31.5,26.450000762939453,28.0,28.0,179101
2019-02-14,28.450000762939453,28.450000762939453,26.600000381469727,26.950000762939453,26.950000762939453,58705
2019-02-15,26.0,28.0,26.0,27.600000381469727,27.600000381469727,49326
2019-02-18,27.0,28.100000381469727,26.200000762939453,26.399999618530273,26.399999618530273,41465
2019-02-19,26.200000762939453,27.350000381469727,26.200000762939453,26.549999237060547,26.549999237060547,43163
2019-02-20,27.100000381469727,27.100000381469727,25.049999237060547,26.549999237060547,26.549999237060547,91335
2019-02-21,26.0,27.75,25.5,26.850000381469727,26.850000381469727,40140
2019-02-22,26.850000381469727,31.100000381469727,26.850000381469727,30.549999237060547,30.549999237060547,192522
2019-02-25,31.100000381469727,31.450000762939453,29.850000381469727,30.649999618530273,30.649999618530273,73131
2019-02-26,30.700000762939453,30.899999618530273,29.200000762939453,29.950000762939453,29.950000762939453,68137
2019-02-27,30.450000762939453,32.70000076293945,30.100000381469727,31.700000762939453,31.700000762939453,142866
2019-02-28,32.5,33.29999923706055,32.0,32.5,32.5,98381
2019-03-01,33.20000076293945,34.599998474121094,32.650001525878906,33.25,33.25,111667
2019-03-05,34.79999923706055,39.79999923706055,34.0,39.25,39.25,358490
2019-03-06,40.45000076293945,41.900001525878906,39.150001525878906,40.95000076293945,40.95000076293945,544667
2019-03-07,40.5,41.400001525878906,38.29999923706055,38.900001525878906,38.900001525878906,115604
2019-03-08,39.0,39.5,37.20000076293945,37.650001525878906,37.650001525878906,56953
2019-03-11,37.20000076293945,39.099998474121094,37.20000076293945,38.650001525878906,38.650001525878906,56080
2019-03-12,39.79999923706055,40.45000076293945,38.900001525878906,39.20000076293945,39.20000076293945,74670
2019-03-13,39.0,39.0,37.79999923706055,38.29999923706055,38.29999923706055,31616
2019-03-14,38.29999923706055,38.70000076293945,37.45000076293945,37.900001525878906,37.900001525878906,22413
2019-03-15,37.400001525878906,38.5,37.400001525878906,37.95000076293945,37.95000076293945,30425
2019-03-18,38.5,38.5,36.400001525878906,37.150001525878906,37.150001525878906,47355
2019-03-19,36.849998474121094,39.20000076293945,36.599998474121094,38.400001525878906,38.400001525878906,76027
2019-03-20,39.099998474121094,39.099998474121094,37.099998474121094,37.29999923706055,37.29999923706055,38800
2019-03-22,37.349998474121094,38.0,35.95000076293945,36.099998474121094,36.099998474121094,56294
2019-03-25,36.5,36.5,34.599998474121094,34.95000076293945,34.95000076293945,34976
2019-03-26,35.04999923706055,35.75,34.54999923706055,34.599998474121094,34.599998474121094,37670
2019-03-27,35.099998474121094,35.349998474121094,34.29999923706055,34.54999923706055,34.54999923706055,40438
2019-03-28,34.400001525878906,36.5,34.400001525878906,35.45000076293945,35.45000076293945,55438
2019-04-01,36.349998474121094,37.900001525878906,36.349998474121094,37.25,37.25,73121
2019-04-02,37.79999923706055,37.849998474121094,36.400001525878906,36.75,36.75,61254
2019-04-03,36.45000076293945,37.45000076293945,35.29999923706055,35.849998474121094,35.849998474121094,69507
2019-04-04,36.599998474121094,36.599998474121094,35.45000076293945,35.54999923706055,35.54999923706055,33628
2019-04-05,36.25,36.599998474121094,35.54999923706055,36.25,36.25,41349
2019-04-08,36.29999923706055,36.29999923706055,34.099998474121094,34.95000076293945,34.95000076293945,48365
2019-04-09,35.599998474121094,35.599998474121094,34.29999923706055,34.95000076293945,34.95000076293945,23323
2019-04-10,34.349998474121094,35.0,34.099998474121094,34.20000076293945,34.20000076293945,27657
2019-04-11,34.900001525878906,34.900001525878906,34.099998474121094,34.5,34.5,19206
2019-04-12,34.25,36.5,34.25,36.25,36.25,78115
2019-04-15,37.0,38.20000076293945,36.849998474121094,37.54999923706055,37.54999923706055,96368
2019-04-16,37.5,37.70000076293945,36.70000076293945,37.5,37.5,35744
2019-04-18,37.0,37.70000076293945,35.599998474121094,36.150001525878906,36.150001525878906,25598
2019-04-22,41.0,43.0,40.599998474121094,42.25,42.25,1432896
2019-04-23,42.0,42.900001525878906,39.04999923706055,39.400001525878906,39.400001525878906,411417
2019-04-24,39.70000076293945,39.75,38.54999923706055,39.349998474121094,39.349998474121094,94490
2019-04-25,38.599998474121094,39.599998474121094,38.45000076293945,38.599998474121094,38.599998474121094,43107
2019-04-26,38.75,38.75,37.54999923706055,37.650001525878906,37.650001525878906,52294
2019-04-30,38.70000076293945,38.70000076293945,35.25,35.650001525878906,35.650001525878906,93832
2019-05-02,35.5,36.79999923706055,34.79999923706055,36.0,36.0,37291
2019-05-03,35.29999923706055,36.650001525878906,35.099998474121094,35.849998474121094,35.849998474121094,34559
2019-05-06,35.0,36.25,35.0,35.20000076293945,35.20000076293945,20115
2019-05-07,35.349998474121094,35.849998474121094,34.5,34.599998474121094,34.599998474121094,44331
2019-05-08,34.5,34.599998474121094,33.70000076293945,33.79999923706055,33.79999923706055,35249
2019-05-09,34.5,34.5,33.04999923706055,33.54999923706055,33.54999923706055,44077
2019-05-10,33.25,34.099998474121094,33.20000076293945,33.400001525878906,33.400001525878906,30966
2019-05-13,33.04999923706055,33.95000076293945,32.75,32.95000076293945,32.95000076293945,27471
2019-05-14,32.400001525878906,34.349998474121094,32.0,33.54999923706055,33.54999923706055,45077
2019-05-15,33.75,34.20000076293945,32.099998474121094,32.5,32.5,42630
2019-05-16,32.849998474121094,33.20000076293945,31.649999618530273,32.75,32.75,51385
2019-05-17,32.5,33.900001525878906,32.5,33.45000076293945,33.45000076293945,33717
2019-05-20,34.5,35.79999923706055,33.70000076293945,35.45000076293945,35.45000076293945,80712
2019-05-21,35.95000076293945,35.95000076293945,33.79999923706055,34.25,34.25,48751
2019-05-22,33.75,34.849998474121094,33.650001525878906,34.599998474121094,34.599998474121094,47548
2019-05-23,35.79999923706055,35.849998474121094,33.349998474121094,33.54999923706055,33.54999923706055,50436
2019-05-24,34.150001525878906,35.79999923706055,34.04999923706055,35.5,35.5,67658
2019-05-27,38.0,38.0,36.5,36.75,36.75,91963
2019-05-28,35.5,35.95000076293945,34.29999923706055,35.400001525878906,35.400001525878906,140151
2019-05-29,35.29999923706055,36.0,35.29999923706055,35.45000076293945,35.45000076293945,37685
2019-05-30,35.25,35.79999923706055,35.0,35.20000076293945,35.20000076293945,23897
2019-05-31,35.45000076293945,35.54999923706055,32.20000076293945,33.0,33.0,149626
2019-06-03,33.599998474121094,34.95000076293945,33.599998474121094,34.20000076293945,34.20000076293945,104490
2019-06-04,35.099998474121094,35.650001525878906,34.400001525878906,34.70000076293945,34.70000076293945,91159
2019-06-06,35.29999923706055,35.29999923706055,33.79999923706055,34.29999923706055,34.29999923706055,34722
2019-06-07,33.849998474121094,34.5,32.79999923706055,33.75,33.75,55245
2019-06-10,34.20000076293945,34.349998474121094,33.0,33.150001525878906,33.150001525878906,30015
2019-06-11,33.099998474121094,33.75,32.400001525878906,32.70000076293945,32.70000076293945,26796
2019-06-12,32.95000076293945,33.400001525878906,32.20000076293945,32.650001525878906,32.650001525878906,17960
2019-06-13,32.400001525878906,33.29999923706055,31.5,32.20000076293945,32.20000076293945,31644
2019-06-14,32.04999923706055,32.099998474121094,31.450000762939453,31.600000381469727,31.600000381469727,26280
2019-06-17,31.5,31.899999618530273,30.100000381469727,30.450000762939453,30.450000762939453,40442
2019-06-18,30.450000762939453,30.700000762939453,28.200000762939453,29.200000762939453,29.200000762939453,59307
2019-06-19,29.200000762939453,30.799999237060547,27.399999618530273,28.149999618530273,28.149999618530273,52667
2019-06-20,28.100000381469727,30.399999618530273,27.0,29.950000762939453,29.950000762939453,81227
2019-06-21,30.600000381469727,30.600000381469727,29.0,29.399999618530273,29.399999618530273,23277
2019-06-24,30.0,30.0,28.399999618530273,29.049999237060547,29.049999237060547,19836
2019-06-25,28.950000762939453,29.799999237060547,28.850000381469727,29.0,29.0,27753
2019-06-26,29.0,30.25,28.899999618530273,29.799999237060547,29.799999237060547,28780
2019-06-27,30.25,30.450000762939453,28.799999237060547,29.649999618530273,29.649999618530273,28553
2019-06-28,29.649999618530273,30.299999237060547,29.299999237060547,29.850000381469727,29.850000381469727,13508
2019-07-01,29.549999237060547,31.649999618530273,29.0,31.0,31.0,47570
2019-07-02,31.149999618530273,31.950000762939453,30.100000381469727,30.149999618530273,30.149999618530273,21377
2019-07-03,30.0,30.799999237060547,29.200000762939453,29.799999237060547,29.799999237060547,23509
2019-07-04,29.549999237060547,30.399999618530273,29.5,29.799999237060547,29.799999237060547,18225
2019-07-05,30.25,30.299999237060547,28.350000381469727,29.149999618530273,29.149999618530273,28739
2019-07-08,29.0,29.0,28.0,28.200000762939453,28.200000762939453,18718
2019-07-09,28.549999237060547,28.549999237060547,27.0,27.5,27.5,59793
2019-07-10,28.100000381469727,28.700000762939453,27.0,27.75,27.75,14828
2019-07-11,27.049999237060547,27.850000381469727,27.049999237060547,27.549999237060547,27.549999237060547,23155
2019-07-12,27.149999618530273,27.700000762939453,26.350000381469727,26.899999618530273,26.899999618530273,25648
2019-07-15,27.049999237060547,27.049999237060547,26.100000381469727,26.350000381469727,26.350000381469727,34574
2019-07-16,27.399999618530273,27.399999618530273,26.5,26.75,26.75,28732
2019-07-17,27.850000381469727,27.850000381469727,26.450000762939453,26.549999237060547,26.549999237060547,18834
2019-07-18,26.350000381469727,27.350000381469727,25.399999618530273,25.649999618530273,25.649999618530273,25776
2019-07-19,26.5,26.5,23.899999618530273,24.450000762939453,24.450000762939453,60633
2019-07-22,24.100000381469727,24.149999618530273,22.649999618530273,23.25,23.25,55541
2019-07-23,24.399999618530273,24.5,23.5,23.899999618530273,23.899999618530273,20009
2019-07-24,24.850000381469727,24.850000381469727,22.950000762939453,23.149999618530273,23.149999618530273,45181
2019-07-25,22.700000762939453,24.5,22.700000762939453,22.799999237060547,22.799999237060547,28185
2019-07-26,22.649999618530273,23.299999237060547,21.399999618530273,22.899999618530273,22.899999618530273,43054
2019-07-29,22.0,22.649999618530273,21.350000381469727,21.649999618530273,21.649999618530273,34893
2019-07-30,22.549999237060547,22.549999237060547,19.5,19.75,19.75,57706
2019-07-31,19.899999618530273,20.25,18.200000762939453,19.549999237060547,19.549999237060547,99878
2019-08-01,19.600000381469727,19.600000381469727,18.100000381469727,18.799999237060547,18.799999237060547,38939
2019-08-02,18.600000381469727,19.5,17.299999237060547,19.0,19.0,32602
2019-08-05,19.0,19.0,17.549999237060547,18.100000381469727,18.100000381469727,38758
2019-08-06,18.200000762939453,19.450000762939453,17.399999618530273,19.149999618530273,19.149999618530273,34350
2019-08-07,19.75,20.450000762939453,18.799999237060547,19.0,19.0,73743
2019-08-08,19.100000381469727,19.950000762939453,18.600000381469727,19.299999237060547,19.299999237060547,25339
2019-08-09,20.799999237060547,21.25,19.899999618530273,20.100000381469727,20.100000381469727,74683
2019-08-13,20.950000762939453,21.200000762939453,18.549999237060547,18.899999618530273,18.899999618530273,53172
2019-08-14,19.0,19.799999237060547,18.600000381469727,19.649999618530273,19.649999618530273,29059
2019-08-16,19.5,19.5,18.700000762939453,19.149999618530273,19.149999618530273,17693
2019-08-19,19.549999237060547,20.399999618530273,18.0,18.600000381469727,18.600000381469727,23901
2019-08-20,18.600000381469727,19.350000381469727,18.299999237060547,19.200000762939453,19.200000762939453,23223
2019-08-21,19.0,20.399999618530273,19.0,19.450000762939453,19.450000762939453,49923
2019-08-22,19.950000762939453,19.950000762939453,17.75,17.950000762939453,17.950000762939453,36597
2019-08-23,17.700000762939453,19.100000381469727,17.25,18.799999237060547,18.799999237060547,61857
2019-08-26,20.399999618530273,20.5,19.049999237060547,19.850000381469727,19.850000381469727,39828
2019-08-27,19.75,20.25,19.25,19.649999618530273,19.649999618530273,31111
2019-08-28,20.0,20.0,18.399999618530273,18.799999237060547,18.799999237060547,48222
2019-08-29,19.049999237060547,19.75,18.0,18.600000381469727,18.600000381469727,20445
2019-08-30,19.200000762939453,19.399999618530273,18.549999237060547,18.899999618530273,18.899999618530273,23297
2019-09-03,19.899999618530273,22.299999237060547,18.200000762939453,18.950000762939453,18.950000762939453,135362
2019-09-04,19.600000381469727,21.799999237060547,18.299999237060547,19.350000381469727,19.350000381469727,49154
2019-09-05,19.899999618530273,22.700000762939453,19.25,20.950000762939453,20.950000762939453,104688
2019-09-06,21.799999237060547,21.950000762939453,19.5,20.450000762939453,20.450000762939453,112319
2019-09-09,21.0,21.100000381469727,19.799999237060547,20.799999237060547,20.799999237060547,28167
2019-09-11,21.200000762939453,23.649999618530273,20.75,23.200000762939453,23.200000762939453,202907
2019-09-12,24.0,25.5,24.0,24.5,24.5,200408
2019-09-13,24.5,25.399999618530273,24.399999618530273,25.100000381469727,25.100000381469727,77189
2019-09-16,25.0,25.0,23.600000381469727,24.649999618530273,24.649999618530273,32831
2019-09-17,24.850000381469727,25.0,23.049999237060547,23.25,23.25,39188
2019-09-18,23.049999237060547,24.850000381469727,22.450000762939453,24.200000762939453,24.200000762939453,56576
2019-09-19,24.0,24.0,22.600000381469727,23.049999237060547,23.049999237060547,28248
2019-09-20,23.850000381469727,26.200000762939453,22.899999618530273,25.649999618530273,25.649999618530273,191971
2019-09-23,27.799999237060547,28.899999618530273,25.0,26.600000381469727,26.600000381469727,107226
2019-09-24,26.950000762939453,26.950000762939453,23.75,24.899999618530273,24.899999618530273,81379
2019-09-25,25.399999618530273,25.450000762939453,23.350000381469727,23.649999618530273,23.649999618530273,23527
2019-09-26,23.600000381469727,24.25,23.5,23.850000381469727,23.850000381469727,25367
2019-09-27,23.899999618530273,25.0,23.549999237060547,23.649999618530273,23.649999618530273,63740
2019-09-30,23.75,24.399999618530273,23.0,23.100000381469727,23.100000381469727,25421
2019-10-01,23.899999618530273,23.899999618530273,21.649999618530273,21.850000381469727,21.850000381469727,61300
2019-10-03,23.0,23.149999618530273,21.899999618530273,22.100000381469727,22.100000381469727,113011
2019-10-04,23.0,23.0,21.549999237060547,21.700000762939453,21.700000762939453,33789
2019-10-07,22.350000381469727,22.350000381469727,20.799999237060547,20.850000381469727,20.850000381469727,32670
2019-10-09,20.850000381469727,21.399999618530273,20.25,20.899999618530273,20.899999618530273,42641
2019-10-10,21.299999237060547,21.799999237060547,20.399999618530273,21.350000381469727,21.350000381469727,35737
2019-10-11,21.600000381469727,21.700000762939453,21.0,21.25,21.25,11315
2019-10-14,21.25,21.600000381469727,20.649999618530273,21.0,21.0,22044
2019-10-15,21.0,21.799999237060547,20.649999618530273,21.350000381469727,21.350000381469727,25702
2019-10-16,21.399999618530273,21.950000762939453,21.049999237060547,21.5,21.5,43424
2019-10-17,20.600000381469727,22.549999237060547,20.600000381469727,22.100000381469727,22.100000381469727,44980
2019-10-18,22.100000381469727,23.450000762939453,21.25,22.649999618530273,22.649999618530273,49008
2019-10-22,23.350000381469727,23.350000381469727,21.899999618530273,22.049999237060547,22.049999237060547,25985
2019-10-23,22.5,22.5,21.600000381469727,21.700000762939453,21.700000762939453,35933
2019-10-24,22.100000381469727,23.5,22.0,22.649999618530273,22.649999618530273,123840
2019-10-25,22.700000762939453,22.700000762939453,22.049999237060547,22.200000762939453,22.200000762939453,18580
2019-10-29,22.450000762939453,24.0,22.399999618530273,23.200000762939453,23.200000762939453,56367
2019-10-30,23.100000381469727,23.799999237060547,22.5,23.149999618530273,23.149999618530273,28378
2019-10-31,23.950000762939453,24.399999618530273,23.299999237060547,23.549999237060547,23.549999237060547,93107
2019-11-01,23.899999618530273,24.399999618530273,23.100000381469727,23.450000762939453,23.450000762939453,56252
2019-11-04,23.399999618530273,25.0,22.799999237060547,24.049999237060547,24.049999237060547,78774
2019-11-05,24.100000381469727,26.899999618530273,23.549999237060547,26.149999618530273,26.149999618530273,292264
2019-11-06,26.399999618530273,26.75,25.450000762939453,26.049999237060547,26.049999237060547,121253
2019-11-07,26.299999237060547,26.950000762939453,25.649999618530273,26.149999618530273,26.149999618530273,139815
2019-11-08,26.049999237060547,26.700000762939453,25.5,26.399999618530273,26.399999618530273,112735
2019-11-11,26.200000762939453,30.600000381469727,26.200000762939453,29.450000762939453,29.450000762939453,1417284
2019-11-13,29.799999237060547,31.200000762939453,29.600000381469727,29.850000381469727,29.850000381469727,598985
2019-11-14,29.799999237060547,29.799999237060547,26.600000381469727,26.75,26.75,314397
2019-11-15,27.299999237060547,28.5,25.850000381469727,26.100000381469727,26.100000381469727,324606
2019-11-18,26.399999618530273,26.5,25.200000762939453,25.850000381469727,25.850000381469727,129116
2019-11-19,27.100000381469727,27.100000381469727,25.549999237060547,25.799999237060547,25.799999237060547,235793
2019-11-20,25.799999237060547,26.0,25.049999237060547,25.5,25.5,111327
2019-11-21,25.5,26.0,25.0,25.100000381469727,25.100000381469727,77999
2019-11-22,25.450000762939453,26.200000762939453,24.700000762939453,25.600000381469727,25.600000381469727,196496
2019-11-25,25.600000381469727,25.649999618530273,24.950000762939453,25.25,25.25,119241
2019-11-26,25.299999237060547,26.0,24.850000381469727,25.200000762939453,25.200000762939453,127300
2019-11-27,26.049999237060547,26.5,25.25,25.350000381469727,25.350000381469727,158485
2019-11-28,25.25,25.399999618530273,24.950000762939453,25.0,25.0,44450
2019-11-29,25.100000381469727,25.450000762939453,24.25,24.799999237060547,24.799999237060547,84950
2019-12-02,24.5,24.799999237060547,23.799999237060547,24.0,24.0,91868
2019-12-03,23.700000762939453,24.0,22.75,23.049999237060547,23.049999237060547,76798
2019-12-04,23.200000762939453,24.549999237060547,22.5,23.700000762939453,23.700000762939453,78424
2019-12-05,23.75,24.299999237060547,23.5,23.649999618530273,23.649999618530273,29283
2019-12-06,23.299999237060547,23.850000381469727,23.0,23.100000381469727,23.100000381469727,35787
2019-12-09,23.299999237060547,24.0,22.649999618530273,22.850000381469727,22.850000381469727,55540
2019-12-10,22.799999237060547,23.450000762939453,21.649999618530273,22.049999237060547,22.049999237060547,39560
2019-12-11,22.149999618530273,22.350000381469727,21.0,21.299999237060547,21.299999237060547,73019
2019-12-12,22.0,22.0,20.700000762939453,21.100000381469727,21.100000381469727,100652
2019-12-13,21.600000381469727,22.850000381469727,21.149999618530273,22.600000381469727,22.600000381469727,84890
2019-12-16,22.950000762939453,22.950000762939453,21.649999618530273,22.200000762939453,22.200000762939453,46465
2019-12-17,22.200000762939453,23.5,21.649999618530273,23.100000381469727,23.100000381469727,99162
2019-12-18,23.149999618530273,23.5,22.5,22.799999237060547,22.799999237060547,79556
2019-12-19,22.149999618530273,23.25,22.149999618530273,22.850000381469727,22.850000381469727,79253
2019-12-20,22.549999237060547,23.200000762939453,22.5,22.700000762939453,22.700000762939453,58032
2019-12-23,23.0,23.0,22.0,22.5,22.5,30927
2019-12-24,22.600000381469727,22.799999237060547,22.0,22.200000762939453,22.200000762939453,36764
2019-12-26,22.399999618530273,24.450000762939453,22.049999237060547,23.0,23.0,169895
2019-12-27,23.350000381469727,23.700000762939453,22.700000762939453,22.950000762939453,22.950000762939453,32449
2019-12-30,23.049999237060547,23.450000762939453,22.100000381469727,22.950000762939453,22.950000762939453,63040
2019-12-31,22.850000381469727,23.25,22.399999618530273,22.899999618530273,22.899999618530273,33542
2020-01-01,22.799999237060547,23.5,22.600000381469727,23.25,23.25,42863
2020-01-02,23.700000762939453,24.700000762939453,23.0,23.75,23.75,123642
2020-01-03,23.75,24.399999618530273,23.25,23.5,23.5,79179
2020-01-06,23.5,23.5,22.149999618530273,22.450000762939453,22.450000762939453,54262
2020-01-07,22.450000762939453,23.350000381469727,22.450000762939453,22.850000381469727,22.850000381469727,36117
2020-01-08,22.5,22.950000762939453,22.200000762939453,22.649999618530273,22.649999618530273,39035
2020-01-09,22.649999618530273,23.5,22.649999618530273,22.950000762939453,22.950000762939453,43607
2020-01-10,23.0,24.0,22.549999237060547,23.100000381469727,23.100000381469727,114691
2020-01-13,23.100000381469727,24.850000381469727,23.0,23.5,23.5,112126
2020-01-14,23.5,24.200000762939453,23.200000762939453,23.549999237060547,23.549999237060547,56661
2020-01-15,23.549999237060547,24.5,23.25,24.299999237060547,24.299999237060547,91968
2020-01-16,24.5,26.25,23.850000381469727,25.450000762939453,25.450000762939453,284301
2020-01-17,25.799999237060547,26.100000381469727,24.600000381469727,25.049999237060547,25.049999237060547,118650
2020-01-20,24.950000762939453,25.200000762939453,24.200000762939453,24.350000381469727,24.350000381469727,64931
2020-01-21,23.850000381469727,24.75,23.649999618530273,24.399999618530273,24.399999618530273,70967
2020-01-22,24.75,26.149999618530273,24.149999618530273,24.25,24.25,161952
2020-01-23,24.200000762939453,24.399999618530273,23.799999237060547,24.200000762939453,24.200000762939453,46072
2020-01-24,23.799999237060547,24.5,23.799999237060547,24.100000381469727,24.100000381469727,58086
2020-01-27,23.899999618530273,26.200000762939453,23.899999618530273,25.25,25.25,307785
2020-01-28,25.25,25.799999237060547,24.5,24.700000762939453,24.700000762939453,41776
2020-01-29,25.200000762939453,26.0,25.049999237060547,25.450000762939453,25.450000762939453,92642
2020-01-30,25.0,25.149999618530273,23.799999237060547,24.049999237060547,24.049999237060547,53237
2020-01-31,24.350000381469727,24.899999618530273,23.5,23.950000762939453,23.950000762939453,41447
2020-02-03,23.399999618530273,23.799999237060547,22.149999618530273,22.25,22.25,32383
2020-02-04,22.25,23.0,22.200000762939453,22.700000762939453,22.700000762939453,58590
2020-02-05,23.25,23.700000762939453,23.049999237060547,23.25,23.25,47384
2020-02-06,23.299999237060547,23.700000762939453,22.299999237060547,23.25,23.25,40246
2020-02-07,24.5,25.200000762939453,23.399999618530273,23.850000381469727,23.850000381469727,72949
2020-02-10,23.850000381469727,23.950000762939453,22.200000762939453,22.950000762939453,22.950000762939453,37221
2020-02-11,22.299999237060547,23.299999237060547,22.149999618530273,22.350000381469727,22.350000381469727,90272
2020-02-12,22.0,22.450000762939453,21.850000381469727,22.049999237060547,22.049999237060547,39626
2020-02-13,21.549999237060547,21.850000381469727,21.100000381469727,21.350000381469727,21.350000381469727,51825
2020-02-14,21.299999237060547,22.100000381469727,20.549999237060547,20.75,20.75,111125
2020-02-17,21.299999237060547,21.299999237060547,19.100000381469727,19.299999237060547,19.299999237060547,76571
2020-02-18,19.25,19.899999618530273,18.549999237060547,19.299999237060547,19.299999237060547,91947
2020-02-19,18.75,19.649999618530273,18.75,18.899999618530273,18.899999618530273,67922
2020-02-20,19.450000762939453,19.450000762939453,18.75,18.850000381469727,18.850000381469727,63205
2020-02-24,18.899999618530273,19.200000762939453,18.200000762939453,18.450000762939453,18.450000762939453,46649
2020-02-25,18.899999618530273,18.899999618530273,17.700000762939453,17.799999237060547,17.799999237060547,52775
2020-02-26,17.600000381469727,18.0,17.5,17.799999237060547,17.799999237060547,55808
2020-02-27,17.799999237060547,17.950000762939453,17.25,17.399999618530273,17.399999618530273,40498
2020-02-28,17.549999237060547,17.549999237060547,16.149999618530273,16.850000381469727,16.850000381469727,50973
2020-03-02,16.850000381469727,18.0,16.100000381469727,16.850000381469727,16.850000381469727,71671
2020-03-03,16.649999618530273,17.5,16.049999237060547,16.850000381469727,16.850000381469727,78923
2020-03-04,16.850000381469727,16.950000762939453,15.5,16.0,16.0,59498
2020-03-05,16.149999618530273,16.75,15.300000190734863,16.399999618530273,16.399999618530273,49147
2020-03-06,16.200000762939453,16.200000762939453,14.899999618530273,15.25,15.25,62008
2020-03-09,14.800000190734863,14.850000381469727,12.899999618530273,13.199999809265137,13.199999809265137,188681
2020-03-11,13.5,15.0,11.800000190734863,14.5,14.5,111716
2020-03-12,12.850000381469727,13.149999618530273,12.199999809265137,12.5,12.5,112848
2020-03-13,11.149999618530273,13.5,10.100000381469727,13.300000190734863,13.300000190734863,87857
2020-03-16,13.0,13.0,11.300000190734863,11.949999809265137,11.949999809265137,101364
2020-03-17,12.050000190734863,12.949999809265137,11.300000190734863,11.550000190734863,11.550000190734863,74468
2020-03-18,11.550000190734863,11.850000381469727,10.399999618530273,10.800000190734863,10.800000190734863,113025
2020-03-19,11.100000381469727,11.100000381469727,9.949999809265137,10.199999809265137,10.199999809265137,98935
2020-03-20,10.050000190734863,10.699999809265137,9.699999809265137,10.300000190734863,10.300000190734863,96963
2020-03-23,8.699999809265137,10.0,8.5,9.199999809265137,9.199999809265137,91303
2020-03-24,9.0,9.550000190734863,8.050000190734863,8.699999809265137,8.699999809265137,54858
2020-03-25,8.649999618530273,9.199999809265137,8.149999618530273,8.850000381469727,8.850000381469727,75543
2020-03-26,9.100000381469727,9.699999809265137,8.949999809265137,9.649999618530273,9.649999618530273,61291
2020-03-27,10.449999809265137,10.600000381469727,9.399999618530273,9.550000190734863,9.550000190734863,62964
2020-03-30,10.350000381469727,10.350000381469727,8.949999809265137,9.100000381469727,9.100000381469727,56063
2020-03-31,9.25,9.899999618530273,9.050000190734863,9.600000381469727,9.600000381469727,34945
2020-04-01,9.350000381469727,9.75,9.199999809265137,9.550000190734863,9.550000190734863,21969
2020-04-03,9.449999809265137,10.199999809265137,9.300000190734863,10.0,10.0,35716
2020-04-07,10.25,10.75,10.25,10.600000381469727,10.600000381469727,39959
2020-04-08,10.550000190734863,11.25,10.350000381469727,11.149999618530273,11.149999618530273,139740
2020-04-09,11.399999618530273,12.25,11.25,12.25,12.25,123015
2020-04-13,12.300000190734863,12.850000381469727,11.699999809265137,11.800000190734863,11.800000190734863,114667
2020-04-15,12.350000381469727,12.350000381469727,11.850000381469727,12.0,12.0,77517
2020-04-16,12.199999809265137,12.199999809265137,11.649999618530273,12.149999618530273,12.149999618530273,51129
2020-04-17,12.600000381469727,12.600000381469727,11.899999618530273,12.149999618530273,12.149999618530273,166558
2020-04-20,12.399999618530273,12.399999618530273,11.649999618530273,11.800000190734863,11.800000190734863,126503
2020-04-21,11.800000190734863,11.850000381469727,11.399999618530273,11.449999809265137,11.449999809265137,43296
2020-04-22,11.449999809265137,11.850000381469727,10.949999809265137,11.75,11.75,56349
2020-04-23,12.199999809265137,12.199999809265137,11.399999618530273,11.550000190734863,11.550000190734863,58552
2020-04-24,11.649999618530273,11.699999809265137,11.0,11.0,11.0,61240
2020-04-27,11.0,11.5,10.5,11.0,11.0,103514
2020-04-28,11.100000381469727,11.25,10.899999618530273,11.0,11.0,10690
2020-04-29,10.850000381469727,11.25,10.800000190734863,10.949999809265137,10.949999809265137,72152
2020-04-30,11.199999809265137,11.399999618530273,10.5,11.0,11.0,129810
2020-05-04,10.899999618530273,11.0,10.449999809265137,10.949999809265137,10.949999809265137,60437
2020-05-05,10.649999618530273,11.0,10.600000381469727,10.649999618530273,10.649999618530273,21591
2020-05-06,10.699999809265137,10.850000381469727,10.300000190734863,10.649999618530273,10.649999618530273,34711
2020-05-07,10.899999618530273,11.0,10.399999618530273,10.550000190734863,10.550000190734863,28143
2020-05-08,10.899999618530273,10.899999618530273,10.399999618530273,10.449999809265137,10.449999809265137,16249
2020-05-11,10.800000190734863,10.850000381469727,10.5,10.550000190734863,10.550000190734863,46114
2020-05-12,10.5,10.550000190734863,10.199999809265137,10.350000381469727,10.350000381469727,17977
2020-05-13,10.850000381469727,10.850000381469727,10.600000381469727,10.75,10.75,41854
2020-05-14,10.800000190734863,10.850000381469727,10.350000381469727,10.699999809265137,10.699999809265137,25455
2020-05-15,10.850000381469727,10.850000381469727,10.399999618530273,10.550000190734863,10.550000190734863,26909
2020-05-18,11.0,11.0,10.050000190734863,10.100000381469727,10.100000381469727,64608
2020-05-19,10.199999809265137,10.600000381469727,10.100000381469727,10.600000381469727,10.600000381469727,39389
2020-05-20,10.899999618530273,10.899999618530273,10.199999809265137,10.600000381469727,10.600000381469727,29316
2020-05-21,10.899999618530273,10.899999618530273,10.350000381469727,10.550000190734863,10.550000190734863,39246
2020-05-22,10.550000190734863,10.949999809265137,10.399999618530273,10.5,10.5,36329
2020-05-26,10.800000190734863,10.800000190734863,10.399999618530273,10.649999618530273,10.649999618530273,34167
2020-05-27,10.899999618530273,10.899999618530273,10.600000381469727,10.699999809265137,10.699999809265137,25446
2020-05-28,10.949999809265137,10.949999809265137,10.699999809265137,10.800000190734863,10.800000190734863,95947
2020-05-29,10.899999618530273,11.300000190734863,10.800000190734863,11.300000190734863,11.300000190734863,143755
2020-06-01,11.850000381469727,11.850000381469727,11.649999618530273,11.850000381469727,11.850000381469727,34648
2020-06-02,12.399999618530273,12.399999618530273,12.050000190734863,12.399999618530273,12.399999618530273,43634
2020-06-03,12.949999809265137,13.0,12.949999809265137,13.0,13.0,61494
2020-06-04,13.649999618530273,13.649999618530273,13.649999618530273,13.649999618530273,13.649999618530273,23520
2020-06-05,15.0,15.0,14.5,15.0,15.0,120165
