Date,Open,High,Low,Close,Adj Close,Volume
2005-10-19,127.80000305175781,139.74000549316406,116.05000305175781,138.57000732421875,131.45867919921875,152125030
2005-10-20,140.1999969482422,141.5500030517578,127.4000015258789,129.3800048828125,122.74029541015625,39078530
2005-10-21,127.05000305175781,139.0,127.05000305175781,134.77000427246094,127.85368347167969,25623135
2005-10-24,137.39999389648438,138.0,129.66000366210938,130.7899932861328,124.07792663574219,11125060
2005-10-25,128.25999450683594,132.72999572753906,128.25999450683594,131.83999633789062,125.07405090332031,6320275
2005-10-26,131.97999572753906,138.36000061035156,130.07000732421875,137.5800018310547,130.5194549560547,13556210
2005-10-27,137.77999877929688,140.74000549316406,132.24000549316406,135.1699981689453,128.233154296875,13478755
2005-10-28,134.0,134.60000610351562,130.07000732421875,131.1300048828125,124.40048217773438,5256020
2005-10-31,133.0,144.0,131.1999969482422,142.9199981689453,135.58543395996094,12006200
2005-11-02,142.0,148.27999877929688,136.9600067138672,147.4199981689453,139.8544921875,16290765
2005-11-07,148.0,152.97999572753906,142.05999755859375,145.07000732421875,137.62510681152344,13134575
2005-11-08,146.75999450683594,158.39999389648438,145.5,152.72999572753906,144.89198303222656,15359750
2005-11-09,152.0,157.1999969482422,147.9499969482422,149.30999755859375,141.64749145507812,13900770
2005-11-10,150.60000610351562,154.13999938964844,149.3000030517578,152.39999389648438,144.57891845703125,8491745
2005-11-11,152.8000030517578,156.7899932861328,152.60000610351562,155.13999938964844,147.1782989501953,7659220
2005-11-14,154.77000427246094,155.77999877929688,150.0,150.4600067138672,142.73849487304688,6335365
2005-11-16,157.8000030517578,157.8000030517578,149.61000061035156,150.2899932861328,142.5771942138672,4455860
2005-11-17,151.02999877929688,154.9600067138672,150.0,152.75999450683594,144.92044067382812,5896255
2005-11-18,153.0,155.1999969482422,150.39999389648438,151.17999267578125,143.42152404785156,3805950
2005-11-21,151.39999389648438,153.14999389648438,148.0,148.82000732421875,141.1826629638672,4800235
2005-11-22,148.60000610351562,150.17999267578125,145.64999389648438,146.35000610351562,138.83941650390625,4998260
2005-11-23,147.50999450683594,149.16000366210938,145.1999969482422,148.08999633789062,140.4901123046875,3798875
2005-11-24,149.0,151.0,147.8000030517578,148.6300048828125,141.0023956298828,5535315
2005-11-25,149.97999572753906,152.5,149.39999389648438,151.82000732421875,144.02870178222656,5412840
2005-11-28,155.60000610351562,164.94000244140625,155.1999969482422,164.25999450683594,155.83026123046875,9745870
2005-11-29,165.0,173.0,165.0,171.2899932861328,162.49949645996094,15172620
2005-11-30,172.0399932861328,177.57000732421875,168.52999877929688,170.25999450683594,161.52235412597656,14510380
2005-12-01,175.97999572753906,175.97999572753906,169.7100067138672,172.74000549316406,163.87509155273438,6841795
2005-12-02,174.74000549316406,174.89999389648438,166.64999389648438,167.52999877929688,158.9324493408203,5111630
2005-12-05,169.13999938964844,170.77999877929688,167.5800018310547,169.0399932861328,160.3649444580078,3243455
2005-12-06,170.8699951171875,170.8699951171875,163.6999969482422,164.32000732421875,155.88720703125,4279940
2005-12-07,166.0,167.36000061035156,160.80999755859375,162.9199981689453,154.5590362548828,6883820
2005-12-08,163.74000549316406,166.36000061035156,163.02999877929688,165.3800048828125,156.89279174804688,3812640
2005-12-09,166.0,179.99000549316406,165.8000030517578,178.0800018310547,168.9410400390625,12293315
2005-12-12,178.0,187.74000549316406,174.39999389648438,181.36000061035156,172.05270385742188,23619695
2005-12-13,180.1999969482422,185.27999877929688,180.1999969482422,182.52000427246094,173.15318298339844,8266150
2005-12-14,182.67999267578125,189.39999389648438,181.0,186.8800048828125,177.2894287109375,13302130
2005-12-15,187.25999450683594,189.9600067138672,177.6199951171875,180.5399932861328,171.2747802734375,9485350
2005-12-16,182.97999572753906,185.99000549316406,180.8300018310547,184.69000244140625,175.21180725097656,5438980
2005-12-19,185.39999389648438,188.1999969482422,181.99000549316406,183.99000549316406,174.54776000976562,5429610
2005-12-20,184.39999389648438,186.27000427246094,179.3000030517578,180.6999969482422,171.42657470703125,6548850
2005-12-21,183.3000030517578,183.3000030517578,178.02000427246094,179.77999877929688,170.5537872314453,4050465
2005-12-22,181.0,181.39999389648438,175.24000549316406,176.60000610351562,167.53700256347656,3967630
2005-12-23,177.5800018310547,178.55999755859375,174.60000610351562,175.4199981689453,166.4175567626953,2956115
2005-12-26,177.0800018310547,177.0800018310547,170.39999389648438,171.66000366210938,162.8505096435547,2599940
2005-12-27,172.0,179.13999938964844,169.1999969482422,178.4499969482422,169.2920379638672,3514870
2005-12-28,179.4199981689453,181.3300018310547,176.4199981689453,177.0800018310547,167.9923553466797,3356815
2005-12-29,181.39999389648438,181.39999389648438,174.39999389648438,175.2100067138672,166.21832275390625,3149530
2005-12-30,176.39999389648438,180.8000030517578,176.0,178.92999267578125,169.74740600585938,2532065
2006-01-02,180.0,181.0,177.83999633789062,179.2100067138672,170.0130615234375,1642870
2006-01-03,180.0,181.0,178.8000030517578,179.3000030517578,170.0984344482422,1066605
2006-01-04,180.60000610351562,183.08999633789062,179.33999633789062,180.6699981689453,171.3981170654297,1965285
2006-01-05,181.2899932861328,182.0,178.7899932861328,179.89999389648438,170.66763305664062,1875315
2006-01-06,181.1999969482422,181.60000610351562,176.6999969482422,177.2899932861328,168.1915740966797,1409815
2006-01-09,181.0,181.1999969482422,177.1999969482422,178.17999267578125,169.03590393066406,2203075
2006-01-10,177.60000610351562,178.97999572753906,172.02999877929688,172.72000122070312,163.85610961914062,1066435
2006-01-12,171.8000030517578,172.5500030517578,163.0,166.4600067138672,157.9173583984375,3532130
2006-01-13,171.9600067138672,174.3800048828125,165.0,172.32000732421875,163.47665405273438,4673225
2006-01-16,173.8000030517578,175.9600067138672,168.61000061035156,173.25999450683594,164.36837768554688,2885065
2006-01-17,174.39999389648438,175.57000732421875,171.0,174.3300018310547,165.38348388671875,1768740
2006-01-18,164.30999755859375,177.0,157.39999389648438,175.4600067138672,166.45550537109375,1990420
2006-01-19,175.60000610351562,181.1999969482422,175.60000610351562,179.63999938964844,170.4209747314453,1829045
2006-01-20,181.0,185.0,179.39999389648438,183.8699951171875,174.43389892578125,2976795
2006-01-23,182.3800048828125,185.97999572753906,180.0,183.3000030517578,173.89315795898438,1383345
2006-01-24,183.61000061035156,189.0,183.61000061035156,187.5800018310547,177.95350646972656,2303665
2006-01-25,188.0,198.5800018310547,188.0,195.27999877929688,185.25836181640625,3290955
2006-01-27,197.0,229.60000610351562,197.0,225.4199981689453,213.85157775878906,9837095
2006-01-30,228.0,231.86000061035156,206.1999969482422,215.22999572753906,204.18450927734375,11332425
2006-01-31,218.0,238.39999389648438,215.25999450683594,233.47000122070312,221.4884490966797,13744780
2006-02-01,231.1999969482422,232.5399932861328,217.66000366210938,219.66000366210938,208.38717651367188,9192245
2006-02-02,220.1999969482422,228.36000061035156,218.02000427246094,220.6999969482422,209.37379455566406,5767120
2006-02-03,222.0,222.74000549316406,211.0,212.02000427246094,203.4438018798828,5024270
2006-02-06,212.39999389648438,217.8000030517578,210.0,213.10000610351562,204.48011779785156,3826340
2006-02-07,216.8000030517578,221.8000030517578,214.05999755859375,220.36000061035156,211.44644165039062,6401355
2006-02-08,220.60000610351562,221.0,212.0,216.50999450683594,207.75216674804688,2951800
2006-02-10,218.0,221.74000549316406,215.8000030517578,218.91000366210938,210.05508422851562,2702545
2006-02-13,219.0,222.39999389648438,216.1999969482422,219.27000427246094,210.40052795410156,1912595
2006-02-14,220.0,225.94000244140625,217.0,218.1300048828125,209.30665588378906,2528910
2006-02-15,220.8000030517578,222.0,212.0,213.27999877929688,204.65281677246094,3568915
2006-02-16,215.60000610351562,215.8000030517578,211.60000610351562,212.50999450683594,203.91397094726562,1072470
2006-02-17,212.0,214.39999389648438,204.0,205.05999755859375,196.76531982421875,1218620
2006-02-20,204.8000030517578,208.10000610351562,198.64999389648438,207.6199951171875,199.2217559814453,2389390
2006-02-21,208.0,209.39999389648438,206.0,206.92999267578125,198.55967712402344,1106340
2006-02-22,207.39999389648438,208.0,203.60000610351562,204.97000122070312,196.678955078125,864160
2006-02-23,206.8000030517578,213.99000549316406,202.8000030517578,207.02999877929688,198.6556396484375,4520430
2006-02-24,209.8000030517578,214.8000030517578,207.1999969482422,213.39999389648438,204.76797485351562,3002085
2006-02-27,214.8000030517578,218.55999755859375,213.1999969482422,217.07000732421875,208.28952026367188,2014620
2006-02-28,219.77999877929688,220.0,212.0,219.66000366210938,210.77474975585938,3635990
2006-03-01,220.22000122070312,223.3800048828125,216.0,219.7899932861328,210.89947509765625,1927890
2006-03-02,219.7899932861328,230.13999938964844,219.0,228.50999450683594,219.2667694091797,3160580
2006-03-03,228.9600067138672,242.39999389648438,228.60000610351562,235.67999267578125,226.14674377441406,4605220
2006-03-06,224.30999755859375,244.39999389648438,224.30999755859375,240.55999755859375,230.829345703125,3109755
2006-03-07,244.0,246.39999389648438,238.2100067138672,240.0800018310547,230.36875915527344,4609870
2006-03-08,241.8000030517578,246.1999969482422,235.39999389648438,237.13999938964844,227.54769897460938,3416960
2006-03-09,239.60000610351562,239.60000610351562,227.0,235.16000366210938,225.64779663085938,4769475
2006-03-10,237.8000030517578,260.3999938964844,237.25,257.7200012207031,247.29522705078125,7074010
2006-03-13,259.0,268.7799987792969,256.0,264.3500061035156,253.65707397460938,5319320
2006-03-14,260.0,267.1600036621094,258.20001220703125,259.3699951171875,248.8784637451172,3348490
2006-03-16,262.7799987792969,262.7799987792969,256.79998779296875,257.9100036621094,247.47755432128906,5581195
2006-03-17,259.79998779296875,265.6000061035156,258.20001220703125,259.4100036621094,248.9168701171875,4390750
2006-03-20,262.0,266.9599914550781,259.4100036621094,261.20001220703125,250.63446044921875,2155405
2006-03-21,265.5400085449219,265.5400085449219,254.0,257.7200012207031,247.29522705078125,2501775
2006-03-22,261.0,265.3999938964844,256.0199890136719,261.6300048828125,251.04705810546875,4012905
2006-03-23,263.20001220703125,273.3999938964844,263.20001220703125,271.20001220703125,260.2299499511719,5559740
2006-03-24,273.3999938964844,274.9800109863281,264.0199890136719,265.5,254.76051330566406,3539930
2006-03-27,267.1600036621094,273.0,266.6000061035156,271.2200012207031,260.2491455078125,3240860
2006-03-28,272.20001220703125,272.6000061035156,261.20001220703125,262.8800048828125,252.2465362548828,3257570
2006-03-29,263.3999938964844,264.9800109863281,261.0199890136719,262.3800048828125,251.7667236328125,2364445
2006-03-30,263.70001220703125,267.1600036621094,254.27000427246094,256.54998779296875,246.1725311279297,5851375
2006-03-31,258.6000061035156,264.20001220703125,256.07000732421875,260.44000244140625,249.90518188476562,2030665
2006-04-03,261.6000061035156,267.17999267578125,260.6000061035156,264.8500061035156,254.13682556152344,1649240
2006-04-04,266.3999938964844,281.79998779296875,264.0,280.1000061035156,268.76995849609375,5963470
2006-04-05,281.0,283.3599853515625,274.44000244140625,281.8999938964844,270.49713134765625,4470645
2006-04-07,264.94000244140625,285.79998779296875,260.94000244140625,272.0799865722656,261.0743408203125,4438725
2006-04-10,266.8999938964844,273.0,262.0,263.2699890136719,252.6207275390625,3419285
2006-04-12,263.489990234375,272.9800109863281,256.0299987792969,260.0299987792969,249.51177978515625,2865455
2006-04-13,263.0,268.5,246.0,260.0,249.48300170898438,4793035
2006-04-17,263.0,266.44000244140625,254.49000549316406,257.04998779296875,246.65232849121094,1792635
2006-04-18,258.0,263.4200134277344,258.0,261.489990234375,250.9127197265625,4248660
2006-04-19,263.0,263.0,252.0,257.1499938964844,246.74827575683594,5413785
2006-04-20,257.0,259.79998779296875,251.60000610351562,254.49000549316406,244.19589233398438,3191410
2006-04-21,256.0,256.0,249.60000610351562,253.8699951171875,243.6009521484375,3240050
2006-04-24,254.0,254.0,248.02000427246094,249.9499969482422,239.8395233154297,632570
2006-04-25,250.49000549316406,255.75999450683594,237.1999969482422,240.11000061035156,230.39755249023438,876930
2006-04-26,242.0,259.79998779296875,238.0,258.17999267578125,247.7366180419922,5704230
2006-04-27,259.79998779296875,263.3699951171875,250.02000427246094,252.07000732421875,241.873779296875,3418725
2006-04-28,245.0,254.13999938964844,232.66000366210938,251.92999267578125,241.7394256591797,1070935
2006-05-02,263.20001220703125,264.0,250.0,255.6699981689453,245.32814025878906,1465195
2006-05-03,259.6000061035156,269.17999267578125,254.8800048828125,267.07000732421875,256.26702880859375,2711605
2006-05-04,268.0,274.8599853515625,267.4100036621094,272.30999755859375,261.2950744628906,3508825
2006-05-05,272.6000061035156,272.6000061035156,265.0,266.0400085449219,255.2786865234375,2507540
2006-05-08,268.0,270.3800048828125,262.6000061035156,263.8599853515625,253.18685913085938,2692740
2006-05-09,264.0,264.20001220703125,259.20001220703125,262.8500061035156,252.21771240234375,2710665
2006-05-10,264.0,277.0,263.6000061035156,273.25,262.1970520019531,2315045
2006-05-11,278.0,278.0,262.4200134277344,263.6199951171875,252.95657348632812,1311970
2006-05-12,260.20001220703125,268.94000244140625,258.20001220703125,264.2099914550781,253.522705078125,1535020
2006-05-15,266.9599914550781,273.79998779296875,241.0,244.47999572753906,234.5907745361328,2979360
2006-05-16,252.0,252.0,216.8000030517578,241.1999969482422,231.44346618652344,4502080
2006-05-17,247.1999969482422,251.8000030517578,241.1999969482422,244.30999755859375,234.42767333984375,1515665
2006-05-18,241.22000122070312,241.22000122070312,213.1999969482422,218.2100067138672,209.38340759277344,3136975
2006-05-19,224.1999969482422,231.47000122070312,202.24000549316406,205.2899932861328,196.98602294921875,5453870
2006-05-22,213.32000732421875,213.32000732421875,151.1999969482422,196.14999389648438,188.21571350097656,4629665
2006-05-23,195.0,217.0,157.8000030517578,209.3699951171875,200.90098571777344,2978685
2006-05-24,208.39999389648438,214.8000030517578,197.5399932861328,200.72000122070312,192.60086059570312,1971475
2006-05-25,201.77999877929688,201.77999877929688,190.02000427246094,194.10000610351562,186.2486572265625,3650520
2006-05-26,200.0,206.39999389648438,197.0,199.58999633789062,191.51658630371094,3787460
2006-05-29,201.0,205.0,200.0,201.75999450683594,193.5988006591797,1233665
2006-05-30,202.39999389648438,209.7899932861328,200.8000030517578,205.5800018310547,197.26429748535156,1631575
2006-05-31,194.30999755859375,199.8000030517578,187.13999938964844,195.8800048828125,187.9566650390625,1511380
2006-06-01,203.8000030517578,203.8000030517578,177.4199981689453,179.0,171.75946044921875,3261900
2006-06-02,180.0,185.8000030517578,170.0,184.25999450683594,176.80667114257812,2991610
2006-06-05,186.0,189.6999969482422,180.1999969482422,185.35000610351562,177.85260009765625,1773215
2006-06-06,180.0,187.39999389648438,174.02000427246094,182.72999572753906,175.3385772705078,2287615
2006-06-07,178.27999877929688,185.10000610351562,177.0,182.05999755859375,174.69566345214844,4251360
2006-06-08,178.83999633789062,181.0,162.39999389648438,173.99000549316406,166.95211791992188,2940075
2006-06-09,169.44000244140625,185.0,168.0,181.24000549316406,173.90884399414062,1837445
2006-06-12,186.8000030517578,186.8000030517578,170.0,170.82000732421875,163.91033935546875,1652380
2006-06-13,170.82000732421875,170.82000732421875,153.9199981689453,160.75,154.24765014648438,2685430
2006-06-14,170.0,170.77999877929688,158.5,161.5800018310547,155.04409790039062,1576900
2006-06-15,165.0,173.33999633789062,165.0,170.08999633789062,163.20985412597656,1955265
2006-06-16,175.77999877929688,186.89999389648438,173.0,176.7100067138672,169.5620880126953,3573045
2006-06-19,170.0,185.9199981689453,170.0,183.6699981689453,176.24053955078125,1170450
2006-06-20,182.0,182.0,174.0,175.14999389648438,168.06517028808594,1523305
2006-06-21,176.0,185.1999969482422,175.16000366210938,183.49000549316406,176.06784057617188,1170225
2006-06-22,185.44000244140625,189.8000030517578,172.0,188.35000610351562,180.7312469482422,2517280
2006-06-23,180.25999450683594,188.6999969482422,176.0,186.67999267578125,179.1287841796875,1069660
2006-06-26,187.0,187.0,154.39999389648438,163.9199981689453,157.2894287109375,5357835
2006-06-27,171.60000610351562,179.74000549316406,166.02999877929688,178.38999938964844,171.17413330078125,4738945
2006-06-28,175.7899932861328,177.0,170.50999450683594,174.13999938964844,167.09603881835938,9280100
2006-06-29,178.0,199.39999389648438,177.5,194.97000122070312,187.08346557617188,10127975
2006-06-30,198.0,209.97999572753906,194.02999877929688,208.33999633789062,199.9126434326172,5908880
2006-07-03,210.97999572753906,210.97999572753906,202.1999969482422,205.25999450683594,196.95721435546875,3243990
2006-07-04,205.8000030517578,214.75999450683594,205.8000030517578,212.02999877929688,203.45339965820312,6384140
2006-07-05,213.39999389648438,228.8000030517578,208.0,227.17999267578125,217.99057006835938,7839660
2006-07-06,222.0,226.60000610351562,216.10000610351562,219.10000610351562,212.5767059326172,9880950
2006-07-07,223.0,223.49000549316406,212.0,213.66000366210938,207.29867553710938,5440930
2006-07-10,210.22000122070312,215.0,201.75999450683594,209.80999755859375,203.56329345703125,3495220
2006-07-11,209.8000030517578,214.67999267578125,199.3000030517578,201.1199951171875,195.1320343017578,8298200
2006-07-12,196.0,211.99000549316406,196.0,210.75,204.47531127929688,4444960
2006-07-13,211.0,211.60000610351562,201.8000030517578,205.89999389648438,199.7696990966797,3383405
2006-07-14,204.0,208.1999969482422,200.4199981689453,205.6300048828125,199.5077667236328,3914935
2006-07-17,204.8000030517578,204.8000030517578,180.80999755859375,185.0399932861328,179.53076171875,5168465
2006-07-18,183.77999877929688,195.0,182.0,193.2899932861328,187.53515625,10662460
2006-07-19,196.0,197.72000122070312,181.8000030517578,184.49000549316406,178.99716186523438,6039090
2006-07-20,188.39999389648438,200.77999877929688,188.39999389648438,197.85000610351562,191.9593963623047,5119915
2006-07-21,196.0,196.0,186.39999389648438,190.75,185.07077026367188,5242330
2006-07-24,190.0,196.89999389648438,183.14999389648438,195.57000732421875,189.7472686767578,6987295
2006-07-25,197.60000610351562,203.39999389648438,196.30999755859375,198.44000244140625,192.53182983398438,6213435
2006-07-26,199.8000030517578,207.8000030517578,195.1999969482422,206.8000030517578,200.64291381835938,5084885
2006-07-27,208.0,217.8000030517578,203.22999572753906,209.97000122070312,203.71853637695312,7777050
2006-07-28,211.05999755859375,213.8000030517578,205.02999877929688,208.2100067138672,202.0109405517578,3070545
2006-07-31,213.0,222.0,212.0,216.7100067138672,210.25787353515625,6992750
2006-08-01,216.10000610351562,219.77999877929688,213.60000610351562,218.7100067138672,212.1983184814453,4954090
2006-08-02,217.60000610351562,221.8000030517578,212.8000030517578,220.35000610351562,213.7895050048828,3041580
2006-08-03,221.8000030517578,223.97000122070312,218.1999969482422,219.66000366210938,213.1200408935547,3307955
2006-08-04,222.0,225.97999572753906,219.60000610351562,224.5,217.81593322753906,4363065
2006-08-07,225.64999389648438,225.64999389648438,216.11000061035156,219.27999877929688,212.75135803222656,4455130
2006-08-08,220.0,222.1999969482422,219.02000427246094,220.85000610351562,214.2746124267578,2687530
2006-08-09,219.0,231.8000030517578,217.25999450683594,229.22000122070312,222.39540100097656,3518840
2006-08-10,230.0,243.36000061035156,228.0,240.86000061035156,233.6888427734375,5957370
2006-08-11,240.8000030517578,252.19000244140625,240.8000030517578,248.02000427246094,240.6356658935547,8780940
2006-08-14,251.94000244140625,251.94000244140625,242.0,245.55999755859375,238.2489013671875,2357255
2006-08-16,247.0,249.8000030517578,237.50999450683594,238.60000610351562,231.49612426757812,4064070
2006-08-17,239.8000030517578,246.57000732421875,239.8000030517578,242.9199981689453,235.6875,3963695
2006-08-18,246.0,246.0,237.1999969482422,238.82000732421875,231.70957946777344,1858750
2006-08-21,240.0,244.1999969482422,229.60000610351562,241.4600067138672,234.27099609375,1587915
2006-08-22,242.0,244.0,231.0,239.07000732421875,231.95213317871094,2125455
2006-08-23,241.60000610351562,253.58999633789062,237.02000427246094,241.94000244140625,234.7366943359375,3044970
2006-08-24,241.0,243.39999389648438,237.82000732421875,242.13999938964844,234.9307403564453,2622825
2006-08-25,244.32000732421875,246.97000122070312,242.1999969482422,243.0,235.76513671875,2319150
2006-08-28,243.1999969482422,244.75999450683594,241.24000549316406,242.99000549316406,235.75543212890625,666235
2006-08-29,244.60000610351562,248.74000549316406,242.0,247.2100067138672,239.84979248046875,2106215
2006-08-30,248.8000030517578,251.0,246.02000427246094,247.1199951171875,239.762451171875,2131780
2006-08-31,247.8000030517578,248.60000610351562,239.0,240.6999969482422,233.53359985351562,2999965
2006-09-01,241.1999969482422,244.0,240.1999969482422,242.7899932861328,235.56138610839844,804215
2006-09-04,245.60000610351562,252.60000610351562,243.82000732421875,250.4199981689453,242.96421813964844,2322765
2006-09-05,253.39999389648438,253.39999389648438,246.42999267578125,247.58999633789062,240.2184600830078,1509455
2006-09-06,247.22000122070312,250.74000549316406,240.44000244140625,246.1199951171875,238.792236328125,1240950
2006-09-07,242.39999389648438,245.89999389648438,239.3000030517578,241.8699951171875,234.6687774658203,2341800
2006-09-08,243.8000030517578,244.58999633789062,238.25,240.9499969482422,233.7761688232422,2261235
2006-09-11,242.0,243.60000610351562,220.1999969482422,226.47000122070312,219.727294921875,3320660
2006-09-12,226.0,230.9600067138672,220.02000427246094,225.67999267578125,218.96078491210938,5269695
2006-09-13,228.0,235.75999450683594,226.1999969482422,232.60000610351562,225.67477416992188,3131540
2006-09-14,234.0,238.6999969482422,233.27000427246094,234.3699951171875,227.39205932617188,2324830
2006-09-15,234.0,235.0,228.60000610351562,232.8800048828125,225.94644165039062,1555615
2006-09-18,236.0,247.39999389648438,236.0,242.3699951171875,235.1538848876953,5047150
2006-09-19,242.5,244.0,233.02000427246094,235.89999389648438,228.8765106201172,2415940
2006-09-20,235.97000122070312,238.69000244140625,230.39999389648438,238.1199951171875,231.03042602539062,1707860
2006-09-21,242.0,247.17999267578125,240.2100067138672,246.13999938964844,238.8116455078125,3766690
2006-09-22,246.39999389648438,250.19000244140625,242.0500030517578,249.41000366210938,241.98428344726562,4472305
2006-09-25,246.1999969482422,248.97999572753906,242.0,243.02999877929688,235.7942352294922,1026745
2006-09-26,244.0,251.0,244.0,249.58999633789062,242.15892028808594,2110965
2006-09-27,251.0,255.36000061035156,250.1999969482422,254.10000610351562,246.53465270996094,2574965
2006-09-28,254.0,256.0,249.60000610351562,251.27999877929688,243.79861450195312,1769165
2006-09-29,253.0,254.60000610351562,245.6199951171875,247.0,239.6460418701172,1458010
2006-10-03,248.89999389648438,260.9800109863281,247.0,258.9800109863281,251.26934814453125,5197865
2006-10-04,261.0299987792969,261.0299987792969,253.24000549316406,255.49000549316406,247.88327026367188,1859165
2006-10-05,257.0,259.5899963378906,252.44000244140625,253.5500030517578,246.00103759765625,1798575
2006-10-06,255.0,255.9600067138672,253.02000427246094,254.27999877929688,246.7092742919922,848385
2006-10-09,255.8000030517578,255.8000030517578,249.05999755859375,249.74000549316406,242.30447387695312,911345
2006-10-10,252.97999572753906,260.70001220703125,252.39999389648438,258.0799865722656,250.39613342285156,4184030
2006-10-11,259.0,260.3999938964844,252.02000427246094,254.24000549316406,246.6704864501953,778920
2006-10-12,255.60000610351562,260.6000061035156,251.00999450683594,258.9800109863281,251.26934814453125,1142870
2006-10-13,262.3999938964844,278.0,262.3999938964844,273.95001220703125,265.7936706542969,4594065
2006-10-16,278.0,278.0,268.44000244140625,270.6700134277344,262.611328125,2317130
2006-10-17,272.9599914550781,272.9599914550781,266.20001220703125,271.0799865722656,263.00909423828125,1247415
2006-10-18,260.7099914550781,272.79998779296875,260.7099914550781,266.94000244140625,258.9923400878906,1810000
2006-10-19,269.0,271.70001220703125,265.32000732421875,269.5799865722656,261.55377197265625,1703500
2006-10-20,272.20001220703125,272.79998779296875,264.04998779296875,265.7799987792969,257.86688232421875,2715525
2006-10-23,268.4100036621094,269.0,265.20001220703125,266.0899963378906,258.16766357421875,1180750
2006-10-26,266.0,275.79998779296875,266.0,272.3399963378906,264.2315673828125,2725055
2006-10-27,274.760009765625,274.79998779296875,257.0,259.17999267578125,251.46340942382812,8885560
2006-10-30,260.0,264.010009765625,256.0199890136719,263.32000732421875,255.4801483154297,39237290
2006-10-31,264.0,266.3800048828125,260.29998779296875,261.6199951171875,253.8307647705078,3089015
2006-11-01,262.0,263.9800109863281,260.79998779296875,261.4100036621094,253.62701416015625,1051020
2006-11-02,261.20001220703125,265.4200134277344,260.82000732421875,262.0,254.19944763183594,1173175
2006-11-03,263.0,264.6000061035156,260.4200134277344,262.94000244140625,255.11146545410156,947915
2006-11-06,264.79998779296875,265.70001220703125,262.3999938964844,263.4700012207031,255.62567138671875,1003525
2006-11-07,265.0,274.9800109863281,264.0,272.57000732421875,264.4547424316406,4771625
2006-11-08,273.0,282.6000061035156,271.9800109863281,279.07000732421875,270.7611999511719,5878500
2006-11-09,279.5,282.3999938964844,276.3299865722656,281.20001220703125,272.82781982421875,4073630
2006-11-10,281.3999938964844,287.3599853515625,280.0,286.1700134277344,277.64984130859375,4271685
2006-11-13,289.6000061035156,295.9800109863281,282.0199890136719,284.0199890136719,275.5638122558594,1884405
2006-11-14,285.0,286.0,277.6400146484375,279.1700134277344,270.8582458496094,1930875
2006-11-15,281.0,282.57000732421875,274.3999938964844,279.2200012207031,270.90673828125,1523550
2006-11-16,279.3999938964844,284.7799987792969,276.239990234375,277.7200012207031,269.4513854980469,1616225
2006-11-17,279.3999938964844,281.79998779296875,273.6400146484375,276.1700134277344,267.94757080078125,1655565
2006-11-20,279.6000061035156,279.6000061035156,269.6000061035156,274.8800048828125,266.69598388671875,1869375
2006-11-21,272.8999938964844,288.0799865722656,262.8500061035156,286.32000732421875,277.79534912109375,2678605
2006-11-22,286.3999938964844,296.20001220703125,286.3999938964844,292.75,284.0339050292969,3089325
2006-11-23,293.3699951171875,302.17999267578125,289.6000061035156,298.7099914550781,289.81646728515625,3874270
2006-11-24,298.79998779296875,302.0,293.32000732421875,295.17999267578125,286.39154052734375,2518600
2006-11-27,296.20001220703125,298.760009765625,290.20001220703125,291.9200134277344,283.2286376953125,1658040
2006-11-28,290.3999938964844,294.5799865722656,286.29998779296875,289.4599914550781,280.84185791015625,2177510
2006-11-29,292.0799865722656,294.3999938964844,287.0,288.8500061035156,280.25006103515625,1446935
2006-11-30,290.2200012207031,293.6000061035156,287.1499938964844,290.3599853515625,281.7150573730469,1584325
2006-12-01,290.3999938964844,294.9800109863281,289.0199890136719,293.4700012207031,284.73248291015625,1377740
2006-12-04,296.9599914550781,299.0799865722656,290.0,290.95001220703125,282.28753662109375,1839745
2006-12-05,292.6000061035156,294.9800109863281,284.6099853515625,285.92999267578125,277.4169616699219,1835620
2006-12-06,285.6000061035156,285.6000061035156,271.30999755859375,273.79998779296875,265.6481018066406,5350385
2006-12-07,275.0,278.20001220703125,269.489990234375,270.69000244140625,262.6307067871094,5624000
2006-12-08,272.3999938964844,274.0,268.79998779296875,270.0400085449219,262.0000915527344,2031470
2006-12-11,271.20001220703125,271.20001220703125,256.3999938964844,261.7099914550781,253.91806030273438,2529865
2006-12-12,259.9800109863281,260.0,240.0,246.6999969482422,239.35496520996094,2493235
2006-12-13,264.20001220703125,264.20001220703125,239.0,259.82000732421875,252.08436584472656,4418445
2006-12-14,259.82000732421875,265.0,257.3999938964844,262.75,254.9271240234375,1758425
2006-12-15,264.0,266.7900085449219,260.0,260.739990234375,252.97694396972656,10680095
2006-12-18,265.9800109863281,265.9800109863281,252.1999969482422,260.2799987792969,252.53065490722656,1881690
2006-12-19,262.5299987792969,262.5299987792969,253.64999389648438,255.8800048828125,248.26165771484375,1727905
2006-12-20,259.0,259.0,241.27999877929688,247.83999633789062,240.4610137939453,5655085
2006-12-21,248.8000030517578,249.94000244140625,243.0,245.6300048828125,238.31683349609375,2058835
2006-12-22,249.97999572753906,253.75999450683594,243.0,252.4199981689453,244.9046630859375,1659830
2006-12-26,253.0,259.6000061035156,252.1199951171875,258.3599853515625,250.6678009033203,1592580
2006-12-27,260.0,265.5400085449219,260.0,264.1300048828125,256.2660217285156,1303835
2006-12-28,264.1300048828125,265.94000244140625,259.07000732421875,260.0799865722656,252.33660888671875,2087920
2006-12-29,260.4200134277344,263.79998779296875,260.0,260.9599914550781,253.19039916992188,764835
2007-01-02,262.3999938964844,262.3999938964844,257.6199951171875,260.1700134277344,252.42393493652344,533495
2007-01-03,261.6000061035156,261.79998779296875,257.05999755859375,258.82000732421875,251.11412048339844,1539770
2007-01-04,259.0,261.6000061035156,255.0,259.75,252.0164337158203,1208970
2007-01-05,259.79998779296875,262.0,257.07000732421875,258.6600036621094,250.95889282226562,2243980
2007-01-08,258.0,258.7799987792969,253.39999389648438,257.6099853515625,249.9401397705078,1810235
2007-01-09,257.0,259.79998779296875,249.1999969482422,250.07000732421875,242.6246337890625,1199625
2007-01-10,250.0,250.0,238.0500030517578,239.99000549316406,232.84474182128906,3541420
2007-01-11,241.1999969482422,249.60000610351562,237.60000610351562,247.66000366210938,240.28639221191406,2165555
2007-01-12,250.0,252.0,245.3000030517578,248.72000122070312,241.3148193359375,3713545
2007-01-15,251.1999969482422,254.8000030517578,251.0,254.08999633789062,246.52493286132812,2274110
2007-01-16,255.0,265.20001220703125,252.0,264.0899963378906,256.2272033691406,2815535
2007-01-17,265.0,267.6000061035156,256.79998779296875,257.75,250.07598876953125,2141050
2007-01-18,256.0,263.1600036621094,255.0,256.79998779296875,249.1542510986328,1807835
2007-01-19,259.0899963378906,260.0,251.60000610351562,252.3000030517578,244.78823852539062,1006415
2007-01-22,254.8000030517578,259.9599914550781,252.8000030517578,258.57000732421875,250.87155151367188,2526945
2007-01-23,258.3999938964844,259.6000061035156,254.22999572753906,255.9600067138672,248.3392791748047,2065655
2007-01-24,257.20001220703125,257.20001220703125,254.0,255.1999969482422,247.6018829345703,577390
2007-01-25,257.0,259.0,254.80999755859375,257.0400085449219,249.38711547851562,1861690
2007-01-29,259.79998779296875,261.6000061035156,239.25999450683594,241.1199951171875,233.94110107421875,5181840
2007-01-31,243.0,245.60000610351562,225.0500030517578,228.52999877929688,221.72593688964844,5162865
2007-02-01,233.1999969482422,236.39999389648438,228.1999969482422,235.02999877929688,228.03240966796875,2925705
2007-02-02,237.97999572753906,244.94000244140625,236.0,243.8699951171875,236.60922241210938,4656395
2007-02-05,246.0,252.8000030517578,244.0,251.7100067138672,244.2158203125,3627730
2007-02-06,251.1999969482422,259.79998779296875,251.0,256.82000732421875,249.17367553710938,4726030
2007-02-07,257.1600036621094,257.3999938964844,251.02999877929688,253.0399932861328,245.50619506835938,1610905
2007-02-08,253.0,253.60000610351562,244.8000030517578,250.4199981689453,242.96421813964844,2166560
2007-02-09,249.74000549316406,251.97999572753906,246.1999969482422,249.00999450683594,241.59619140625,1263190
2007-02-12,249.0,249.0,210.0,216.02000427246094,209.58840942382812,9978810
2007-02-13,218.0,229.55999755859375,208.8000030517578,219.77000427246094,213.2267608642578,6920495
2007-02-14,218.0,218.0,210.0,214.1999969482422,207.8225860595703,4844160
2007-02-15,219.8000030517578,224.0,204.1999969482422,208.3000030517578,202.0982666015625,6998290
2007-02-19,210.1999969482422,213.30999755859375,205.1699981689453,206.14999389648438,200.0122528076172,4415850
2007-02-20,207.3699951171875,207.67999267578125,196.02000427246094,197.08999633789062,191.22201538085938,5320275
2007-02-21,199.11000061035156,206.0,196.02000427246094,204.5500030517578,198.45989990234375,6898405
2007-02-22,206.8000030517578,210.36000061035156,205.0,208.0500030517578,201.855712890625,7107125
2007-02-23,208.0500030517578,211.97999572753906,207.0,209.6300048828125,203.388671875,4700020
2007-02-26,210.39999389648438,213.17999267578125,208.0,209.7100067138672,203.46627807617188,3087035
2007-02-27,210.0,211.0,208.0,210.22000122070312,203.96109008789062,1963785
2007-02-28,200.0,219.10000610351562,190.1999969482422,208.4600067138672,202.2534942626953,4137870
2007-03-01,206.0,215.39999389648438,202.02000427246094,213.92999267578125,207.56063842773438,3715435
2007-03-02,217.0,218.0,209.11000061035156,210.47999572753906,204.21334838867188,2779650
2007-03-05,208.5399932861328,208.5399932861328,192.5,197.1199951171875,191.25111389160156,5779985
2007-03-06,203.8000030517578,205.39999389648438,198.1999969482422,201.77999877929688,195.7723846435547,2521675
2007-03-07,198.0,212.8000030517578,198.0,207.77000427246094,201.58404541015625,3544330
2007-03-08,211.0,212.0,205.02000427246094,209.6999969482422,203.45657348632812,2606990
2007-03-09,212.0,212.0,201.39999389648438,203.17999267578125,197.13067626953125,1311000
2007-03-12,209.8000030517578,209.8000030517578,204.11000061035156,207.83999633789062,201.65194702148438,1382580
2007-03-13,209.94000244140625,220.0,206.02000427246094,218.2100067138672,211.7132110595703,1845190
2007-03-14,212.0,213.9600067138672,202.30999755859375,208.80999755859375,202.5930633544922,2379385
2007-03-15,217.0,218.47999572753906,201.6300048828125,203.14999389648438,197.10159301757812,4495820
2007-03-16,204.8000030517578,206.77999877929688,192.0,192.97000122070312,191.94900512695312,3325465
2007-03-19,194.0,197.17999267578125,193.1999969482422,196.22000122070312,195.1818084716797,1391375
2007-03-20,198.0,202.8000030517578,197.6199951171875,198.33999633789062,197.29058837890625,2154515
2007-03-21,199.8000030517578,203.97999572753906,196.99000549316406,199.0,197.9470977783203,1907740
2007-03-22,200.0,205.0,195.10000610351562,201.75,200.6825408935547,2587075
2007-03-23,201.6300048828125,203.39999389648438,199.80999755859375,200.50999450683594,199.4490966796875,1244050
2007-03-26,202.0,202.0,195.6199951171875,196.3000030517578,195.26138305664062,1890170
2007-03-28,198.0,202.0,192.0500030517578,192.80999755859375,191.7898406982422,2564275
2007-03-29,199.64999389648438,205.0,190.1999969482422,196.99000549316406,195.94773864746094,3817285
2007-03-30,201.0,203.5800018310547,199.0,200.3000030517578,199.24021911621094,1953815
2007-04-02,198.0,198.0,189.02000427246094,190.47000122070312,189.4622344970703,2407810
2007-04-03,191.60000610351562,195.0,186.1999969482422,191.91000366210938,190.8946075439453,2551050
2007-04-04,195.0,196.39999389648438,190.44000244140625,191.52000427246094,190.5066680908203,1770445
2007-04-05,193.02000427246094,194.6999969482422,191.0,193.6999969482422,192.67514038085938,997115
2007-04-09,195.0,198.39999389648438,194.39999389648438,197.5399932861328,196.49481201171875,884330
2007-04-10,199.0,201.8000030517578,192.27000427246094,198.5500030517578,197.49948120117188,3789805
2007-04-11,198.0,213.60000610351562,197.0,211.1699981689453,210.05270385742188,10742195
2007-04-12,210.39999389648438,216.5399932861328,207.02000427246094,210.0399932861328,208.92868041992188,4716060
2007-04-13,204.0399932861328,222.8000030517578,204.0399932861328,220.6699981689453,219.50244140625,2901075
2007-04-16,226.0,243.94000244140625,220.6999969482422,237.6300048828125,236.37271118164062,7441815
2007-04-17,238.0,239.97999572753906,227.25999450683594,228.94000244140625,227.7286834716797,3447615
2007-04-18,231.0,241.60000610351562,228.02000427246094,236.1199951171875,234.8706817626953,2927835
2007-04-19,234.0,238.94000244140625,228.1999969482422,236.0399932861328,234.79110717773438,2743160
2007-04-20,236.0,240.0,236.0,238.07000732421875,236.8103790283203,1475055
2007-04-23,241.8000030517578,241.8000030517578,228.22000122070312,229.02999877929688,227.81820678710938,3150840
2007-04-24,223.0,236.00999450683594,220.0,233.7100067138672,232.47344970703125,1718505
2007-04-25,236.0,240.0,232.02999877929688,237.8699951171875,236.61143493652344,1524850
2007-04-26,240.22000122070312,247.0,239.39999389648438,244.86000061035156,243.564453125,5396505
2007-04-27,243.99000549316406,244.0,234.02000427246094,236.91000366210938,235.65650939941406,1386445
2007-04-30,236.91000366210938,241.60000610351562,232.0,237.5,236.24339294433594,1405660
2007-05-03,233.0,245.24000549316406,233.0,240.57000732421875,239.29714965820312,1789050
2007-05-04,242.8000030517578,243.74000549316406,236.8000030517578,239.4600067138672,238.19302368164062,1257550
2007-05-07,246.0,246.0,240.0,241.27000427246094,239.9934539794922,795605
2007-05-08,239.02000427246094,243.99000549316406,239.02000427246094,241.91000366210938,240.63006591796875,1226235
2007-05-09,243.57000732421875,250.1999969482422,241.39999389648438,249.8300018310547,248.50814819335938,2957140
2007-05-10,252.0,253.60000610351562,248.24000549316406,251.17999267578125,249.8509979248047,2100230
2007-05-11,247.0,256.6000061035156,244.2100067138672,246.60000610351562,245.2952423095703,3118215
2007-05-14,247.1300048828125,251.77999877929688,247.1300048828125,250.27999877929688,248.9557647705078,1108760
2007-05-15,248.0,250.8000030517578,225.0,227.47000122070312,226.26646423339844,9192900
2007-05-16,229.0,232.0,222.1999969482422,226.74000549316406,225.5403289794922,5770275
2007-05-17,228.39999389648438,232.97000122070312,225.39999389648438,227.27999877929688,226.0774688720703,3220640
2007-05-18,227.60000610351562,229.75999450683594,224.07000732421875,226.32000732421875,225.12255859375,1566835
2007-05-21,228.02999877929688,229.17999267578125,224.77999877929688,226.52999877929688,225.33143615722656,1077560
2007-05-22,227.1999969482422,231.99000549316406,226.22000122070312,230.1199951171875,228.90243530273438,2136130
2007-05-23,231.8000030517578,235.77000427246094,228.8000030517578,230.9499969482422,229.72804260253906,1924490
2007-05-24,230.39999389648438,234.0,229.02000427246094,230.80999755859375,229.5887908935547,4242665
2007-05-25,250.0,283.739990234375,227.94000244140625,275.2200012207031,273.7638244628906,19591830
2007-05-28,276.0,279.5400085449219,253.05999755859375,256.9200134277344,255.56065368652344,8129040
2007-05-29,258.0,263.55999755859375,253.22000122070312,259.4200134277344,258.04742431640625,5687540
2007-05-30,259.79998779296875,264.0,255.1999969482422,257.2900085449219,255.92869567871094,3989380
2007-05-31,255.60000610351562,261.989990234375,251.60000610351562,257.80999755859375,256.4459228515625,5136345
2007-06-01,261.79998779296875,267.5400085449219,255.8000030517578,257.70001220703125,256.3365173339844,13663110
2007-06-04,245.60000610351562,265.7300109863281,245.60000610351562,257.9700012207031,256.6050720214844,2399795
2007-06-05,258.20001220703125,272.79998779296875,256.0199890136719,270.739990234375,269.3074951171875,6541205
2007-06-06,261.30999755859375,271.0,261.30999755859375,262.17999267578125,260.7928161621094,2719205
2007-06-07,260.0,279.989990234375,260.0,274.6499938964844,273.19683837890625,7783430
2007-06-08,272.0,273.70001220703125,267.0199890136719,268.3599853515625,266.9400939941406,3046550
2007-06-11,270.79998779296875,274.79998779296875,268.0,269.3699951171875,267.94476318359375,2525435
2007-06-12,269.79998779296875,269.9599914550781,256.3999938964844,264.8500061035156,263.4486999511719,1678145
2007-06-13,264.20001220703125,266.3999938964844,258.010009765625,259.0799865722656,257.7091979980469,1129310
2007-06-14,262.0,264.94000244140625,261.20001220703125,262.6099853515625,261.22052001953125,678930
2007-06-15,265.79998779296875,280.760009765625,265.20001220703125,277.4599914550781,275.991943359375,4960610
2007-06-18,277.4599914550781,286.0,269.0,270.760009765625,269.3274230957031,5232015
2007-06-19,271.0199890136719,278.20001220703125,270.6099853515625,277.44000244140625,275.9720764160156,1829145
2007-06-20,276.0,279.95001220703125,275.44000244140625,276.44000244140625,274.97735595703125,1961895
2007-06-21,278.0,282.3999938964844,273.0,275.2099914550781,273.75384521484375,3179750
2007-06-22,275.0,279.8500061035156,273.0,275.6199951171875,274.16168212890625,2918465
2007-06-25,280.0,280.0,269.4700012207031,272.3900146484375,270.94879150390625,1863620
2007-06-26,272.6000061035156,289.0,262.260009765625,287.1099853515625,285.59088134765625,5075825
2007-06-27,287.6000061035156,311.0,284.1099853515625,306.17999267578125,304.55999755859375,10247605
2007-06-28,306.79998779296875,306.79998779296875,293.0,297.8399963378906,296.2641296386719,7580685
2007-06-29,299.3999938964844,305.0,295.0,299.04998779296875,297.46771240234375,3902930
2007-07-02,300.0,304.3999938964844,297.0,297.7200012207031,296.144775390625,3029590
2007-07-03,299.6000061035156,302.5400085449219,299.010009765625,300.3299865722656,298.7409362792969,1803990
2007-07-04,301.9800109863281,301.9800109863281,294.5299987792969,295.5899963378906,294.0260314941406,1025775
2007-07-05,297.0,298.7699890136719,285.6000061035156,291.1300048828125,289.5896301269531,2523890
2007-07-06,291.1300048828125,301.760009765625,290.0,299.6700134277344,298.08447265625,3496380
2007-07-09,294.0,301.79998779296875,294.0,300.8900146484375,299.2980041503906,1156245
2007-07-10,299.79998779296875,299.79998779296875,287.2300109863281,288.8900146484375,287.36151123046875,3300375
2007-07-11,288.0,295.0,284.0,289.8900146484375,288.356201171875,1815670
2007-07-12,292.0,294.94000244140625,290.0,292.7699890136719,291.220947265625,1110920
2007-07-13,295.0,304.0,292.0,294.5899963378906,293.03131103515625,3907295
2007-07-16,296.0,301.0,291.20001220703125,292.6400146484375,291.0916748046875,1717680
2007-07-17,296.0,300.0,290.0,293.9700012207031,292.41461181640625,1356315
2007-07-18,293.79998779296875,300.0,288.6000061035156,295.7099914550781,294.1453857421875,2355260
2007-07-19,296.04998779296875,299.19000244140625,294.6000061035156,296.2200012207031,294.6527099609375,1952755
2007-07-20,302.0,302.760009765625,295.04998779296875,300.510009765625,298.9200134277344,2258015
2007-07-23,295.0,307.79998779296875,295.0,306.32000732421875,304.69927978515625,2902505
2007-07-24,306.3999938964844,313.760009765625,298.0,299.82000732421875,298.2336730957031,3223940
2007-07-25,298.0,302.0,278.79998779296875,280.3399963378906,278.8567199707031,6700615
2007-07-26,272.4700012207031,275.79998779296875,257.0199890136719,260.0400085449219,258.6641540527344,10394655
2007-07-27,256.0,266.79998779296875,246.0,261.54998779296875,260.1661376953125,8165630
2007-07-30,261.6000061035156,261.6000061035156,250.0,250.1999969482422,248.87619018554688,3967190
2007-07-31,253.55999755859375,259.55999755859375,252.0,254.2100067138672,252.864990234375,3648540
2007-08-01,256.0,256.0,238.02000427246094,240.49000549316406,239.2175750732422,2698175
2007-08-02,240.0,252.1999969482422,239.94000244140625,246.07000732421875,244.76805114746094,3565190
2007-08-03,247.0,251.33999633789062,246.07000732421875,248.6199951171875,247.30455017089844,1571370
2007-08-06,244.8000030517578,244.8000030517578,235.25,239.2899932861328,238.02391052246094,3585285
2007-08-07,246.0,251.60000610351562,239.39999389648438,249.5399932861328,248.2196807861328,3172520
2007-08-08,251.8000030517578,256.9700012207031,250.0,255.27000427246094,253.91937255859375,1398580
2007-08-09,259.6000061035156,266.3900146484375,250.61000061035156,252.86000061035156,251.52212524414062,3500795
2007-08-10,248.0,261.9800109863281,240.0,259.25,257.8783264160156,4295245
2007-08-13,260.20001220703125,264.5799865722656,259.04998779296875,260.4100036621094,259.03216552734375,1289305
2007-08-14,263.0,264.29998779296875,256.9200134277344,259.45001220703125,258.0772705078125,2552655
2007-08-16,244.30999755859375,252.0,239.80999755859375,240.6199951171875,239.3468780517578,5582770
2007-08-17,241.1999969482422,241.1999969482422,230.0,234.9499969482422,233.70687866210938,3563655
2007-08-20,245.97999572753906,262.4800109863281,242.1999969482422,260.1600036621094,258.78350830078125,4085980
2007-08-21,260.0,260.95001220703125,242.22000122070312,246.3800048828125,245.076416015625,2240230
2007-08-22,246.3800048828125,258.9700012207031,244.0,257.4800109863281,256.11767578125,3108655
2007-08-23,260.0,268.0,249.24000549316406,251.3300018310547,250.00021362304688,3440635
2007-08-24,244.0,254.97999572753906,243.0,245.9499969482422,244.648681640625,11399530
2007-08-27,256.3500061035156,256.3500061035156,249.8000030517578,254.33999633789062,252.99429321289062,1188065
2007-08-28,257.0,257.0,247.0,247.88999938964844,246.5784149169922,2686595
2007-08-29,244.8000030517578,252.39999389648438,239.64999389648438,245.7100067138672,244.4099578857422,11319675
2007-08-30,247.0,252.1999969482422,247.0,250.55999755859375,249.23428344726562,3174925
2007-08-31,251.0,255.60000610351562,250.00999450683594,253.1699981689453,251.83047485351562,1656220
2007-09-03,256.3999938964844,259.0,250.82000732421875,251.94000244140625,250.60699462890625,1919510
2007-09-04,252.0,254.5800018310547,249.1999969482422,251.02999877929688,249.70179748535156,1160485
2007-09-05,251.1999969482422,260.95001220703125,251.1999969482422,258.3599853515625,256.9930114746094,3827045
2007-09-06,257.0,264.0,254.0,260.489990234375,259.11175537109375,2089040
2007-09-07,261.79998779296875,263.3399963378906,254.1999969482422,256.760009765625,255.4014892578125,1469455
2007-09-10,256.0,258.94000244140625,250.1999969482422,255.75,254.39683532714844,1125430
2007-09-11,258.79998779296875,269.6000061035156,257.0,265.2900085449219,263.8863525390625,4260540
2007-09-12,268.0,271.6000061035156,265.2300109863281,267.1600036621094,265.7464599609375,8082430
2007-09-13,278.0,280.0,268.4200134277344,276.8800048828125,275.4150390625,8698815
2007-09-14,276.0,280.989990234375,272.6400146484375,274.75,273.2962951660156,3214760
2007-09-17,283.4800109863281,283.4800109863281,274.0299987792969,279.0400085449219,277.5635986328125,2488105
2007-09-18,280.0,288.0,276.0,287.4700012207031,285.9490051269531,3443185
2007-09-19,288.0,298.0,288.0,294.0400085449219,292.4842529296875,2786595
2007-09-20,295.0,303.0,290.45001220703125,300.75,299.1587219238281,2818590
2007-09-21,299.3999938964844,300.9599914550781,290.0,293.5400085449219,291.9869079589844,2572640
2007-09-24,293.3999938964844,295.29998779296875,287.0199890136719,289.0199890136719,287.49078369140625,1899930
2007-09-25,290.0,291.0,282.260009765625,287.3699951171875,285.8495178222656,4576025
2007-09-26,290.0,295.20001220703125,285.2699890136719,286.9599914550781,285.4416809082031,2504550
2007-09-27,289.20001220703125,291.0,283.07000732421875,289.92999267578125,288.3959655761719,2940405
2007-09-28,291.0,295.95001220703125,287.79998779296875,290.2200012207031,288.6844482421875,2795790
2007-10-01,291.0,295.79998779296875,291.0,294.7300109863281,293.17059326171875,5754590
2007-10-03,296.6000061035156,313.9599914550781,296.6000061035156,310.6499938964844,309.00634765625,5163870
2007-10-04,313.6000061035156,331.20001220703125,312.04998779296875,327.8999938964844,326.1650695800781,6564575
2007-10-05,329.0,333.3900146484375,320.20001220703125,329.9800109863281,328.2341003417969,3327445
2007-10-08,347.6000061035156,347.6000061035156,325.5199890136719,329.70001220703125,327.95556640625,6938660
2007-10-09,332.0,336.989990234375,311.1000061035156,334.7699890136719,332.99871826171875,3605090
2007-10-10,336.0,358.739990234375,336.0,353.9599914550781,352.0871887207031,8352480
2007-10-11,357.6000061035156,362.20001220703125,345.0,355.04998779296875,353.1714172363281,2180020
2007-10-12,353.0,353.0,333.80999755859375,339.82000732421875,338.02203369140625,2308530
2007-10-15,340.54998779296875,354.0,334.20001220703125,351.7099914550781,349.8490905761719,2432285
2007-10-16,353.6000061035156,362.4599914550781,343.0199890136719,358.6300048828125,356.7325134277344,3689380
2007-10-17,338.9599914550781,359.79998779296875,310.0,357.07000732421875,355.1807556152344,4292380
2007-10-18,362.0,365.0,322.1000061035156,329.3299865722656,327.5874938964844,5364225
2007-10-19,338.3999938964844,338.9599914550781,302.3999938964844,313.9700012207031,312.30877685546875,4683355
2007-10-22,301.0,329.0,290.5199890136719,317.55999755859375,315.8797912597656,2717565
2007-10-23,326.3999938964844,362.0,326.3999938964844,346.55999755859375,344.7263488769531,8169300
2007-10-24,359.79998779296875,390.94000244140625,348.3999938964844,381.239990234375,379.2228698730469,7835700
2007-10-25,375.0,389.3999938964844,366.0,385.0299987792969,382.9927978515625,6797335
2007-10-26,385.0299987792969,403.20001220703125,373.3699951171875,389.8999938964844,387.8370361328125,4313595
2007-10-29,390.79998779296875,405.3999938964844,390.79998779296875,399.5299987792969,397.41607666015625,7107940
2007-10-30,401.0,401.57000732421875,386.45001220703125,396.2900085449219,394.1932373046875,2538035
2007-10-31,397.0,399.760009765625,390.0,394.7099914550781,392.62158203125,1624490
2007-11-01,386.8800048828125,399.739990234375,386.8800048828125,394.1499938964844,392.0645446777344,3705825
2007-11-02,394.0,395.760009765625,382.0,394.1199951171875,392.0346984863281,1650605
2007-11-05,399.3999938964844,399.3999938964844,385.0,387.92999267578125,385.8774719238281,1700970
2007-11-06,386.2099914550781,394.6000061035156,383.0,385.489990234375,383.45037841796875,1563875
2007-11-07,390.0,392.8900146484375,375.0,379.5400085449219,377.5318603515625,2433055
2007-11-08,362.5400085449219,384.94000244140625,362.5400085449219,377.3900146484375,375.39324951171875,2939160
2007-11-12,384.32000732421875,384.3999938964844,373.0,380.07000732421875,378.0590515136719,3647095
2007-11-13,380.07000732421875,400.6000061035156,370.0,392.69000244140625,390.6122741699219,5479950
2007-11-14,395.0,404.0,389.0,399.7300109863281,397.61505126953125,9068195
2007-11-15,400.0,417.3999938964844,399.7300109863281,405.9599914550781,403.81207275390625,6449800
2007-11-16,405.9599914550781,423.6000061035156,400.0,412.82000732421875,410.6357727050781,2750805
2007-11-19,414.0,431.95001220703125,414.0,419.0299987792969,416.81292724609375,3676820
2007-11-20,417.5400085449219,422.20001220703125,402.0,407.19000244140625,405.0355529785156,3526955
2007-11-21,404.0,413.79998779296875,379.6000061035156,382.1000061035156,380.07830810546875,3243030
2007-11-22,380.0,387.0,355.07000732421875,366.17999267578125,364.2425537109375,4237820
2007-11-23,374.0,389.0,369.1099853515625,372.0,370.03173828125,4806860
2007-11-26,380.0,392.8999938964844,379.9800109863281,387.17999267578125,385.1314392089844,2991815
2007-11-27,384.3999938964844,389.0,379.0,381.6300048828125,379.6108093261719,1427380
2007-11-28,380.0,387.79998779296875,367.0,369.7900085449219,367.8334655761719,2620750
2007-11-29,379.94000244140625,380.0,358.8999938964844,363.8699951171875,361.94476318359375,7423200
2007-11-30,370.0,382.3699951171875,366.260009765625,379.3900146484375,377.3826599121094,6442430
2007-12-03,382.0,385.3399963378906,371.05999755859375,375.6600036621094,373.6723937988281,2919945
2007-12-04,381.7799987792969,382.94000244140625,373.20001220703125,376.1000061035156,374.1100769042969,2348230
2007-12-05,379.0,382.5400085449219,374.44000244140625,378.07000732421875,376.06964111328125,3923485
2007-12-06,380.3999938964844,391.5799865722656,380.0,388.2300109863281,386.1759033203125,4762595
2007-12-07,392.0,398.6000061035156,383.79998779296875,387.2099914550781,385.1612548828125,2467830
2007-12-10,391.0,403.5400085449219,391.0,399.0799865722656,396.9684753417969,3912590
2007-12-11,400.0,411.3800048828125,400.0,409.19000244140625,407.0249938964844,5758245
2007-12-12,401.79998779296875,407.6000061035156,392.0199890136719,402.4100036621094,400.2808532714844,4789770
2007-12-13,398.79998779296875,403.79998779296875,391.07000732421875,393.80999755859375,391.7263488769531,2576945
2007-12-14,394.0,397.0,388.6000061035156,390.8699951171875,388.8019104003906,2089940
2007-12-17,392.0,392.0,364.0,365.80999755859375,363.87451171875,4565415
2007-12-18,360.0,378.760009765625,353.1300048828125,371.79998779296875,369.8327941894531,21128100
2007-12-19,379.989990234375,383.79998779296875,375.0,380.2099914550781,378.19830322265625,4850370
2007-12-20,380.0,391.6000061035156,361.3999938964844,367.8900146484375,365.9435119628906,2887115
2007-12-24,370.0,385.9599914550781,370.0,383.2799987792969,381.2520751953125,2539680
2007-12-26,389.79998779296875,389.79998779296875,375.0,379.1400146484375,377.1340026855469,2440535
2007-12-27,384.6000061035156,390.0,380.20001220703125,387.6099853515625,385.55914306640625,3198545
2007-12-28,390.0,391.0,378.0,380.5299987792969,378.5166320800781,2036665
2007-12-31,388.0,390.0,384.3999938964844,387.3599853515625,385.3104553222656,2053485
2008-01-01,389.0,397.30999755859375,386.2200012207031,390.0899963378906,388.0260314941406,1293250
2008-01-02,390.6000061035156,395.3999938964844,386.04998779296875,391.8299865722656,389.7568054199219,3499595
2008-01-03,386.6000061035156,405.0,386.6000061035156,401.4100036621094,399.2861633300781,3939955
2008-01-04,404.0,410.20001220703125,404.0,406.7900085449219,404.6376953125,1992380
2008-01-07,404.0,441.55999755859375,392.5199890136719,434.2799987792969,431.98223876953125,4354775
2008-01-08,439.7300109863281,459.6000061035156,436.0199890136719,454.6099853515625,452.20465087890625,7163030
2008-01-09,454.0,459.79998779296875,442.45001220703125,447.6199951171875,445.25164794921875,3295970
2008-01-10,450.20001220703125,452.1000061035156,438.0,441.8599853515625,439.5221252441406,2221340
2008-01-11,444.0,444.0,421.32000732421875,424.8399963378906,422.5921630859375,3204655
2008-01-14,424.0,438.0,415.0,426.5199890136719,424.2632751464844,2998035
2008-01-15,429.3999938964844,432.79998779296875,407.0,409.1600036621094,406.9951477050781,1630000
2008-01-16,403.79998779296875,403.79998779296875,386.239990234375,397.3699951171875,395.26751708984375,2659525
2008-01-17,402.0,408.0,388.0,395.30999755859375,393.2184143066406,2157255
2008-01-18,396.0,398.9200134277344,374.25,379.3800048828125,377.3727111816406,2637340
2008-01-21,424.3999938964844,424.3999938964844,350.0,366.04998779296875,364.11322021484375,2852514
2008-01-22,350.0,392.0,320.0,343.8500061035156,342.03070068359375,2544554
2008-01-23,400.0,400.0,340.0,371.04998779296875,369.0867614746094,3333357
2008-01-24,385.0,395.0,326.0,337.3999938964844,335.61480712890625,2905865
2008-01-25,345.0,368.0,333.1499938964844,339.54998779296875,337.7534484863281,4393635
2008-01-28,330.0,330.0,303.54998779296875,315.1499938964844,313.4825439453125,3582874
2008-01-29,324.0,353.0,317.0,342.75,340.9365234375,6499182
2008-01-30,345.0,345.0,316.0,319.04998779296875,317.3619079589844,4460395
2008-01-31,321.0,328.8999938964844,300.0,308.8999938964844,307.2655944824219,7838738
2008-02-01,319.79998779296875,325.0,306.5,321.3999938964844,319.699462890625,2852667
2008-02-04,328.0,345.0,328.0,334.95001220703125,333.17779541015625,3681035
2008-02-05,334.95001220703125,341.75,324.0,327.1499938964844,325.4190368652344,2191046
2008-02-06,320.0,322.0,311.0,315.95001220703125,314.2783203125,3029436
2008-02-07,315.0,319.8999938964844,304.45001220703125,307.20001220703125,305.5746154785156,1853959
2008-02-08,310.0,315.0,298.04998779296875,310.04998779296875,308.4095153808594,3030136
2008-02-11,314.70001220703125,314.70001220703125,295.1000061035156,301.1000061035156,299.50689697265625,1899706
2008-02-12,305.0,307.79998779296875,297.0,299.75,298.1640319824219,1699535
2008-02-13,304.0,319.5,302.20001220703125,312.75,311.0952453613281,2471516
2008-02-14,315.0,340.0,315.0,338.3999938964844,336.6095275878906,3117482
2008-02-15,319.3500061035156,338.8999938964844,319.3500061035156,332.8500061035156,331.0888977050781,2082349
2008-02-18,332.8500061035156,338.0,319.0,322.8999938964844,321.1915283203125,1526414
2008-02-19,324.20001220703125,334.3999938964844,315.0,316.6000061035156,314.92486572265625,1553471
2008-02-20,316.1000061035156,316.1000061035156,304.5,308.3500061035156,306.7185363769531,2452234
2008-02-21,312.0,318.0,305.1499938964844,308.1000061035156,306.4698486328125,1821290
2008-02-22,305.0,307.8999938964844,300.1000061035156,303.6499938964844,302.04339599609375,1885584
2008-02-25,305.0,309.0,293.5,296.25,294.68255615234375,3543854
2008-02-26,298.0,317.5,298.0,313.95001220703125,312.2889099121094,4593304
2008-02-27,315.0,320.8500061035156,301.1000061035156,304.3999938964844,302.7894287109375,4714089
2008-02-28,305.0,305.0,295.5,299.20001220703125,297.616943359375,5370578
2008-02-29,296.8500061035156,297.0,275.0,281.3999938964844,279.9111022949219,11681768
2008-03-03,275.0,280.0,250.10000610351562,252.0500030517578,250.71641540527344,7724740
2008-03-04,252.0,257.0,227.5,240.25,238.9788360595703,10706024
2008-03-05,243.0,243.4499969482422,229.35000610351562,237.6999969482422,236.4423370361328,5612686
2008-03-07,235.0,253.0,221.0500030517578,247.3000030517578,245.99154663085938,10034357
2008-03-10,250.0,254.0,230.0,249.89999389648438,248.57777404785156,6851968
2008-03-11,250.0,273.45001220703125,240.0,270.25,268.8200988769531,6572911
2008-03-12,275.0,282.0,265.1000061035156,265.5,264.0952453613281,6149520
2008-03-13,262.0,262.0,234.1999969482422,241.0500030517578,239.7746124267578,3044454
2008-03-14,244.0,253.9499969482422,235.0,247.85000610351562,246.53863525390625,4029391
2008-03-17,245.0,245.0,232.0,236.3000030517578,235.04974365234375,2649426
2008-03-18,234.0,248.39999389648438,233.0,239.25,237.984130859375,3643905
2008-03-19,279.8999938964844,279.8999938964844,232.39999389648438,235.39999389648438,234.1544952392578,7041175
2008-03-24,245.0,245.0,223.10000610351562,230.14999389648438,228.93226623535156,5440369
2008-03-25,233.0,239.89999389648438,228.10000610351562,234.0500030517578,232.8116455078125,16015598
2008-03-26,235.0,236.0,224.75,228.1999969482422,226.9925994873047,12305974
2008-03-27,228.0,243.0,221.0,239.6999969482422,238.43174743652344,14544283
2008-03-28,243.0,273.45001220703125,242.0,270.04998779296875,268.62115478515625,12050011
2008-03-31,265.0,277.8999938964844,257.29998779296875,263.79998779296875,262.40423583984375,10252442
2008-04-01,264.0,284.0,264.0,280.95001220703125,279.4635009765625,7588449
2008-04-02,286.0,295.8999938964844,281.20001220703125,285.1499938964844,283.6412658691406,9209763
2008-04-03,285.0,286.45001220703125,268.0,272.04998779296875,270.6105651855469,10408445
2008-04-04,272.0,280.5,269.5,277.54998779296875,276.08148193359375,9787562
2008-04-07,281.0,295.3999938964844,277.29998779296875,293.29998779296875,291.7481384277344,8691446
2008-04-08,291.0,296.8500061035156,286.29998779296875,289.70001220703125,288.1672058105469,6883713
2008-04-09,290.0,304.8500061035156,286.0,303.0,301.3968200683594,6005890
2008-04-10,303.04998779296875,304.79998779296875,288.5,289.75,288.2169494628906,7005215
2008-04-11,293.0,298.70001220703125,288.1000061035156,290.3999938964844,288.8634948730469,5107620
2008-04-15,288.0,299.6000061035156,287.1499938964844,292.3500061035156,290.8031921386719,3607428
2008-04-16,293.0,296.79998779296875,284.54998779296875,289.79998779296875,288.26666259765625,4737223
2008-04-17,295.0,302.95001220703125,289.6000061035156,299.6499938964844,298.0645446777344,7500161
2008-04-21,303.1000061035156,316.8999938964844,303.1000061035156,305.54998779296875,303.9333190917969,5679687
2008-04-22,306.0,309.79998779296875,294.5,297.04998779296875,295.4783020019531,3536600
2008-04-23,295.0,300.0,284.1000061035156,286.20001220703125,284.68572998046875,5623464
2008-04-24,288.0,292.70001220703125,282.8500061035156,285.3999938964844,283.88995361328125,4492135
2008-04-25,285.0,290.0,283.0,289.79998779296875,288.26666259765625,2371456
2008-04-28,290.5,292.70001220703125,276.6000061035156,278.5,277.0264587402344,2695473
2008-04-29,276.0,288.25,273.5,286.6000061035156,285.0836181640625,5761186
2008-04-30,286.6000061035156,292.5,283.5,287.20001220703125,285.6804504394531,2988754
2008-05-02,290.0,293.3999938964844,287.0,288.95001220703125,287.4211730957031,2503567
2008-05-05,290.0,296.3999938964844,286.6499938964844,289.8999938964844,288.36614990234375,3903644
2008-05-06,287.20001220703125,293.3500061035156,283.20001220703125,285.0,283.4920654296875,2302205
2008-05-07,289.8999938964844,290.0,278.04998779296875,282.3999938964844,280.90582275390625,1918172
2008-05-08,280.0,286.45001220703125,277.0,279.3500061035156,277.8719787597656,2073047
2008-05-09,279.0,283.79998779296875,265.1000061035156,270.6499938964844,269.2179870605469,7281272
2008-05-12,270.0,281.04998779296875,262.70001220703125,279.0,277.5238037109375,3778503
2008-05-13,288.0,288.0,275.25,278.45001220703125,276.97674560546875,3387642
2008-05-14,277.29998779296875,285.0,276.0,283.70001220703125,282.198974609375,1575852
2008-05-15,285.45001220703125,293.3500061035156,284.0,292.54998779296875,291.0021057128906,2228025
2008-05-16,295.0,309.79998779296875,293.70001220703125,307.95001220703125,306.3206481933594,7520918
2008-05-20,305.0,320.8500061035156,300.0,318.45001220703125,316.7651062011719,14602395
2008-05-21,316.0,319.0,307.29998779296875,308.95001220703125,307.31536865234375,4407586
2008-05-22,305.0,306.95001220703125,289.1499938964844,290.54998779296875,289.0126953125,4440768
2008-05-23,291.0,300.79998779296875,290.04998779296875,296.8999938964844,295.3291015625,7149939
2008-05-26,293.0,307.1000061035156,288.0,305.04998779296875,303.43597412109375,5155494
2008-05-27,306.8500061035156,310.5,296.1000061035156,297.29998779296875,295.72698974609375,3036914
2008-05-28,302.45001220703125,303.0,282.6000061035156,289.54998779296875,288.0179748535156,4665009
2008-05-29,290.0,292.1000061035156,272.79998779296875,275.1499938964844,273.6941833496094,13966825
2008-05-30,280.0,282.3999938964844,272.5,277.3999938964844,275.9322814941406,3053759
2008-06-02,280.0,285.0,264.5,268.25,266.8306884765625,3906056
2008-06-03,265.0,266.45001220703125,248.1999969482422,258.54998779296875,257.1820068359375,12730486
2008-06-04,257.0,264.25,240.25,246.8000030517578,245.4941864013672,11644444
2008-06-05,246.8000030517578,272.8999938964844,246.0,269.45001220703125,268.02435302734375,8375871
2008-06-06,278.95001220703125,287.75,269.45001220703125,280.1499938964844,278.667724609375,6269169
2008-06-09,275.0,277.25,250.0500030517578,261.79998779296875,260.414794921875,11424020
2008-06-10,257.0,270.95001220703125,246.14999389648438,269.3999938964844,267.974609375,9696491
2008-06-11,268.5,279.95001220703125,265.20001220703125,270.29998779296875,268.8698425292969,10394464
2008-06-12,265.0,265.6000061035156,250.8000030517578,254.85000610351562,253.50160217285156,11528240
2008-06-13,254.75,260.8999938964844,243.0500030517578,244.89999389648438,243.60423278808594,12151950
2008-06-16,253.8000030517578,253.8000030517578,240.0,241.60000610351562,240.3217010498047,6652512
2008-06-17,243.0,246.6999969482422,240.35000610351562,244.25,242.95767211914062,8229031
2008-06-18,248.25,255.89999389648438,246.25,249.75,248.42857360839844,12728719
2008-06-19,247.0,252.75,240.5,246.9499969482422,245.6433868408203,5797126
2008-06-20,248.8000030517578,249.0,238.0,243.75,242.4603271484375,6838420
2008-06-23,242.0,242.89999389648438,225.3000030517578,227.89999389648438,226.69418334960938,5388004
2008-06-24,229.0,243.5,225.14999389648438,239.5,238.23280334472656,8136850
2008-06-25,237.0,246.0,234.0,243.89999389648438,242.60952758789062,6540543
2008-06-26,247.0,249.0,236.3000030517578,243.4499969482422,242.1619110107422,4365979
2008-06-27,243.89999389648438,243.89999389648438,228.14999389648438,230.1999969482422,228.9820098876953,4208422
2008-06-30,235.0,237.0,211.5,215.9499969482422,214.80740356445312,7343626
2008-07-01,216.5,221.0,190.8000030517578,195.35000610351562,194.31640625,11748220
2008-07-02,198.0,203.39999389648438,178.25,199.35000610351562,198.2952423095703,11994742
2008-07-03,200.0,201.1999969482422,174.6999969482422,179.25,178.3015899658203,7270907
2008-07-04,179.0,194.75,175.0,191.85000610351562,190.83493041992188,18290632
2008-07-07,192.0,206.75,189.0,194.6999969482422,193.6698455810547,6521990
2008-07-08,189.5,202.0,182.0,196.60000610351562,195.55979919433594,9651669
2008-07-09,204.8000030517578,209.5,198.25,208.5,207.39683532714844,7552049
2008-07-10,208.0,211.0,192.10000610351562,208.0,206.89947509765625,15708367
2008-07-11,208.0,210.5,198.39999389648438,201.14999389648438,200.08570861816406,5789471
2008-07-14,195.3000030517578,206.3000030517578,195.1999969482422,196.64999389648438,195.60952758789062,4968501
2008-07-15,192.0,196.39999389648438,185.0,185.9499969482422,184.9661407470703,4771051
2008-07-16,187.0,193.89999389648438,185.5500030517578,189.0,188.0,3536773
2008-07-17,194.0,200.0,183.3000030517578,195.6999969482422,195.6999969482422,7198531
2008-07-18,198.0,207.0,190.5,195.39999389648438,195.39999389648438,5333682
2008-07-21,197.0,198.8000030517578,191.0,194.89999389648438,194.89999389648438,2761820
2008-07-22,197.0,205.3000030517578,193.10000610351562,199.64999389648438,199.64999389648438,5940841
2008-07-23,204.0,222.5,204.0,220.14999389648438,220.14999389648438,12464468
2008-07-24,223.0,228.8000030517578,213.1999969482422,216.10000610351562,216.10000610351562,5632325
2008-07-25,225.0,225.0,206.14999389648438,211.39999389648438,211.39999389648438,2909613
2008-07-28,212.0,218.5500030517578,208.10000610351562,213.6999969482422,213.6999969482422,2289795
2008-07-29,213.0,215.89999389648438,207.10000610351562,212.0,212.0,3592348
2008-07-30,215.0,222.5,214.10000610351562,218.64999389648438,218.64999389648438,4049236
2008-07-31,219.6999969482422,230.89999389648438,219.6999969482422,223.10000610351562,223.10000610351562,9341360
2008-08-01,221.0,240.8000030517578,216.25,238.8000030517578,238.8000030517578,5988153
2008-08-04,240.9499969482422,249.35000610351562,232.64999389648438,235.75,235.75,6389807
2008-08-05,235.10000610351562,241.9499969482422,232.60000610351562,240.39999389648438,240.39999389648438,5548792
2008-08-06,245.0,250.8000030517578,239.5,242.1999969482422,242.1999969482422,7753342
2008-08-07,242.5,246.0,238.60000610351562,242.10000610351562,242.10000610351562,2609037
2008-08-08,240.39999389648438,248.39999389648438,233.0,246.3000030517578,246.3000030517578,3915207
2008-08-11,250.5500030517578,253.85000610351562,247.10000610351562,250.0,250.0,2430874
2008-08-12,250.0,250.25,242.0,244.64999389648438,244.64999389648438,1641162
2008-08-13,244.0,247.9499969482422,239.10000610351562,242.5500030517578,242.5500030517578,2603466
2008-08-14,240.0,246.0,233.5500030517578,241.10000610351562,241.10000610351562,3232031
2008-08-18,242.0,242.0,232.5,233.75,233.75,2500744
2008-08-19,232.5,240.5,228.0,238.1999969482422,238.1999969482422,2505584
2008-08-20,240.0,242.0,235.0500030517578,236.14999389648438,236.14999389648438,2532172
2008-08-21,234.6999969482422,235.8000030517578,224.3000030517578,225.5500030517578,225.5500030517578,2391218
2008-08-22,226.85000610351562,229.39999389648438,217.3000030517578,226.35000610351562,226.35000610351562,3499138
2008-08-25,227.0500030517578,234.0,215.0,216.4499969482422,216.4499969482422,5109465
2008-08-26,213.0,214.0,203.1999969482422,207.25,207.25,8255577
2008-08-27,209.8000030517578,211.8000030517578,203.14999389648438,204.6999969482422,204.6999969482422,5414585
2008-08-28,204.8000030517578,211.8000030517578,203.1999969482422,208.60000610351562,208.60000610351562,7423569
2008-08-29,212.5,219.35000610351562,210.25,218.0500030517578,218.0500030517578,3109890
2008-09-01,216.0,220.0,212.0,216.6999969482422,216.6999969482422,3906979
2008-09-02,218.0,233.64999389648438,216.39999389648438,229.75,229.75,4880963
2008-09-04,226.0,228.0,222.3000030517578,226.9499969482422,226.9499969482422,2719331
2008-09-05,221.10000610351562,232.25,219.0,225.6999969482422,225.6999969482422,3586457
2008-09-08,228.0,244.0,228.0,235.8000030517578,235.8000030517578,4546461
2008-09-09,233.39999389648438,244.0,231.25,240.85000610351562,240.85000610351562,3015557
2008-09-10,237.0,245.8000030517578,236.39999389648438,243.89999389648438,243.89999389648438,4242735
2008-09-11,242.0,242.6999969482422,225.60000610351562,227.60000610351562,227.60000610351562,7619566
2008-09-12,230.0,231.10000610351562,215.8000030517578,219.60000610351562,219.60000610351562,7106164
2008-09-15,234.0,234.0,204.10000610351562,211.60000610351562,211.60000610351562,4150314
2008-09-16,207.0,211.6999969482422,195.3000030517578,201.35000610351562,201.35000610351562,9643457
2008-09-17,203.8000030517578,205.0,195.35000610351562,197.0,197.0,8611572
2008-09-18,192.0,220.5,185.1999969482422,209.9499969482422,209.9499969482422,24168580
2008-09-19,219.8000030517578,225.60000610351562,209.39999389648438,212.14999389648438,212.14999389648438,11182556
2008-09-22,215.8000030517578,217.8000030517578,196.5,198.60000610351562,198.60000610351562,8404052
2008-09-23,195.0,203.35000610351562,192.35000610351562,193.60000610351562,193.60000610351562,6567076
2008-09-24,193.35000610351562,199.0,191.75,196.3000030517578,196.3000030517578,6424264
2008-09-25,198.35000610351562,199.39999389648438,180.10000610351562,181.8000030517578,181.8000030517578,14417116
2008-09-26,181.0,183.0,170.60000610351562,175.25,175.25,10981619
2008-09-29,176.10000610351562,178.89999389648438,150.25,153.5,153.5,12646388
2008-09-30,153.0,157.89999389648438,139.89999389648438,152.10000610351562,152.10000610351562,21379312
2008-10-01,156.14999389648438,160.60000610351562,149.64999389648438,150.8000030517578,150.8000030517578,11224698
2008-10-03,149.89999389648438,153.89999389648438,143.5,147.3000030517578,147.3000030517578,9060909
2008-10-06,144.8000030517578,144.8000030517578,125.0,126.94999694824219,126.94999694824219,6860618
2008-10-07,130.0,135.14999389648438,119.55000305175781,124.3499984741211,124.3499984741211,9545330
2008-10-08,120.0,120.0,100.05000305175781,113.19999694824219,113.19999694824219,19460884
2008-10-10,98.0,105.0,90.5999984741211,93.19999694824219,93.19999694824219,11385295
2008-10-13,96.19999694824219,109.80000305175781,95.0,107.4000015258789,107.4000015258789,12414446
2008-10-14,112.0,118.75,109.6500015258789,111.44999694824219,111.44999694824219,9761603
2008-10-15,108.9000015258789,110.9000015258789,101.5999984741211,103.0,103.0,7093041
2008-10-16,98.69999694824219,98.69999694824219,87.05000305175781,93.4000015258789,93.4000015258789,20563348
2008-10-17,93.0,100.4000015258789,85.0,86.25,86.25,14605181
2008-10-20,88.1500015258789,90.6500015258789,81.30000305175781,84.8499984741211,84.8499984741211,10675148
2008-10-21,90.05000305175781,94.25,85.5,91.9000015258789,91.9000015258789,12492181
2008-10-22,89.94999694824219,91.44999694824219,84.6500015258789,85.5999984741211,85.5999984741211,6169143
2008-10-23,83.8499984741211,83.8499984741211,76.6500015258789,77.9000015258789,77.9000015258789,8330416
2008-10-24,75.0,76.44999694824219,43.0,46.5,46.5,47073429
2008-10-27,47.0,55.400001525878906,41.70000076293945,46.900001525878906,46.900001525878906,36170072
2008-10-29,55.04999923706055,55.04999923706055,45.0,46.150001525878906,46.150001525878906,27886764
2008-10-31,40.0,49.400001525878906,40.0,44.400001525878906,44.400001525878906,37494677
2008-11-03,48.0,49.400001525878906,44.5,45.79999923706055,45.79999923706055,36232944
2008-11-04,46.20000076293945,56.5,45.79999923706055,55.400001525878906,55.400001525878906,75734944
2008-11-05,58.0,66.0,56.900001525878906,58.650001525878906,58.650001525878906,72123208
2008-11-06,56.0,63.099998474121094,53.0,60.150001525878906,60.150001525878906,47058456
2008-11-07,61.099998474121094,71.8499984741211,61.099998474121094,70.5999984741211,70.5999984741211,56379476
2008-11-10,73.0,75.4000015258789,66.19999694824219,68.8499984741211,68.8499984741211,55569240
2008-11-11,68.0,68.0,58.79999923706055,59.400001525878906,59.400001525878906,43620268
2008-11-12,56.29999923706055,62.45000076293945,55.70000076293945,57.0,57.0,40125624
2008-11-14,61.0,62.5,52.75,54.54999923706055,54.54999923706055,38969368
2008-11-17,54.0,55.70000076293945,50.20000076293945,54.45000076293945,54.45000076293945,31932004
2008-11-18,53.0,53.849998474121094,50.0,50.650001525878906,50.650001525878906,22470296
2008-11-19,51.0,54.0,46.599998474121094,47.599998474121094,47.599998474121094,39584640
2008-11-20,45.95000076293945,47.099998474121094,43.75,46.599998474121094,46.599998474121094,22989561
2008-11-21,45.5,50.5,45.25,49.45000076293945,49.45000076293945,35436276
2008-11-24,49.0,50.45000076293945,45.75,46.79999923706055,46.79999923706055,26557658
2008-11-25,49.0,49.900001525878906,41.54999923706055,42.349998474121094,42.349998474121094,30692384
2008-11-26,42.849998474121094,44.400001525878906,38.29999923706055,40.45000076293945,40.45000076293945,49337800
2008-11-28,40.04999923706055,42.400001525878906,39.04999923706055,41.650001525878906,41.650001525878906,26850012
2008-12-01,42.45000076293945,43.400001525878906,39.150001525878906,39.45000076293945,39.45000076293945,27145898
2008-12-02,37.900001525878906,38.650001525878906,36.20000076293945,36.900001525878906,36.900001525878906,27667580
2008-12-03,37.400001525878906,39.20000076293945,36.70000076293945,37.650001525878906,37.650001525878906,34686200
2008-12-04,38.25,42.25,37.79999923706055,41.54999923706055,41.54999923706055,51179904
2008-12-05,42.400001525878906,45.150001525878906,41.599998474121094,42.45000076293945,42.45000076293945,45979608
2008-12-08,44.79999923706055,46.20000076293945,44.099998474121094,44.70000076293945,44.70000076293945,32557380
2008-12-10,45.5,50.5,45.20000076293945,48.95000076293945,48.95000076293945,48191832
2008-12-11,49.5,54.099998474121094,47.099998474121094,50.0,50.0,57853064
2008-12-12,48.900001525878906,52.75,46.849998474121094,52.20000076293945,52.20000076293945,38338500
2008-12-15,53.0,56.70000076293945,53.0,54.45000076293945,54.45000076293945,33194570
2008-12-16,53.79999923706055,59.099998474121094,53.79999923706055,58.0,58.0,42000652
2008-12-17,59.25,61.099998474121094,50.599998474121094,52.5,52.5,39215004
2008-12-18,52.79999923706055,59.400001525878906,50.400001525878906,58.5,58.5,57199636
2008-12-19,59.04999923706055,62.25,57.150001525878906,58.20000076293945,58.20000076293945,57484488
2008-12-22,58.70000076293945,62.0,57.79999923706055,60.29999923706055,60.29999923706055,53028868
2008-12-23,60.75,62.75,55.849998474121094,57.0,57.0,41292200
2008-12-24,57.54999923706055,59.95000076293945,55.400001525878906,58.29999923706055,58.29999923706055,33461620
2008-12-26,59.0,61.650001525878906,56.5,56.849998474121094,56.849998474121094,35082056
2008-12-29,56.0,60.75,56.0,60.45000076293945,60.45000076293945,34369164
2008-12-30,60.099998474121094,62.0,58.29999923706055,60.75,60.75,43942088
2008-12-31,61.95000076293945,64.5999984741211,61.0,62.29999923706055,62.29999923706055,38832424
2009-01-02,71.0,72.80000305175781,63.900001525878906,64.55000305175781,64.55000305175781,49190300
2009-01-05,65.1500015258789,68.0,64.5999984741211,67.6500015258789,67.6500015258789,30113714
2009-01-06,67.6500015258789,70.1500015258789,65.5,67.75,67.75,47487980
2009-01-07,68.6500015258789,69.69999694824219,50.79999923706055,52.45000076293945,52.45000076293945,60140875
2009-01-09,52.0,55.20000076293945,46.0,52.79999923706055,52.79999923706055,33939371
2009-01-12,52.5,54.20000076293945,48.20000076293945,50.20000076293945,50.20000076293945,34546216
2009-01-13,49.5,51.75,46.54999923706055,47.75,47.75,22902586
2009-01-14,48.95000076293945,50.70000076293945,48.5,50.04999923706055,50.04999923706055,20390272
2009-01-15,49.0,49.0,45.20000076293945,48.0,48.0,13952090
2009-01-16,48.95000076293945,51.20000076293945,48.75,50.5,50.5,14926088
2009-01-19,51.45000076293945,55.20000076293945,50.75,54.400001525878906,54.400001525878906,27926330
2009-01-20,53.400001525878906,53.75,51.0,52.099998474121094,52.099998474121094,21199978
2009-01-21,51.0,53.25,49.099998474121094,49.849998474121094,49.849998474121094,20061646
2009-01-22,50.0,51.70000076293945,47.650001525878906,49.150001525878906,49.150001525878906,15658456
2009-01-23,49.79999923706055,50.0,47.5,48.849998474121094,48.849998474121094,12403760
2009-01-27,49.79999923706055,50.79999923706055,46.599998474121094,47.0,47.0,15755688
2009-01-28,47.5,48.29999923706055,45.150001525878906,45.900001525878906,45.900001525878906,27497392
2009-01-29,47.099998474121094,48.29999923706055,43.75,44.75,44.75,42165980
2009-01-30,43.0,47.75,41.599998474121094,47.25,47.25,43843352
2009-02-02,46.0,47.900001525878906,44.04999923706055,44.45000076293945,44.45000076293945,25713557
2009-02-03,45.45000076293945,45.75,42.150001525878906,42.95000076293945,42.95000076293945,25461508
2009-02-04,44.0,44.400001525878906,41.5,42.0,42.0,15289334
2009-02-05,42.0,43.650001525878906,41.150001525878906,43.0,43.0,16801352
2009-02-06,43.900001525878906,45.150001525878906,43.29999923706055,43.650001525878906,43.650001525878906,17322392
2009-02-09,44.29999923706055,45.5,43.25,44.95000076293945,44.95000076293945,16852568
2009-02-10,45.0,46.5,44.29999923706055,44.95000076293945,44.95000076293945,18659662
2009-02-11,44.099998474121094,46.0,43.5,45.70000076293945,45.70000076293945,18964912
2009-02-12,45.70000076293945,46.95000076293945,45.099998474121094,45.5,45.5,14226360
2009-02-13,46.04999923706055,47.599998474121094,46.0,46.849998474121094,46.849998474121094,16834204
2009-02-16,47.20000076293945,47.45000076293945,44.400001525878906,44.75,44.75,14925131
2009-02-17,44.0,44.5,41.0,41.349998474121094,41.349998474121094,25222958
2009-02-18,41.349998474121094,42.45000076293945,40.400001525878906,41.70000076293945,41.70000076293945,15771497
2009-02-19,44.150001525878906,46.900001525878906,42.5,42.849998474121094,42.849998474121094,20946416
2009-02-20,42.29999923706055,42.400001525878906,40.849998474121094,41.29999923706055,41.29999923706055,10910517
2009-02-24,41.349998474121094,41.349998474121094,39.75,40.29999923706055,40.29999923706055,14525161
2009-02-25,41.79999923706055,42.599998474121094,41.0,41.349998474121094,41.349998474121094,15783656
2009-02-26,41.5,42.349998474121094,40.150001525878906,40.900001525878906,40.900001525878906,22088884
2009-02-27,41.0,41.79999923706055,40.099998474121094,40.650001525878906,40.650001525878906,11679428
2009-03-02,40.04999923706055,40.150001525878906,38.29999923706055,38.54999923706055,38.54999923706055,11197699
2009-03-03,38.099998474121094,40.099998474121094,37.70000076293945,38.29999923706055,38.29999923706055,20736792
2009-03-04,39.0,39.5,38.04999923706055,38.25,38.25,14257423
2009-03-05,38.599998474121094,39.400001525878906,35.25,36.25,36.25,20515144
2009-03-06,35.75,36.20000076293945,34.599998474121094,35.0,35.0,20818056
2009-03-09,34.5,36.099998474121094,34.25,34.79999923706055,34.79999923706055,12342100
2009-03-12,35.5,36.25,33.04999923706055,33.29999923706055,33.29999923706055,20824838
2009-03-13,34.400001525878906,35.29999923706055,33.900001525878906,34.599998474121094,34.599998474121094,18617022
2009-03-16,35.0,35.79999923706055,34.0,35.20000076293945,35.20000076293945,23595472
2009-03-17,35.79999923706055,37.150001525878906,35.04999923706055,36.150001525878906,36.150001525878906,30310172
2009-03-18,36.900001525878906,39.25,36.70000076293945,38.150001525878906,38.150001525878906,43254376
2009-03-19,38.5,39.650001525878906,36.650001525878906,37.900001525878906,37.900001525878906,28805374
2009-03-20,37.70000076293945,38.599998474121094,37.099998474121094,38.150001525878906,38.150001525878906,15425886
2009-03-23,39.20000076293945,41.400001525878906,38.54999923706055,40.54999923706055,40.54999923706055,27542100
2009-03-24,41.900001525878906,44.20000076293945,41.650001525878906,42.79999923706055,42.79999923706055,52820732
2009-03-25,42.849998474121094,45.20000076293945,42.849998474121094,44.900001525878906,44.900001525878906,29252768
2009-03-26,45.79999923706055,46.349998474121094,43.900001525878906,44.650001525878906,44.650001525878906,23857404
2009-03-27,45.400001525878906,46.5,44.900001525878906,45.5,45.5,20265456
2009-03-30,44.0,44.79999923706055,41.0,41.349998474121094,41.349998474121094,24814194
2009-03-31,42.0,43.25,40.20000076293945,42.349998474121094,42.349998474121094,27476346
2009-04-01,43.45000076293945,47.0,42.45000076293945,46.54999923706055,46.54999923706055,42682812
2009-04-02,47.0,52.150001525878906,47.0,50.900001525878906,50.900001525878906,53582424
2009-04-06,52.04999923706055,57.900001525878906,52.04999923706055,56.150001525878906,56.150001525878906,60222632
2009-04-08,54.0,58.75,52.099998474121094,58.099998474121094,58.099998474121094,45768596
2009-04-09,59.20000076293945,60.29999923706055,55.400001525878906,57.5,57.5,47633336
2009-04-13,58.70000076293945,65.6500015258789,57.900001525878906,64.19999694824219,64.19999694824219,52235928
2009-04-15,62.400001525878906,69.69999694824219,61.04999923706055,68.80000305175781,68.80000305175781,48591648
2009-04-16,69.5,73.1500015258789,53.25,56.099998474121094,56.099998474121094,87077729
2009-04-17,50.0,61.79999923706055,50.0,57.900001525878906,57.900001525878906,59798796
2009-04-20,59.849998474121094,61.25,57.04999923706055,58.599998474121094,58.599998474121094,32686716
2009-04-21,55.150001525878906,58.900001525878906,52.599998474121094,57.400001525878906,57.400001525878906,56880020
2009-04-22,58.79999923706055,62.900001525878906,58.54999923706055,61.45000076293945,61.45000076293945,66762644
2009-04-23,62.0,63.25,60.5,62.75,62.75,44587880
2009-04-24,63.29999923706055,66.4000015258789,61.0,65.9000015258789,65.9000015258789,42178200
2009-04-27,65.0,67.19999694824219,63.099998474121094,64.44999694824219,64.44999694824219,30523498
2009-04-28,64.9000015258789,65.5,58.349998474121094,60.099998474121094,60.099998474121094,32086014
2009-04-29,61.849998474121094,65.0,60.900001525878906,63.599998474121094,63.599998474121094,38933772
2009-04-30,63.900001525878906,63.900001525878906,63.900001525878906,63.900001525878906,63.900001525878906,0
2009-05-04,66.0,67.75,64.9000015258789,65.9000015258789,65.9000015258789,34313028
2009-05-05,67.0999984741211,73.0999984741211,65.44999694824219,72.3499984741211,72.3499984741211,70788496
2009-05-06,73.05000305175781,78.1500015258789,71.30000305175781,73.75,73.75,76359192
2009-05-07,76.30000305175781,78.4000015258789,74.80000305175781,77.4000015258789,77.4000015258789,43799484
2009-05-08,77.75,79.19999694824219,73.25,76.19999694824219,76.19999694824219,39407724
2009-05-11,77.5,79.44999694824219,72.75,75.0999984741211,75.0999984741211,32712560
2009-05-12,74.0999984741211,82.19999694824219,71.4000015258789,80.8499984741211,80.8499984741211,54244784
2009-05-13,82.0,82.75,75.19999694824219,76.9000015258789,76.9000015258789,85998224
2009-05-14,75.5,77.80000305175781,72.25,75.5999984741211,75.5999984741211,35266476
2009-05-15,76.5,79.4000015258789,75.69999694824219,76.6500015258789,76.6500015258789,32303136
2009-05-18,86.30000305175781,99.0,86.30000305175781,93.3499984741211,93.3499984741211,275415
2009-05-19,95.05000305175781,99.9000015258789,82.0,89.9000015258789,89.9000015258789,66090396
2009-05-20,87.80000305175781,94.80000305175781,85.4000015258789,92.69999694824219,92.69999694824219,59918604
2009-05-21,91.69999694824219,96.6500015258789,89.30000305175781,90.44999694824219,90.44999694824219,43560220
2009-05-22,90.0,94.9000015258789,89.0,94.0,94.0,32360482
2009-05-25,92.4000015258789,95.0999984741211,88.4000015258789,89.44999694824219,89.44999694824219,52573328
2009-05-26,89.0,92.5,84.80000305175781,86.75,86.75,43185624
2009-05-27,88.0,91.19999694824219,87.80000305175781,89.75,89.75,31167714
2009-05-28,91.30000305175781,92.9000015258789,89.5,90.75,90.75,55760488
2009-05-29,93.5,99.30000305175781,92.0,97.9000015258789,97.9000015258789,67799714
2009-06-01,101.0,115.44999694824219,99.9000015258789,113.75,113.75,95946320
2009-06-02,115.3499984741211,116.69999694824219,107.1500015258789,110.8499984741211,110.8499984741211,50922972
2009-06-03,115.5,127.80000305175781,111.0999984741211,126.3499984741211,126.3499984741211,89377328
2009-06-04,128.0,139.8000030517578,120.0999984741211,136.89999389648438,136.89999389648438,103440328
2009-06-05,136.85000610351562,145.6999969482422,128.3000030517578,131.0,131.0,81375440
2009-06-08,133.35000610351562,138.75,119.0,121.80000305175781,121.80000305175781,80237184
2009-06-09,120.0,128.0,110.44999694824219,125.44999694824219,125.44999694824219,79853864
2009-06-10,128.0,131.89999389648438,120.55000305175781,123.5999984741211,123.5999984741211,55548760
2009-06-11,122.75,124.5999984741211,116.5999984741211,121.1500015258789,121.1500015258789,61687940
2009-06-12,129.89999389648438,129.89999389648438,116.80000305175781,118.8499984741211,118.8499984741211,58382256
2009-06-15,124.0,124.5,115.0,116.55000305175781,116.55000305175781,41494020
2009-06-16,113.9000015258789,121.80000305175781,113.0,119.94999694824219,119.94999694824219,53854472
2009-06-17,121.0,122.75,110.1500015258789,112.19999694824219,112.19999694824219,55453938
2009-06-18,113.05000305175781,114.44999694824219,97.5999984741211,100.05000305175781,100.05000305175781,63850056
2009-06-19,102.4000015258789,113.0,102.4000015258789,111.05000305175781,111.05000305175781,76549640
2009-06-22,114.5,115.5,107.6500015258789,108.8499984741211,108.8499984741211,47436492
2009-06-23,103.0,108.5999984741211,102.5,106.94999694824219,106.94999694824219,67785400
2009-06-24,107.5999984741211,117.4000015258789,107.05000305175781,116.6500015258789,116.6500015258789,68606728
2009-06-25,119.94999694824219,122.44999694824219,115.5,117.5999984741211,117.5999984741211,66885124
2009-06-26,119.4000015258789,124.5,118.0,123.5,123.5,52397592
2009-06-29,123.0,124.0,112.8499984741211,117.0999984741211,117.0999984741211,71436200
2009-06-30,119.0,119.75,102.5999984741211,103.75,103.75,76950024
2009-07-01,104.75,108.0,101.19999694824219,106.75,106.75,65376640
2009-07-02,108.75,108.75,102.0,104.25,104.25,41203780
2009-07-03,104.5,108.0,102.0,106.8499984741211,106.8499984741211,45787280
2009-07-06,108.0,110.55000305175781,97.0,98.80000305175781,98.80000305175781,59467328
2009-07-07,98.0,101.69999694824219,94.69999694824219,97.55000305175781,97.55000305175781,46628096
2009-07-08,96.0,96.0,86.69999694824219,87.25,87.25,60493388
2009-07-09,88.0,89.0999984741211,83.30000305175781,86.3499984741211,86.3499984741211,65514792
2009-07-10,87.30000305175781,89.75,81.69999694824219,83.25,83.25,62917544
2009-07-13,81.0999984741211,82.44999694824219,77.5,80.3499984741211,80.3499984741211,46890032
2009-07-14,82.8499984741211,91.69999694824219,82.5,89.69999694824219,89.69999694824219,54489112
2009-07-15,92.0999984741211,94.9000015258789,90.80000305175781,93.9000015258789,93.9000015258789,58400112
2009-07-16,95.5,98.44999694824219,92.05000305175781,92.80000305175781,92.80000305175781,55406272
2009-07-17,93.0,97.5,93.0,95.69999694824219,95.69999694824219,42693816
2009-07-20,96.0,97.30000305175781,93.25,94.19999694824219,94.19999694824219,54236317
2009-07-21,93.0,93.6500015258789,90.05000305175781,91.0,91.0,49793652
2009-07-22,92.0,96.69999694824219,90.44999694824219,91.25,91.25,69402816
2009-07-23,91.75,97.8499984741211,91.75,96.4000015258789,96.4000015258789,47158984
2009-07-24,99.5,104.5,98.0,103.3499984741211,103.3499984741211,94518336
2009-07-27,104.0,107.30000305175781,104.0,106.4000015258789,106.4000015258789,59877792
2009-07-28,108.0,109.0,105.5999984741211,107.0,107.0,43935788
2009-07-29,105.1500015258789,107.75,96.44999694824219,101.30000305175781,101.30000305175781,71202576
2009-07-30,100.0999984741211,101.5,98.0,99.25,99.25,47803704
2009-07-31,100.0,103.80000305175781,98.1500015258789,99.80000305175781,99.80000305175781,48848404
2009-08-03,87.30000305175781,97.0,87.30000305175781,95.6500015258789,95.6500015258789,62182428
2009-08-04,95.94999694824219,98.69999694824219,94.0999984741211,97.3499984741211,97.3499984741211,57129608
2009-08-05,98.0,98.6500015258789,95.0999984741211,96.75,96.75,32578580
2009-08-06,94.55000305175781,97.0,91.55000305175781,92.44999694824219,92.44999694824219,35323988
2009-08-07,91.5,92.5,86.25,86.94999694824219,86.94999694824219,46799628
2009-08-10,89.80000305175781,89.8499984741211,80.69999694824219,81.19999694824219,81.19999694824219,63215844
2009-08-11,82.5,85.30000305175781,80.4000015258789,83.69999694824219,83.69999694824219,43490784
2009-08-12,82.5,86.94999694824219,81.0999984741211,86.25,86.25,43263196
2009-08-13,88.25,90.9000015258789,87.69999694824219,90.44999694824219,90.44999694824219,46635076
2009-08-14,89.0,91.6500015258789,87.80000305175781,88.3499984741211,88.3499984741211,38914776
2009-08-17,85.0,89.30000305175781,84.5,85.3499984741211,85.3499984741211,60045516
2009-08-18,85.0,89.1500015258789,84.4000015258789,88.30000305175781,88.30000305175781,41278112
2009-08-19,88.5,89.9000015258789,84.25,84.9000015258789,84.9000015258789,48482860
2009-08-20,85.5,88.30000305175781,85.0999984741211,85.44999694824219,85.44999694824219,29444298
2009-08-21,85.5,87.30000305175781,84.25,86.9000015258789,86.9000015258789,22223220
2009-08-24,88.0,89.9000015258789,87.5,88.1500015258789,88.1500015258789,37630220
2009-08-25,87.3499984741211,92.80000305175781,87.0999984741211,92.0999984741211,92.0999984741211,59841048
2009-08-26,92.4000015258789,95.0,92.3499984741211,93.5999984741211,93.5999984741211,45169488
2009-08-27,92.5,93.5,90.9000015258789,91.30000305175781,91.30000305175781,29441538
2009-08-28,92.0,94.25,90.19999694824219,93.6500015258789,93.6500015258789,38138096
2009-08-31,91.8499984741211,94.9000015258789,90.5999984741211,93.69999694824219,93.69999694824219,37167556
2009-09-01,94.0,99.9000015258789,94.0,95.25,95.25,91618504
2009-09-02,94.4000015258789,98.0999984741211,93.55000305175781,97.1500015258789,97.1500015258789,55055588
2009-09-03,98.75,102.44999694824219,98.30000305175781,100.1500015258789,100.1500015258789,81374608
2009-09-04,101.0,101.80000305175781,97.5999984741211,100.1500015258789,100.1500015258789,52066632
2009-09-07,101.0,103.4000015258789,100.3499984741211,102.80000305175781,102.80000305175781,39036320
2009-09-08,103.25,105.0,100.80000305175781,101.30000305175781,101.30000305175781,47023988
2009-09-09,100.3499984741211,102.4000015258789,99.5,99.94999694824219,99.94999694824219,31369528
2009-09-10,101.0,102.19999694824219,96.30000305175781,97.0,97.0,35072132
2009-09-11,97.5,98.4000015258789,94.19999694824219,95.80000305175781,95.80000305175781,39425904
2009-09-14,94.9000015258789,96.69999694824219,93.69999694824219,94.80000305175781,94.80000305175781,27587272
2009-09-15,97.0999984741211,98.4000015258789,95.19999694824219,97.80000305175781,97.80000305175781,32780108
2009-09-16,99.0,100.5,98.19999694824219,98.6500015258789,98.6500015258789,32622436
2009-09-17,99.3499984741211,100.0,95.6500015258789,97.94999694824219,97.94999694824219,34674688
2009-09-18,97.8499984741211,99.80000305175781,97.0,99.25,99.25,28041016
2009-09-22,99.5999984741211,101.94999694824219,99.0,100.8499984741211,100.8499984741211,35016612
2009-09-23,99.69999694824219,99.69999694824219,93.9000015258789,94.5999984741211,94.5999984741211,64445984
2009-09-24,93.80000305175781,93.80000305175781,91.5,92.05000305175781,92.05000305175781,41739348
2009-09-25,85.75,93.4000015258789,85.75,92.0999984741211,92.0999984741211,26854352
2009-09-29,93.0,93.69999694824219,91.80000305175781,92.55000305175781,92.55000305175781,21922052
2009-09-30,92.5,93.25,91.30000305175781,91.5999984741211,91.5999984741211,15739155
2009-10-01,91.94999694824219,92.94999694824219,91.0999984741211,92.25,92.25,17103048
2009-10-05,89.5,91.9000015258789,85.25,87.0999984741211,87.0999984741211,24659832
2009-10-06,88.4000015258789,90.0,83.6500015258789,87.1500015258789,87.1500015258789,34127544
2009-10-07,88.0,89.69999694824219,84.80000305175781,85.30000305175781,85.30000305175781,22056804
2009-10-08,86.5,87.80000305175781,84.80000305175781,86.44999694824219,86.44999694824219,23935412
2009-10-09,87.5,88.0,85.0999984741211,85.5,85.5,16609248
2009-10-12,86.0,87.05000305175781,85.5,86.69999694824219,86.69999694824219,13023053
2009-10-13,86.9000015258789,86.9000015258789,86.9000015258789,86.9000015258789,86.9000015258789,0
2009-10-14,87.5,88.0,85.0999984741211,85.55000305175781,85.55000305175781,20802384
2009-10-15,86.0,90.19999694824219,85.94999694824219,89.1500015258789,89.1500015258789,42272940
2009-10-16,89.44999694824219,90.5,88.55000305175781,89.3499984741211,89.3499984741211,21686680
2009-10-20,90.0,90.3499984741211,86.5,86.8499984741211,86.8499984741211,16035525
2009-10-21,90.0,90.0,85.0999984741211,86.1500015258789,86.1500015258789,15638588
2009-10-22,85.9000015258789,87.4000015258789,84.05000305175781,84.6500015258789,84.6500015258789,15003600
2009-10-23,85.5999984741211,86.25,83.75,84.25,84.25,11866413
2009-10-26,84.69999694824219,84.94999694824219,80.44999694824219,80.94999694824219,80.94999694824219,17065252
2009-10-27,81.0,81.0,76.0,76.44999694824219,76.44999694824219,23590937
2009-10-28,76.0,76.0,72.19999694824219,73.75,73.75,23447554
2009-10-29,73.5,73.5,69.69999694824219,71.4000015258789,71.4000015258789,56524580
2009-10-30,74.0,74.8499984741211,66.0,66.8499984741211,66.8499984741211,37683704
2009-11-03,58.20000076293945,63.79999923706055,55.099998474121094,58.25,58.25,60251140
2009-11-04,60.54999923706055,61.29999923706055,53.79999923706055,55.150001525878906,55.150001525878906,92646384
2009-11-05,55.5,63.5,55.349998474121094,62.5,62.5,91644928
2009-11-06,64.0,68.30000305175781,63.95000076293945,66.30000305175781,66.30000305175781,77625288
2009-11-09,66.0,67.80000305175781,62.849998474121094,66.3499984741211,66.3499984741211,48998660
2009-11-10,67.0,67.80000305175781,64.55000305175781,65.05000305175781,65.05000305175781,41451096
2009-11-11,64.05000305175781,68.0999984741211,62.5,67.69999694824219,67.69999694824219,47461176
2009-11-12,71.0999984741211,71.25,68.0,69.4000015258789,69.4000015258789,62818924
2009-11-13,69.4000015258789,70.0999984741211,66.19999694824219,66.69999694824219,66.69999694824219,38925628
2009-11-16,67.0999984741211,72.6500015258789,67.0999984741211,72.1500015258789,72.1500015258789,60815716
2009-11-17,72.0,73.5,70.5,72.80000305175781,72.80000305175781,43766592
2009-11-18,73.0,74.5,72.0,73.3499984741211,73.3499984741211,36435512
2009-11-19,73.0,79.9000015258789,73.0,75.19999694824219,75.19999694824219,117572232
2009-11-20,75.0,77.4000015258789,69.6500015258789,73.0,73.0,84865136
2009-11-23,73.44999694824219,74.9000015258789,71.19999694824219,72.6500015258789,72.6500015258789,32241972
2009-11-24,72.55000305175781,73.4000015258789,70.75,71.5999984741211,71.5999984741211,33970216
2009-11-25,72.0,72.80000305175781,69.80000305175781,70.1500015258789,70.1500015258789,31490026
2009-11-26,70.5,71.19999694824219,68.9000015258789,69.6500015258789,69.6500015258789,32025720
2009-11-27,68.4000015258789,74.94999694824219,66.25,74.05000305175781,74.05000305175781,73284688
2009-11-30,76.0,79.4000015258789,75.80000305175781,78.80000305175781,78.80000305175781,89588528
2009-12-01,79.0,81.6500015258789,77.75,81.1500015258789,81.1500015258789,54103520
2009-12-02,81.9000015258789,83.69999694824219,81.0,82.44999694824219,82.44999694824219,41664560
2009-12-03,83.4000015258789,87.5999984741211,79.69999694824219,80.55000305175781,80.55000305175781,36688572
2009-12-04,80.5,81.69999694824219,78.5,79.30000305175781,79.30000305175781,35534520
2009-12-07,79.0,83.9000015258789,79.0,83.05000305175781,83.05000305175781,59168064
2009-12-08,82.0,85.4000015258789,82.0,85.0,85.0,48180108
2009-12-09,84.44999694824219,86.4000015258789,83.69999694824219,84.1500015258789,84.1500015258789,43255788
2009-12-10,84.75,85.6500015258789,83.75,85.05000305175781,85.05000305175781,26743469
2009-12-11,86.3499984741211,86.5,81.80000305175781,83.1500015258789,83.1500015258789,27351002
2009-12-14,83.8499984741211,84.4000015258789,82.0999984741211,82.55000305175781,82.55000305175781,23129332
2009-12-15,82.9000015258789,83.4000015258789,78.8499984741211,79.5,79.5,29009916
2009-12-16,79.05000305175781,81.6500015258789,77.5999984741211,80.8499984741211,80.8499984741211,34939416
2009-12-17,81.0,83.80000305175781,80.5999984741211,82.9000015258789,82.9000015258789,40154108
2009-12-18,83.8499984741211,84.4000015258789,81.0999984741211,82.25,82.25,32453398
2009-12-21,82.5,83.3499984741211,80.44999694824219,80.9000015258789,80.9000015258789,21094998
2009-12-22,81.5,84.94999694824219,81.4000015258789,84.25,84.25,27300168
2010-01-04,91.5,91.5,89.19999694824219,89.8499984741211,89.8499984741211,20730202
2010-01-05,90.3499984741211,93.25,90.3499984741211,92.44999694824219,92.44999694824219,35407304
2010-01-06,93.1500015258789,93.94999694824219,91.80000305175781,93.30000305175781,93.30000305175781,29648748
2010-01-07,93.6500015258789,93.6500015258789,90.75,91.94999694824219,91.94999694824219,20001072
2010-01-08,92.0999984741211,94.30000305175781,92.0999984741211,92.69999694824219,92.69999694824219,23576280
2010-01-11,93.6500015258789,95.19999694824219,93.0999984741211,94.75,94.75,27231662
2010-01-12,95.0999984741211,95.4000015258789,91.25,92.0999984741211,92.0999984741211,23086376
2010-01-13,91.80000305175781,93.44999694824219,89.75,93.0,93.0,25450726
2010-01-14,93.80000305175781,93.94999694824219,91.0,91.19999694824219,91.19999694824219,17697684
2010-01-15,91.69999694824219,92.30000305175781,88.5,89.0999984741211,89.0999984741211,23408868
2010-01-18,90.0,91.25,88.69999694824219,90.1500015258789,90.1500015258789,16488391
2010-01-19,90.5,90.5999984741211,86.69999694824219,87.19999694824219,87.19999694824219,16112511
2010-01-20,87.94999694824219,88.4000015258789,85.5,86.19999694824219,86.19999694824219,14723355
2010-01-21,85.5999984741211,86.0999984741211,82.3499984741211,82.80000305175781,82.80000305175781,25131184
2010-01-22,81.0,81.44999694824219,78.0999984741211,79.4000015258789,79.4000015258789,30853188
2010-01-25,80.0,80.0,75.5,76.05000305175781,76.05000305175781,25197594
2010-01-27,75.0,77.9000015258789,72.0,73.19999694824219,73.19999694824219,35182648
2010-01-28,75.5,76.44999694824219,72.80000305175781,74.4000015258789,74.4000015258789,29517712
2010-01-29,73.8499984741211,77.80000305175781,72.05000305175781,77.25,77.25,28439964
2010-02-01,77.5,79.5999984741211,76.1500015258789,78.55000305175781,78.55000305175781,32099104
2010-02-02,79.5,80.3499984741211,75.5999984741211,76.1500015258789,76.1500015258789,30860370
2010-02-03,76.5,78.4000015258789,76.5,77.30000305175781,77.30000305175781,16385269
2010-02-04,77.44999694824219,77.44999694824219,72.8499984741211,73.25,73.25,20984376
2010-02-05,70.5999984741211,72.5999984741211,69.05000305175781,71.4000015258789,71.4000015258789,27442552
2010-02-08,74.0,75.5,71.69999694824219,75.0,75.0,23951216
2010-02-09,74.9000015258789,75.3499984741211,73.0999984741211,73.75,73.75,15169432
2010-02-10,75.19999694824219,75.75,72.4000015258789,72.9000015258789,72.9000015258789,17214220
2010-02-11,74.0,74.4000015258789,73.19999694824219,73.75,73.75,11674558
2010-02-15,75.0,75.0,72.25,72.8499984741211,72.8499984741211,14233536
2010-02-16,73.0,74.30000305175781,72.25,73.94999694824219,73.94999694824219,11699601
2010-02-17,74.80000305175781,75.6500015258789,72.8499984741211,73.19999694824219,73.19999694824219,20492590
2010-02-18,72.9000015258789,73.9000015258789,70.4000015258789,70.69999694824219,70.69999694824219,27791440
2010-02-19,70.19999694824219,71.5999984741211,69.0999984741211,70.69999694824219,70.69999694824219,21254302
2010-02-22,72.4000015258789,72.75,69.5,69.94999694824219,69.94999694824219,15038428
2010-02-23,69.94999694824219,70.4000015258789,69.0,69.55000305175781,69.55000305175781,13411489
2010-02-24,69.25,70.0,68.1500015258789,69.05000305175781,69.05000305175781,14253295
2010-02-25,69.9000015258789,69.9000015258789,68.25,68.4000015258789,68.4000015258789,15051124
2010-02-26,68.19999694824219,72.75,68.05000305175781,71.8499984741211,71.8499984741211,31478976
2010-03-02,73.0,73.3499984741211,72.0,72.6500015258789,72.6500015258789,15517720
2010-03-03,73.0999984741211,74.69999694824219,72.55000305175781,74.3499984741211,74.3499984741211,20308836
2010-03-04,74.5,78.3499984741211,74.19999694824219,77.6500015258789,77.6500015258789,36192096
2010-03-05,78.0,81.30000305175781,77.6500015258789,80.44999694824219,80.44999694824219,52212156
2010-03-08,82.69999694824219,82.69999694824219,79.05000305175781,79.3499984741211,79.3499984741211,27184202
2010-03-09,79.30000305175781,79.69999694824219,76.69999694824219,77.0999984741211,77.0999984741211,20480308
2010-03-10,77.5,78.3499984741211,76.19999694824219,77.19999694824219,77.19999694824219,19278530
2010-03-11,77.19999694824219,78.5,76.4000015258789,77.05000305175781,77.05000305175781,19169442
2010-03-12,77.0999984741211,77.8499984741211,75.4000015258789,75.69999694824219,75.69999694824219,15451768
2010-03-15,75.44999694824219,75.44999694824219,73.30000305175781,73.5999984741211,73.5999984741211,14705429
2010-03-16,73.9000015258789,75.5999984741211,73.5,75.25,75.25,13375926
2010-03-17,76.55000305175781,76.75,74.0999984741211,74.5,74.5,15354484
2010-03-18,74.94999694824219,75.5999984741211,74.0,74.9000015258789,74.9000015258789,11703758
2010-03-19,74.0,76.4000015258789,74.0,75.9000015258789,75.9000015258789,13191285
2010-03-22,75.0,75.0,72.8499984741211,73.0999984741211,73.0999984741211,12593669
2010-03-23,73.4000015258789,74.80000305175781,72.9000015258789,73.44999694824219,73.44999694824219,16348445
2010-03-25,73.0,73.5,72.5999984741211,72.94999694824219,72.94999694824219,10917470
2010-03-26,73.69999694824219,73.9000015258789,72.19999694824219,72.80000305175781,72.80000305175781,11081334
2010-03-29,73.5,73.5,72.30000305175781,72.6500015258789,72.6500015258789,12695342
2010-03-30,73.5,74.25,71.69999694824219,72.1500015258789,72.1500015258789,14897581
2010-03-31,71.75,72.80000305175781,71.5999984741211,71.8499984741211,71.8499984741211,9496457
2010-04-01,72.5,73.4000015258789,72.19999694824219,72.55000305175781,72.55000305175781,9644921
2010-04-05,73.0,73.5999984741211,72.69999694824219,73.30000305175781,73.30000305175781,9389438
2010-04-06,73.55000305175781,75.80000305175781,73.5,75.0,75.0,23470672
2010-04-07,76.0,76.19999694824219,74.19999694824219,75.19999694824219,75.19999694824219,15711003
2010-04-08,75.19999694824219,76.0,74.3499984741211,74.75,74.75,15848336
2010-04-09,75.25,75.80000305175781,74.80000305175781,75.1500015258789,75.1500015258789,10084228
2010-04-12,75.5,75.8499984741211,73.5,74.0999984741211,74.0999984741211,10547100
2010-04-13,74.0,74.4000015258789,72.9000015258789,73.0999984741211,73.0999984741211,8602649
2010-04-15,73.9000015258789,74.9000015258789,72.0,72.44999694824219,72.44999694824219,14887628
2010-04-16,72.0,72.5999984741211,71.05000305175781,71.5,71.5,16103729
2010-04-19,70.9000015258789,71.0,69.5,69.80000305175781,69.80000305175781,14283417
2010-04-20,70.4000015258789,72.75,70.0,72.0,72.0,17403263
2010-04-21,72.5999984741211,73.25,71.5,71.9000015258789,71.9000015258789,13416631
2010-04-22,72.0,72.8499984741211,71.25,71.75,71.75,10993048
2010-04-23,72.0,72.5,70.3499984741211,71.0999984741211,71.0999984741211,15666657
2010-04-26,72.4000015258789,72.4000015258789,70.8499984741211,71.05000305175781,71.05000305175781,11421821
2010-04-27,71.0,71.25,70.0999984741211,70.30000305175781,70.30000305175781,9429221
2010-04-28,69.9000015258789,70.0,68.3499984741211,68.6500015258789,68.6500015258789,13221513
2010-04-29,68.75,69.44999694824219,67.6500015258789,67.8499984741211,67.8499984741211,15661236
2010-04-30,68.5,69.6500015258789,68.1500015258789,68.94999694824219,68.94999694824219,13408318
2010-05-03,69.0999984741211,69.9000015258789,68.3499984741211,69.30000305175781,69.30000305175781,11579924
2010-05-04,70.0,70.44999694824219,67.94999694824219,68.1500015258789,68.1500015258789,15267043
2010-05-05,66.80000305175781,68.1500015258789,65.8499984741211,67.75,67.75,14059491
2010-05-06,68.0,71.75,67.30000305175781,71.25,71.25,49339752
2010-05-07,71.0,71.0,66.69999694824219,67.6500015258789,67.6500015258789,30113588
2010-05-10,68.0,70.69999694824219,68.0,69.8499984741211,69.8499984741211,20722160
2010-05-11,70.0,70.44999694824219,67.69999694824219,67.94999694824219,67.94999694824219,17900272
2010-05-12,68.0,68.75,65.9000015258789,66.9000015258789,66.9000015258789,16609470
2010-05-13,67.19999694824219,68.4000015258789,66.55000305175781,66.80000305175781,66.80000305175781,10704247
2010-05-14,66.80000305175781,67.4000015258789,65.05000305175781,65.5999984741211,65.5999984741211,12049808
2010-05-17,65.0,65.0999984741211,62.04999923706055,64.5999984741211,64.5999984741211,18201792
2010-05-18,64.0,65.5999984741211,63.45000076293945,63.95000076293945,63.95000076293945,12510848
2010-05-19,63.0,63.5,59.099998474121094,59.900001525878906,59.900001525878906,19656460
2010-05-20,60.0,61.0,58.75,59.25,59.25,14806678
2010-05-21,58.599998474121094,59.25,56.45000076293945,58.70000076293945,58.70000076293945,15066483
2010-05-24,59.5,60.900001525878906,58.25,58.79999923706055,58.79999923706055,13388238
2010-05-25,58.20000076293945,59.45000076293945,57.25,58.0,58.0,16294322
2010-05-26,58.5,59.45000076293945,58.20000076293945,58.75,58.75,8837952
2010-05-27,59.0,59.099998474121094,57.45000076293945,58.099998474121094,58.099998474121094,16527857
2010-05-28,58.70000076293945,61.5,58.70000076293945,61.04999923706055,61.04999923706055,20300328
2010-05-31,60.54999923706055,61.45000076293945,55.599998474121094,56.25,56.25,38699968
2010-06-01,56.0,57.70000076293945,55.20000076293945,55.599998474121094,55.599998474121094,22999758
2010-06-02,56.0,56.5,53.45000076293945,54.20000076293945,54.20000076293945,26085304
2010-06-03,55.0,55.79999923706055,54.599998474121094,55.29999923706055,55.29999923706055,15283241
2010-06-04,55.400001525878906,56.400001525878906,54.400001525878906,55.79999923706055,55.79999923706055,16604378
2010-06-07,55.0,55.0,53.099998474121094,54.599998474121094,54.599998474121094,14031578
2010-06-08,54.599998474121094,55.20000076293945,53.5,53.599998474121094,53.599998474121094,11642996
2010-06-09,53.099998474121094,54.599998474121094,52.900001525878906,53.5,53.5,14536983
2010-06-10,53.5,54.29999923706055,52.099998474121094,53.900001525878906,53.900001525878906,22969500
2010-06-11,54.5,55.099998474121094,53.5,53.849998474121094,53.849998474121094,14879699
2010-06-14,54.150001525878906,54.95000076293945,53.5,54.70000076293945,54.70000076293945,11597990
2010-06-15,54.95000076293945,57.79999923706055,54.349998474121094,57.29999923706055,57.29999923706055,37168136
2010-06-16,58.0,58.54999923706055,57.0,57.29999923706055,57.29999923706055,17382760
2010-06-17,57.5,58.20000076293945,56.5,57.45000076293945,57.45000076293945,12692424
2010-06-18,57.70000076293945,58.0,56.20000076293945,56.5,56.5,10851914
2010-06-21,57.0,57.79999923706055,56.95000076293945,57.400001525878906,57.400001525878906,8272043
2010-06-22,57.0,57.20000076293945,56.25,56.45000076293945,56.45000076293945,10387860
2010-06-23,56.0,57.849998474121094,56.0,57.599998474121094,57.599998474121094,14221565
2010-06-24,57.25,59.099998474121094,57.25,57.650001525878906,57.650001525878906,24338904
2010-06-25,58.0,58.599998474121094,57.54999923706055,57.79999923706055,57.79999923706055,12353411
2010-06-28,58.150001525878906,58.5,56.95000076293945,58.04999923706055,58.04999923706055,14034157
2010-06-29,58.0,58.400001525878906,57.099998474121094,57.29999923706055,57.29999923706055,9561134
2010-06-30,56.54999923706055,58.099998474121094,56.5,57.900001525878906,57.900001525878906,12366030
2010-07-01,57.150001525878906,57.79999923706055,57.150001525878906,57.349998474121094,57.349998474121094,6327445
2010-07-02,57.5,59.75,57.25,58.5,58.5,20900548
2010-07-05,58.0,58.95000076293945,57.5,58.04999923706055,58.04999923706055,7811151
2010-07-06,57.900001525878906,58.400001525878906,57.54999923706055,58.04999923706055,58.04999923706055,7336356
2010-07-07,58.0,59.29999923706055,57.75,58.04999923706055,58.04999923706055,19809936
2010-07-08,58.75,59.04999923706055,58.150001525878906,58.29999923706055,58.29999923706055,9386002
2010-07-09,58.5,59.20000076293945,58.5,58.79999923706055,58.79999923706055,8078585
2010-07-12,59.0,59.5,58.54999923706055,58.95000076293945,58.95000076293945,9294874
2010-07-13,51.79999923706055,61.95000076293945,51.79999923706055,61.5,61.5,34449648
2010-07-14,62.0,62.45000076293945,60.0,60.29999923706055,60.29999923706055,15856078
2010-07-15,60.5,61.45000076293945,59.70000076293945,60.04999923706055,60.04999923706055,13071568
2010-07-16,60.599998474121094,60.79999923706055,59.75,60.0,60.0,7668195
2010-07-19,59.849998474121094,60.29999923706055,59.5,59.70000076293945,59.70000076293945,7741601
2010-07-20,59.75,60.400001525878906,58.79999923706055,59.0,59.0,9707998
2010-07-21,59.5,59.849998474121094,58.95000076293945,59.5,59.5,7792825
2010-07-22,59.5,60.349998474121094,58.75,60.25,60.25,9727216
2010-07-23,60.5,60.70000076293945,59.25,59.45000076293945,59.45000076293945,10019885
2010-07-26,59.95000076293945,60.349998474121094,58.95000076293945,59.25,59.25,8509002
2010-07-27,59.70000076293945,59.900001525878906,58.75,59.04999923706055,59.04999923706055,6735755
2010-07-28,59.29999923706055,59.54999923706055,58.20000076293945,58.5,58.5,8484231
2010-07-29,58.20000076293945,58.599998474121094,56.20000076293945,56.349998474121094,56.349998474121094,14158006
2010-07-30,56.599998474121094,57.400001525878906,56.25,56.5,56.5,7301155
2010-08-02,56.900001525878906,57.400001525878906,56.70000076293945,57.099998474121094,57.099998474121094,5340408
2010-08-03,57.5,57.599998474121094,56.0,56.45000076293945,56.45000076293945,7998464
2010-08-04,56.45000076293945,57.099998474121094,56.150001525878906,56.650001525878906,56.650001525878906,6457289
2010-08-05,56.79999923706055,57.0,56.29999923706055,56.45000076293945,56.45000076293945,5748210
2010-08-06,56.54999923706055,57.20000076293945,55.70000076293945,55.95000076293945,55.95000076293945,7759065
2010-08-09,56.0,57.099998474121094,55.79999923706055,56.70000076293945,56.70000076293945,8652252
2010-08-10,57.0,58.849998474121094,56.54999923706055,58.099998474121094,58.099998474121094,12479875
2010-08-11,58.400001525878906,58.900001525878906,57.04999923706055,57.25,57.25,9133021
2010-08-12,57.0,57.95000076293945,56.45000076293945,57.54999923706055,57.54999923706055,8056135
2010-08-13,59.0,59.0,56.04999923706055,56.45000076293945,56.45000076293945,13960752
2010-08-16,55.20000076293945,55.349998474121094,50.650001525878906,52.349998474121094,52.349998474121094,24491758
2010-08-17,52.5,52.95000076293945,51.0,51.150001525878906,51.150001525878906,14604617
2010-08-18,51.150001525878906,51.79999923706055,48.849998474121094,49.5,49.5,22904432
2010-08-19,49.0,50.5,48.0,50.20000076293945,50.20000076293945,30218199
2010-08-20,49.599998474121094,50.0,48.54999923706055,49.400001525878906,49.400001525878906,15513888
2010-08-23,49.5,50.849998474121094,49.0,50.25,50.25,10947138
2010-08-24,50.400001525878906,51.650001525878906,49.29999923706055,50.20000076293945,50.20000076293945,15077701
2010-08-25,50.0,50.650001525878906,49.150001525878906,49.599998474121094,49.599998474121094,14169769
2010-08-26,49.95000076293945,50.04999923706055,47.849998474121094,48.20000076293945,48.20000076293945,21441468
2010-08-27,48.0,48.75,47.349998474121094,47.70000076293945,47.70000076293945,13045826
2010-08-30,48.349998474121094,48.400001525878906,46.29999923706055,46.70000076293945,46.70000076293945,13629549
2010-08-31,46.5,46.650001525878906,45.849998474121094,46.25,46.25,8727152
2010-09-01,46.5,46.95000076293945,45.95000076293945,46.599998474121094,46.599998474121094,10330752
2010-09-02,46.29999923706055,53.099998474121094,46.20000076293945,51.29999923706055,51.29999923706055,36992992
2010-09-03,51.70000076293945,51.95000076293945,48.29999923706055,50.04999923706055,50.04999923706055,46092192
2010-09-06,50.5,51.650001525878906,49.900001525878906,50.54999923706055,50.54999923706055,17991396
2010-09-07,51.04999923706055,52.5,50.349998474121094,51.70000076293945,51.70000076293945,29425124
2010-09-08,51.349998474121094,52.29999923706055,51.0,51.54999923706055,51.54999923706055,14638946
2010-09-09,51.75,52.20000076293945,51.20000076293945,51.349998474121094,51.349998474121094,9062784
2010-09-13,51.5,52.0,50.75,51.0,51.0,9760279
2010-09-14,52.0,54.5,51.25,51.599998474121094,51.599998474121094,21989388
2010-09-15,51.70000076293945,52.400001525878906,51.599998474121094,51.650001525878906,51.650001525878906,10698550
2010-09-16,51.95000076293945,53.79999923706055,51.599998474121094,53.20000076293945,53.20000076293945,35690968
2010-09-17,59.0,59.0,53.400001525878906,54.45000076293945,54.45000076293945,22548518
2010-09-20,54.79999923706055,57.0,54.599998474121094,56.650001525878906,56.650001525878906,25857306
2010-09-21,57.0,57.900001525878906,54.95000076293945,55.25,55.25,24891568
2010-09-22,56.150001525878906,56.349998474121094,54.400001525878906,54.849998474121094,54.849998474121094,15991899
2010-09-23,55.0,55.349998474121094,53.20000076293945,53.650001525878906,53.650001525878906,13652773
2010-09-24,53.79999923706055,54.95000076293945,53.54999923706055,54.349998474121094,54.349998474121094,9679724
2010-09-27,54.900001525878906,55.099998474121094,53.25,53.45000076293945,53.45000076293945,9358047
2010-09-28,54.099998474121094,54.849998474121094,53.29999923706055,53.75,53.75,11347798
2010-09-29,54.25,54.25,52.5,52.75,52.75,11651697
2010-09-30,52.900001525878906,53.099998474121094,51.349998474121094,52.400001525878906,52.400001525878906,15717507
2010-10-01,53.45000076293945,55.0,53.04999923706055,54.400001525878906,54.400001525878906,20504652
2010-10-04,54.75,58.650001525878906,54.75,58.29999923706055,58.29999923706055,51633232
2010-10-05,59.0,59.400001525878906,57.400001525878906,57.599998474121094,57.599998474121094,19086332
2010-10-06,58.099998474121094,58.95000076293945,57.650001525878906,58.150001525878906,58.150001525878906,11850222
2010-10-07,59.400001525878906,60.5,57.5,57.900001525878906,57.900001525878906,23611806
2010-10-08,58.599998474121094,58.900001525878906,56.79999923706055,57.45000076293945,57.45000076293945,13954880
2010-10-11,60.29999923706055,60.29999923706055,57.79999923706055,58.5,58.5,15840011
2010-10-12,58.79999923706055,59.650001525878906,57.70000076293945,58.150001525878906,58.150001525878906,14503808
2010-10-13,58.5,59.400001525878906,57.95000076293945,58.900001525878906,58.900001525878906,13234072
2010-10-14,59.5,59.79999923706055,58.0,58.25,58.25,14398600
2010-10-15,58.900001525878906,59.150001525878906,57.29999923706055,57.5,57.5,10168430
2010-10-18,58.0,59.45000076293945,56.599998474121094,58.900001525878906,58.900001525878906,18841114
2010-10-19,59.650001525878906,60.900001525878906,58.150001525878906,58.849998474121094,58.849998474121094,28234446
2010-10-20,58.79999923706055,58.79999923706055,56.25,57.400001525878906,57.400001525878906,18210744
2010-10-21,58.04999923706055,59.45000076293945,57.5,58.95000076293945,58.95000076293945,17620560
2010-10-22,59.150001525878906,60.0,58.70000076293945,59.54999923706055,59.54999923706055,15842877
2010-10-25,59.900001525878906,60.20000076293945,58.25,58.70000076293945,58.70000076293945,13343180
2010-10-26,58.70000076293945,59.0,58.0,58.20000076293945,58.20000076293945,6922579
2010-10-27,58.20000076293945,58.20000076293945,57.150001525878906,57.650001525878906,57.650001525878906,8862189
2010-10-28,57.900001525878906,58.0,56.54999923706055,57.04999923706055,57.04999923706055,11846509
2010-10-29,57.150001525878906,57.5,54.650001525878906,55.45000076293945,55.45000076293945,10500252
2010-11-01,56.0,58.900001525878906,55.099998474121094,58.45000076293945,58.45000076293945,22149136
2010-11-02,58.70000076293945,58.900001525878906,56.400001525878906,56.650001525878906,56.650001525878906,15914832
2010-11-03,57.20000076293945,57.70000076293945,56.45000076293945,56.79999923706055,56.79999923706055,11408987
2010-11-04,57.400001525878906,58.5,56.79999923706055,57.75,57.75,10775895
2010-11-08,57.900001525878906,58.45000076293945,57.0,57.900001525878906,57.900001525878906,7090191
2010-11-09,57.5,58.45000076293945,57.20000076293945,57.54999923706055,57.54999923706055,7270531
2010-11-10,57.75,58.25,57.25,57.900001525878906,57.900001525878906,8008315
2010-11-11,57.349998474121094,58.70000076293945,56.849998474121094,57.099998474121094,57.099998474121094,10083055
2010-11-12,57.20000076293945,57.400001525878906,54.70000076293945,55.0,55.0,9630131
2010-11-15,55.150001525878906,55.25,53.29999923706055,54.0,54.0,12433893
2010-11-16,53.79999923706055,54.900001525878906,51.75,52.04999923706055,52.04999923706055,12539329
2010-11-18,52.75,54.400001525878906,52.20000076293945,53.349998474121094,53.349998474121094,19203672
2010-11-19,53.70000076293945,53.70000076293945,51.20000076293945,51.70000076293945,51.70000076293945,10063033
2010-11-22,52.150001525878906,53.04999923706055,51.849998474121094,52.25,52.25,6687780
2010-11-23,51.79999923706055,51.849998474121094,49.79999923706055,50.45000076293945,50.45000076293945,12828277
2010-11-24,50.95000076293945,51.650001525878906,50.04999923706055,50.400001525878906,50.400001525878906,8411782
2010-11-25,50.04999923706055,50.099998474121094,46.150001525878906,46.650001525878906,46.650001525878906,22938978
2010-11-26,46.849998474121094,46.900001525878906,43.0,44.900001525878906,44.900001525878906,27545466
2010-11-29,45.099998474121094,46.849998474121094,44.04999923706055,46.20000076293945,46.20000076293945,11723282
2010-11-30,46.0,48.349998474121094,44.599998474121094,47.75,47.75,18598265
2010-12-01,47.95000076293945,52.0,47.349998474121094,51.54999923706055,51.54999923706055,24613793
2010-12-02,53.0,53.95000076293945,52.5,52.95000076293945,52.95000076293945,20319634
2010-12-03,53.400001525878906,53.400001525878906,50.79999923706055,51.70000076293945,51.70000076293945,11713457
2010-12-06,52.45000076293945,54.400001525878906,51.79999923706055,52.25,52.25,15065421
2010-12-07,52.400001525878906,52.900001525878906,50.400001525878906,51.04999923706055,51.04999923706055,18037866
2010-12-08,51.349998474121094,51.349998474121094,50.0,50.349998474121094,50.349998474121094,8894252
2010-12-09,50.5,50.75,47.0,47.349998474121094,47.349998474121094,14525417
2010-12-10,47.150001525878906,49.099998474121094,46.0,48.45000076293945,48.45000076293945,14969226
2010-12-13,49.0,49.95000076293945,47.099998474121094,49.599998474121094,49.599998474121094,13625512
2010-12-14,50.150001525878906,50.650001525878906,49.349998474121094,50.20000076293945,50.20000076293945,9584044
2010-12-15,50.29999923706055,50.400001525878906,47.599998474121094,48.20000076293945,48.20000076293945,11429689
2010-12-16,48.20000076293945,51.5,47.75,50.95000076293945,50.95000076293945,14605502
2010-12-20,50.849998474121094,51.95000076293945,50.04999923706055,51.29999923706055,51.29999923706055,10986176
2010-12-21,51.75,51.900001525878906,49.5,50.650001525878906,50.650001525878906,12713752
2010-12-22,50.900001525878906,51.20000076293945,49.25,49.650001525878906,49.650001525878906,9520312
2010-12-23,49.650001525878906,49.70000076293945,48.70000076293945,49.349998474121094,49.349998474121094,10257210
2010-12-24,48.75,51.70000076293945,48.150001525878906,51.349998474121094,51.349998474121094,20715993
2010-12-27,51.349998474121094,52.75,50.20000076293945,50.70000076293945,50.70000076293945,19830875
2010-12-28,50.849998474121094,52.400001525878906,50.20000076293945,52.04999923706055,52.04999923706055,16527302
2010-12-29,52.29999923706055,52.599998474121094,51.5,51.75,51.75,13543241
2010-12-30,51.79999923706055,54.900001525878906,51.79999923706055,54.599998474121094,54.599998474121094,38079252
2010-12-31,55.349998474121094,55.349998474121094,54.099998474121094,54.70000076293945,54.70000076293945,15618474
2011-01-03,55.099998474121094,55.29999923706055,54.04999923706055,54.20000076293945,54.20000076293945,11540375
2011-01-04,54.20000076293945,57.29999923706055,53.75,55.650001525878906,55.650001525878906,51450958
2011-01-05,55.900001525878906,56.20000076293945,54.099998474121094,54.45000076293945,54.45000076293945,22964145
2011-01-06,54.599998474121094,55.650001525878906,53.099998474121094,53.5,53.5,25975401
2011-01-07,53.75,54.29999923706055,50.75,51.04999923706055,51.04999923706055,21346473
2011-01-10,51.45000076293945,51.45000076293945,49.04999923706055,49.45000076293945,49.45000076293945,18129971
2011-01-11,49.29999923706055,50.45000076293945,46.349998474121094,47.5,47.5,19487779
2011-01-12,48.599998474121094,54.54999923706055,48.25,53.650001525878906,53.650001525878906,44031491
2011-01-13,53.75,55.0,52.150001525878906,52.70000076293945,52.70000076293945,35501837
2011-01-14,52.70000076293945,54.650001525878906,51.849998474121094,52.349998474121094,52.349998474121094,35693304
2011-01-17,52.650001525878906,53.599998474121094,51.45000076293945,51.70000076293945,51.70000076293945,20886621
2011-01-18,52.400001525878906,53.400001525878906,51.099998474121094,53.099998474121094,53.099998474121094,20758426
2011-01-19,53.45000076293945,53.45000076293945,50.900001525878906,51.79999923706055,51.79999923706055,17276755
2011-01-20,51.29999923706055,52.5,51.099998474121094,51.849998474121094,51.849998474121094,11946935
2011-01-21,51.900001525878906,53.29999923706055,51.70000076293945,52.849998474121094,52.849998474121094,18045543
2011-01-24,53.349998474121094,53.45000076293945,52.29999923706055,52.95000076293945,52.95000076293945,11390599
2011-01-25,53.099998474121094,53.29999923706055,51.5,51.650001525878906,51.650001525878906,12138876
2011-01-27,51.900001525878906,52.099998474121094,49.650001525878906,50.150001525878906,50.150001525878906,14513661
2011-01-28,50.79999923706055,51.25,48.70000076293945,49.70000076293945,49.70000076293945,20210781
2011-01-31,49.45000076293945,50.150001525878906,48.70000076293945,49.400001525878906,49.400001525878906,14212587
2011-02-01,49.75,49.849998474121094,47.20000076293945,47.54999923706055,47.54999923706055,14040872
2011-02-02,48.25,49.599998474121094,47.599998474121094,48.04999923706055,48.04999923706055,14578424
2011-02-03,48.25,49.099998474121094,47.79999923706055,48.79999923706055,48.79999923706055,12769473
2011-02-04,49.25,50.79999923706055,47.54999923706055,48.04999923706055,48.04999923706055,22721539
2011-02-07,47.0,50.25,45.599998474121094,49.599998474121094,49.599998474121094,34688309
2011-02-08,50.099998474121094,51.70000076293945,48.5,48.849998474121094,48.849998474121094,30321649
2011-02-09,48.70000076293945,48.849998474121094,43.150001525878906,44.75,44.75,23505235
2011-02-10,45.0,46.29999923706055,42.79999923706055,45.650001525878906,45.650001525878906,25815769
2011-02-11,44.099998474121094,46.0,43.5,45.75,45.75,19124395
2011-02-14,46.349998474121094,49.20000076293945,46.150001525878906,48.75,48.75,18214436
2011-02-15,49.25,49.25,47.25,47.95000076293945,47.95000076293945,11788882
2011-02-16,47.599998474121094,48.95000076293945,47.349998474121094,48.349998474121094,48.349998474121094,11833389
2011-02-17,48.400001525878906,50.849998474121094,48.099998474121094,50.45000076293945,50.45000076293945,20304460
2011-02-18,50.70000076293945,50.79999923706055,47.400001525878906,47.70000076293945,47.70000076293945,17961677
2011-02-21,47.599998474121094,47.70000076293945,46.150001525878906,47.400001525878906,47.400001525878906,10363345
2011-02-22,47.04999923706055,47.04999923706055,45.25,45.75,45.75,14471721
2011-02-23,45.79999923706055,46.20000076293945,45.04999923706055,45.20000076293945,45.20000076293945,10894177
2011-02-24,45.79999923706055,46.0,44.04999923706055,45.400001525878906,45.400001525878906,23561108
2011-02-25,45.849998474121094,47.0,45.099998474121094,46.20000076293945,46.20000076293945,15015850
2011-02-28,46.45000076293945,48.45000076293945,46.400001525878906,46.650001525878906,46.650001525878906,16449458
2011-03-01,47.20000076293945,50.0,46.95000076293945,49.650001525878906,49.650001525878906,32410952
2011-03-03,49.29999923706055,49.75,47.54999923706055,48.400001525878906,48.400001525878906,23917436
2011-03-04,48.54999923706055,49.0,47.20000076293945,47.54999923706055,47.54999923706055,13851095
2011-03-07,46.900001525878906,47.349998474121094,45.900001525878906,46.5,46.5,13294201
2011-03-08,46.54999923706055,48.150001525878906,46.5,47.79999923706055,47.79999923706055,11069535
2011-03-09,48.5,48.70000076293945,47.04999923706055,47.599998474121094,47.599998474121094,17422390
2011-03-10,47.349998474121094,48.900001525878906,46.900001525878906,48.54999923706055,48.54999923706055,18427171
2011-03-11,47.900001525878906,48.650001525878906,47.29999923706055,47.599998474121094,47.599998474121094,11068665
2011-03-14,47.29999923706055,48.150001525878906,44.75,46.45000076293945,46.45000076293945,65488527
2011-03-15,45.25,46.849998474121094,44.099998474121094,46.150001525878906,46.150001525878906,29103536
2011-03-16,46.5,47.5,46.04999923706055,46.25,46.25,11298529
2011-03-17,46.0,46.54999923706055,45.599998474121094,45.79999923706055,45.79999923706055,9676207
2011-03-18,46.099998474121094,46.29999923706055,45.099998474121094,45.349998474121094,45.349998474121094,7541390
2011-03-21,45.400001525878906,46.400001525878906,45.04999923706055,45.95000076293945,45.95000076293945,13327092
2011-03-22,46.099998474121094,46.400001525878906,45.29999923706055,45.5,45.5,6858203
2011-03-23,45.5,46.0,44.75,45.79999923706055,45.79999923706055,7325120
2011-03-24,45.849998474121094,46.0,45.099998474121094,45.54999923706055,45.54999923706055,12977054
2011-03-25,45.75,46.150001525878906,45.349998474121094,45.5,45.5,7624396
2011-03-28,45.5,45.79999923706055,43.400001525878906,44.099998474121094,44.099998474121094,17079461
2011-03-29,44.45000076293945,44.95000076293945,44.0,44.099998474121094,44.099998474121094,10395218
2011-03-30,44.29999923706055,44.900001525878906,44.0,44.20000076293945,44.20000076293945,6624754
2011-03-31,44.400001525878906,45.099998474121094,44.0,44.599998474121094,44.599998474121094,16431259
2011-04-01,44.79999923706055,49.0,44.79999923706055,48.650001525878906,48.650001525878906,47397107
2011-04-04,48.900001525878906,50.400001525878906,47.54999923706055,49.70000076293945,49.70000076293945,22181550
2011-04-05,50.400001525878906,50.5,47.79999923706055,49.099998474121094,49.099998474121094,39278771
2011-04-06,49.45000076293945,53.599998474121094,49.150001525878906,52.900001525878906,52.900001525878906,61519799
2011-04-07,52.5,54.0,50.95000076293945,53.45000076293945,53.45000076293945,28518166
2011-04-08,53.900001525878906,56.349998474121094,53.599998474121094,55.150001525878906,55.150001525878906,63597627
2011-04-11,54.79999923706055,56.70000076293945,54.099998474121094,54.400001525878906,54.400001525878906,31658584
2011-04-13,53.650001525878906,56.599998474121094,53.5,56.20000076293945,56.20000076293945,23576824
2011-04-15,55.95000076293945,56.70000076293945,53.900001525878906,54.150001525878906,54.150001525878906,19607313
2011-04-18,54.5,56.5,53.54999923706055,53.79999923706055,53.79999923706055,21317053
2011-04-19,54.0,54.900001525878906,52.54999923706055,54.29999923706055,54.29999923706055,13270973
2011-04-20,55.400001525878906,57.650001525878906,54.650001525878906,57.400001525878906,57.400001525878906,40113927
2011-04-21,57.900001525878906,58.45000076293945,56.54999923706055,57.75,57.75,28837419
2011-04-25,57.0,57.5,55.04999923706055,55.20000076293945,55.20000076293945,19987002
2011-04-26,55.5,55.5,53.79999923706055,54.849998474121094,54.849998474121094,17455744
2011-04-27,55.20000076293945,55.79999923706055,54.04999923706055,54.349998474121094,54.349998474121094,11938930
2011-04-28,54.70000076293945,56.5,53.900001525878906,55.650001525878906,55.650001525878906,28701799
2011-04-29,55.650001525878906,55.650001525878906,52.75,53.150001525878906,53.150001525878906,17852226
2011-05-02,53.349998474121094,53.79999923706055,51.75,53.04999923706055,53.04999923706055,12792470
2011-05-03,52.900001525878906,53.20000076293945,49.75,50.04999923706055,50.04999923706055,16906228
2011-05-04,50.099998474121094,51.599998474121094,49.849998474121094,50.400001525878906,50.400001525878906,17498427
2011-05-05,50.650001525878906,51.5,48.54999923706055,48.900001525878906,48.900001525878906,15653636
2011-05-06,49.0,49.75,47.900001525878906,48.5,48.5,16322031
2011-05-09,49.0,49.849998474121094,47.20000076293945,48.900001525878906,48.900001525878906,19182506
2011-05-10,48.70000076293945,50.400001525878906,48.29999923706055,50.099998474121094,50.099998474121094,15521084
2011-05-11,50.5,51.849998474121094,50.25,51.599998474121094,51.599998474121094,16285005
2011-05-12,51.5,52.25,50.599998474121094,51.0,51.0,11949975
2011-05-13,50.75,53.5,50.75,52.79999923706055,52.79999923706055,21405063
2011-05-16,54.900001525878906,55.25,52.45000076293945,52.849998474121094,52.849998474121094,31462556
2011-05-17,53.0,53.849998474121094,50.79999923706055,51.29999923706055,51.29999923706055,25706787
2011-05-18,51.5,52.79999923706055,51.349998474121094,52.45000076293945,52.45000076293945,17008498
2011-05-19,52.599998474121094,52.900001525878906,50.79999923706055,51.20000076293945,51.20000076293945,9708903
2011-05-20,51.5,52.04999923706055,50.45000076293945,50.70000076293945,50.70000076293945,8073841
2011-05-23,50.5,50.5,46.150001525878906,48.54999923706055,48.54999923706055,14848219
2011-05-24,48.54999923706055,49.45000076293945,48.5,49.150001525878906,49.150001525878906,8468453
2011-05-25,48.95000076293945,50.5,48.45000076293945,50.20000076293945,50.20000076293945,19393211
2011-05-26,50.400001525878906,50.900001525878906,49.650001525878906,50.04999923706055,50.04999923706055,20544408
2011-05-27,49.79999923706055,51.099998474121094,49.79999923706055,50.79999923706055,50.79999923706055,7723985
2011-05-30,51.0,51.400001525878906,50.400001525878906,51.099998474121094,51.099998474121094,6587532
2011-05-31,51.349998474121094,54.099998474121094,51.20000076293945,53.900001525878906,53.900001525878906,23253621
2011-06-01,54.25,54.349998474121094,52.900001525878906,53.20000076293945,53.20000076293945,11332642
2011-06-02,52.45000076293945,53.54999923706055,51.849998474121094,52.349998474121094,52.349998474121094,12420425
2011-06-03,52.599998474121094,53.5,50.650001525878906,51.099998474121094,51.099998474121094,18756302
2011-06-06,50.95000076293945,51.5,50.099998474121094,51.29999923706055,51.29999923706055,10941228
2011-06-07,51.099998474121094,52.900001525878906,50.95000076293945,52.599998474121094,52.599998474121094,9909014
2011-06-08,52.25,52.900001525878906,51.70000076293945,52.25,52.25,9427509
2011-06-09,52.349998474121094,53.29999923706055,51.900001525878906,52.79999923706055,52.79999923706055,13762060
2011-06-10,52.900001525878906,52.900001525878906,51.5,51.900001525878906,51.900001525878906,10613041
2011-06-13,51.95000076293945,52.650001525878906,51.099998474121094,52.5,52.5,10356702
2011-06-14,52.849998474121094,53.79999923706055,52.599998474121094,52.95000076293945,52.95000076293945,15232750
2011-06-15,53.0,53.0,51.650001525878906,52.0,52.0,7008431
2011-06-16,51.70000076293945,52.75,51.25,52.0,52.0,11593163
2011-06-17,52.20000076293945,52.599998474121094,51.150001525878906,51.29999923706055,51.29999923706055,9750660
2011-06-20,51.54999923706055,51.599998474121094,47.54999923706055,48.04999923706055,48.04999923706055,15123695
2011-06-21,48.400001525878906,49.20000076293945,45.349998474121094,46.45000076293945,46.45000076293945,12328654
2011-06-22,46.79999923706055,47.099998474121094,44.5,44.95000076293945,44.95000076293945,20266227
2011-06-23,45.0,45.599998474121094,43.849998474121094,45.349998474121094,45.349998474121094,15726032
2011-06-24,45.95000076293945,47.650001525878906,45.849998474121094,47.349998474121094,47.349998474121094,12646140
2011-06-27,47.150001525878906,48.20000076293945,46.849998474121094,47.900001525878906,47.900001525878906,11009924
2011-06-28,48.20000076293945,48.900001525878906,47.45000076293945,48.5,48.5,10192965
2011-06-29,48.79999923706055,49.349998474121094,48.54999923706055,48.849998474121094,48.849998474121094,6964733
2011-06-30,49.0,49.0,47.70000076293945,47.95000076293945,47.95000076293945,10174467
2011-07-01,48.5,49.70000076293945,48.20000076293945,49.25,49.25,10638141
2011-07-04,49.400001525878906,50.20000076293945,48.25,49.75,49.75,10507926
2011-07-05,50.0,50.650001525878906,49.20000076293945,50.349998474121094,50.349998474121094,17738823
2011-07-06,50.5,52.150001525878906,50.04999923706055,51.79999923706055,51.79999923706055,26726428
2011-07-07,51.599998474121094,52.29999923706055,51.45000076293945,52.04999923706055,52.04999923706055,10485805
2011-07-08,52.20000076293945,52.95000076293945,51.79999923706055,52.0,52.0,14306306
2011-07-11,51.900001525878906,51.900001525878906,50.349998474121094,50.599998474121094,50.599998474121094,7336228
2011-07-12,50.150001525878906,50.400001525878906,48.400001525878906,49.25,49.25,13401907
2011-07-13,49.5,50.29999923706055,49.20000076293945,49.54999923706055,49.54999923706055,8806097
2011-07-14,49.650001525878906,50.599998474121094,49.25,50.04999923706055,50.04999923706055,7848345
2011-07-15,50.5,50.900001525878906,49.75,50.099998474121094,50.099998474121094,8365091
2011-07-18,50.29999923706055,51.29999923706055,50.25,50.900001525878906,50.900001525878906,6536540
2011-07-19,51.0,51.29999923706055,50.400001525878906,51.150001525878906,51.150001525878906,7327697
2011-07-20,51.29999923706055,51.650001525878906,50.650001525878906,50.79999923706055,50.79999923706055,6526918
2011-07-21,50.54999923706055,53.349998474121094,50.150001525878906,52.599998474121094,52.599998474121094,24207786
2011-07-22,53.45000076293945,53.75,52.5,52.95000076293945,52.95000076293945,19885738
2011-07-25,52.75,55.79999923706055,52.400001525878906,54.54999923706055,54.54999923706055,30300404
2011-07-26,54.900001525878906,55.25,52.400001525878906,52.599998474121094,52.599998474121094,21255521
2011-07-27,52.5,52.5,50.599998474121094,51.20000076293945,51.20000076293945,15742100
2011-07-28,50.900001525878906,52.900001525878906,50.349998474121094,52.5,52.5,16234033
2011-07-29,52.099998474121094,53.5,52.04999923706055,52.400001525878906,52.400001525878906,11953462
2011-08-01,54.5,54.900001525878906,53.20000076293945,54.29999923706055,54.29999923706055,35139204
2011-08-02,53.849998474121094,53.849998474121094,51.900001525878906,52.150001525878906,52.150001525878906,12573451
2011-08-03,51.650001525878906,53.25,51.04999923706055,52.79999923706055,52.79999923706055,12522234
2011-08-04,53.25,53.5,51.400001525878906,51.75,51.75,11663188
2011-08-05,49.849998474121094,50.150001525878906,47.099998474121094,48.599998474121094,48.599998474121094,22781979
2011-08-08,47.0,47.45000076293945,45.04999923706055,45.25,45.25,38327447
2011-08-09,43.900001525878906,44.349998474121094,39.79999923706055,40.25,40.25,59267777
2011-08-10,42.150001525878906,42.900001525878906,41.5,42.0,42.0,28183569
2011-08-11,41.900001525878906,43.0,41.5,42.20000076293945,42.20000076293945,15267724
2011-08-12,43.150001525878906,43.20000076293945,41.04999923706055,41.29999923706055,41.29999923706055,13162439
2011-08-16,42.400001525878906,42.400001525878906,38.0,38.400001525878906,38.400001525878906,21151364
2011-08-17,38.099998474121094,38.849998474121094,36.75,37.099998474121094,37.099998474121094,23375271
2011-08-18,37.5,39.70000076293945,37.5,39.150001525878906,39.150001525878906,29743229
2011-08-19,38.04999923706055,38.650001525878906,36.150001525878906,37.04999923706055,37.04999923706055,37157572
2011-08-22,37.45000076293945,39.400001525878906,36.849998474121094,39.0,39.0,17340255
2011-08-23,39.70000076293945,39.70000076293945,38.099998474121094,38.79999923706055,38.79999923706055,17024058
2011-08-24,38.900001525878906,39.400001525878906,37.25,37.5,37.5,20397174
2011-08-25,38.099998474121094,38.20000076293945,35.599998474121094,35.849998474121094,35.849998474121094,33231232
2011-08-26,36.0,36.099998474121094,34.0,34.25,34.25,21887592
2011-08-29,34.900001525878906,35.95000076293945,34.79999923706055,35.599998474121094,35.599998474121094,17393077
2011-08-30,36.349998474121094,37.099998474121094,35.95000076293945,36.849998474121094,36.849998474121094,16442607
2011-09-02,37.5,38.25,36.5,37.95000076293945,37.95000076293945,17591864
2011-09-05,37.849998474121094,40.04999923706055,37.0,39.900001525878906,39.900001525878906,27533906
2011-09-06,39.900001525878906,40.79999923706055,38.099998474121094,40.349998474121094,40.349998474121094,23155194
2011-09-07,40.5,41.54999923706055,40.349998474121094,41.349998474121094,41.349998474121094,17160176
2011-09-08,41.599998474121094,42.54999923706055,40.900001525878906,42.0,42.0,22030738
2011-09-09,42.0,42.5,40.70000076293945,41.0,41.0,15841532
2011-09-12,40.25,40.5,38.70000076293945,39.150001525878906,39.150001525878906,13474544
2011-09-13,39.599998474121094,40.650001525878906,38.900001525878906,39.20000076293945,39.20000076293945,13958101
2011-09-14,39.599998474121094,39.79999923706055,38.5,39.099998474121094,39.099998474121094,11263523
2011-09-15,39.75,40.599998474121094,39.25,40.400001525878906,40.400001525878906,9906167
2011-09-16,41.0,41.0,39.099998474121094,39.5,39.5,13290367
2011-09-19,39.400001525878906,40.45000076293945,39.04999923706055,39.349998474121094,39.349998474121094,6790267
2011-09-20,39.599998474121094,40.70000076293945,39.5,40.45000076293945,40.45000076293945,8584132
2011-09-21,40.0,41.400001525878906,39.650001525878906,41.20000076293945,41.20000076293945,14822072
2011-09-22,40.20000076293945,40.400001525878906,37.75,38.04999923706055,38.04999923706055,17389556
2011-09-23,37.04999923706055,38.95000076293945,36.849998474121094,38.400001525878906,38.400001525878906,16621020
2011-09-26,38.900001525878906,38.900001525878906,36.349998474121094,37.45000076293945,37.45000076293945,13795489
2011-09-27,38.5,38.70000076293945,38.0,38.150001525878906,38.150001525878906,9187775
2011-09-28,38.599998474121094,38.599998474121094,36.75,37.0,37.0,10232424
2011-09-29,36.75,37.900001525878906,36.5,37.70000076293945,37.70000076293945,11008711
2011-09-30,37.599998474121094,38.20000076293945,36.04999923706055,36.45000076293945,36.45000076293945,11604858
2011-10-03,36.25,36.95000076293945,35.79999923706055,36.20000076293945,36.20000076293945,8947247
2011-10-04,35.650001525878906,37.0,35.349998474121094,35.599998474121094,35.599998474121094,9782187
2011-10-05,36.20000076293945,36.45000076293945,34.599998474121094,34.849998474121094,34.849998474121094,10524908
2011-10-07,36.20000076293945,36.54999923706055,35.400001525878906,35.95000076293945,35.95000076293945,8795524
2011-10-10,35.95000076293945,37.599998474121094,35.900001525878906,37.400001525878906,37.400001525878906,10313382
2011-10-11,37.900001525878906,38.099998474121094,36.900001525878906,37.25,37.25,11795176
2011-10-12,37.650001525878906,38.20000076293945,37.45000076293945,38.04999923706055,38.04999923706055,8672458
2011-10-13,38.349998474121094,38.5,37.599998474121094,37.75,37.75,10008189
2011-10-14,37.75,38.20000076293945,37.54999923706055,37.79999923706055,37.79999923706055,6113188
2011-10-17,38.04999923706055,38.5,37.5,37.849998474121094,37.849998474121094,6193650
2011-10-18,37.54999923706055,37.54999923706055,36.5,36.79999923706055,36.79999923706055,6179549
2011-10-19,37.45000076293945,37.54999923706055,35.849998474121094,36.5,36.5,11036363
2011-10-20,36.29999923706055,36.75,35.79999923706055,36.29999923706055,36.29999923706055,7772347
2011-10-21,36.599998474121094,37.150001525878906,35.95000076293945,36.20000076293945,36.20000076293945,9706626
2011-10-24,37.5,37.95000076293945,36.5,36.70000076293945,36.70000076293945,11118435
2011-10-25,36.75,37.0,36.04999923706055,36.650001525878906,36.650001525878906,7409031
2011-10-28,37.70000076293945,38.70000076293945,37.5,38.5,38.5,11258988
2011-10-31,38.650001525878906,39.099998474121094,37.75,38.54999923706055,38.54999923706055,14178537
2011-11-01,38.20000076293945,38.599998474121094,36.95000076293945,37.25,37.25,9521549
2011-11-02,37.0,37.400001525878906,36.5,36.599998474121094,36.599998474121094,12469608
2011-11-03,36.54999923706055,36.900001525878906,36.04999923706055,36.45000076293945,36.45000076293945,11556345
2011-11-04,36.95000076293945,37.400001525878906,36.650001525878906,36.849998474121094,36.849998474121094,7473578
2011-11-08,37.0,37.349998474121094,36.45000076293945,37.150001525878906,37.150001525878906,8340842
2011-11-09,37.25,37.349998474121094,35.5,35.70000076293945,35.70000076293945,12123781
2011-11-11,35.75,35.95000076293945,34.5,34.599998474121094,34.599998474121094,11338062
2011-11-14,35.25,35.349998474121094,32.70000076293945,32.900001525878906,32.900001525878906,11103971
2011-11-15,32.79999923706055,33.25,30.950000762939453,31.350000381469727,31.350000381469727,10586656
2011-11-16,31.399999618530273,31.549999237060547,28.75,29.149999618530273,29.149999618530273,23433416
2011-11-17,29.350000381469727,29.450000762939453,25.350000381469727,25.649999618530273,25.649999618530273,81051056
2011-11-18,25.450000762939453,25.450000762939453,22.549999237060547,23.850000381469727,23.850000381469727,58159247
2011-11-21,23.950000762939453,24.399999618530273,21.0,21.350000381469727,21.350000381469727,43343862
2011-11-22,21.700000762939453,23.200000762939453,21.450000762939453,22.049999237060547,22.049999237060547,54161446
2011-11-23,22.0,22.450000762939453,21.100000381469727,21.899999618530273,21.899999618530273,40097746
2011-11-24,22.200000762939453,23.700000762939453,22.049999237060547,23.350000381469727,23.350000381469727,52515839
2011-11-25,23.299999237060547,23.649999618530273,22.100000381469727,22.299999237060547,22.299999237060547,31010760
2011-11-28,23.0,23.399999618530273,22.850000381469727,23.149999618530273,23.149999618530273,20383530
2011-11-29,23.450000762939453,24.299999237060547,23.100000381469727,23.25,23.25,29216929
2011-11-30,23.25,23.399999618530273,22.450000762939453,23.200000762939453,23.200000762939453,23135872
2011-12-01,24.200000762939453,24.5,23.049999237060547,23.450000762939453,23.450000762939453,20681475
2011-12-02,23.450000762939453,23.950000762939453,22.899999618530273,23.799999237060547,23.799999237060547,16943852
2011-12-05,23.899999618530273,24.149999618530273,23.399999618530273,23.700000762939453,23.700000762939453,16179869
2011-12-07,24.100000381469727,24.25,23.5,23.75,23.75,16435914
2011-12-08,23.799999237060547,24.0,22.799999237060547,22.950000762939453,22.950000762939453,20878249
2011-12-09,22.5,22.899999618530273,22.0,22.399999618530273,22.399999618530273,17288847
2011-12-12,22.850000381469727,22.899999618530273,21.549999237060547,21.700000762939453,21.700000762939453,16914083
2011-12-13,21.600000381469727,22.0,21.350000381469727,21.75,21.75,15433252
2011-12-14,21.549999237060547,22.100000381469727,21.299999237060547,21.450000762939453,21.450000762939453,13263586
2011-12-15,21.149999618530273,21.149999618530273,19.75,20.350000381469727,20.350000381469727,23368300
2011-12-16,20.600000381469727,20.899999618530273,18.899999618530273,19.049999237060547,19.049999237060547,22030191
2011-12-19,19.100000381469727,19.149999618530273,17.700000762939453,18.049999237060547,18.049999237060547,23402971
2011-12-20,18.450000762939453,18.450000762939453,17.450000762939453,17.700000762939453,17.700000762939453,18333996
2011-12-21,18.5,18.549999237060547,17.600000381469727,17.899999618530273,17.899999618530273,21333873
2011-12-22,17.75,18.899999618530273,17.5,18.649999618530273,18.649999618530273,26886296
2011-12-23,18.950000762939453,19.450000762939453,18.75,18.950000762939453,18.950000762939453,18731902
2011-12-26,19.0,19.850000381469727,18.899999618530273,19.549999237060547,19.549999237060547,14611641
2011-12-27,19.799999237060547,19.799999237060547,18.700000762939453,18.950000762939453,18.950000762939453,14850345
2011-12-28,18.899999618530273,19.399999618530273,18.450000762939453,19.200000762939453,19.200000762939453,17184938
2011-12-29,18.75,18.950000762939453,17.450000762939453,17.649999618530273,17.649999618530273,30874164
2011-12-30,17.899999618530273,18.149999618530273,17.649999618530273,18.0,18.0,17682744
2012-01-02,18.25,18.299999237060547,17.200000762939453,18.049999237060547,18.049999237060547,18588972
2012-01-03,18.5,18.950000762939453,18.350000381469727,18.850000381469727,18.850000381469727,14004490
2012-01-04,19.0,19.0,18.200000762939453,18.399999618530273,18.399999618530273,19725931
2012-01-05,18.399999618530273,19.25,18.100000381469727,18.25,18.25,30679987
2012-01-06,18.100000381469727,18.600000381469727,17.600000381469727,18.200000762939453,18.200000762939453,26462492
2012-01-09,18.399999618530273,18.950000762939453,17.75,18.850000381469727,18.850000381469727,23256253
2012-01-10,19.0,19.799999237060547,18.899999618530273,19.649999618530273,19.649999618530273,23422077
2012-01-11,19.950000762939453,20.700000762939453,19.549999237060547,20.5,20.5,30166933
2012-01-12,20.5,21.200000762939453,20.100000381469727,20.649999618530273,20.649999618530273,25355724
2012-01-13,20.950000762939453,22.700000762939453,20.75,22.450000762939453,22.450000762939453,47370277
2012-01-16,22.75,23.149999618530273,21.899999618530273,22.5,22.5,29192189
2012-01-17,23.0,23.399999618530273,22.549999237060547,22.950000762939453,22.950000762939453,29764096
2012-01-18,23.299999237060547,23.299999237060547,22.0,22.149999618530273,22.149999618530273,19486841
2012-01-19,22.600000381469727,22.899999618530273,22.399999618530273,22.700000762939453,22.700000762939453,14715283
2012-01-20,22.850000381469727,24.799999237060547,22.700000762939453,24.600000381469727,24.600000381469727,38096158
2012-01-23,24.549999237060547,26.450000762939453,24.399999618530273,26.100000381469727,26.100000381469727,49682360
2012-01-24,26.399999618530273,27.200000762939453,26.200000762939453,26.549999237060547,26.549999237060547,39394017
2012-01-25,26.799999237060547,27.75,26.799999237060547,27.25,27.25,42379433
2012-01-27,27.600000381469727,29.100000381469727,27.5,28.600000381469727,28.600000381469727,42648303
2012-01-30,28.600000381469727,28.600000381469727,26.100000381469727,26.350000381469727,26.350000381469727,37864952
2012-01-31,26.799999237060547,28.200000762939453,26.600000381469727,28.0,28.0,26403841
2012-02-01,27.950000762939453,29.75,27.649999618530273,29.549999237060547,29.549999237060547,40284640
2012-02-02,29.899999618530273,30.700000762939453,29.149999618530273,29.549999237060547,29.549999237060547,35793411
2012-02-03,29.600000381469727,29.799999237060547,28.899999618530273,29.450000762939453,29.450000762939453,21360563
2012-02-06,29.799999237060547,30.649999618530273,29.5,29.899999618530273,29.899999618530273,20918824
2012-02-07,30.049999237060547,30.450000762939453,28.799999237060547,29.149999618530273,29.149999618530273,17775205
2012-02-08,29.450000762939453,30.25,29.149999618530273,29.75,29.75,17879777
2012-02-09,29.5,31.700000762939453,29.25,31.450000762939453,31.450000762939453,37436609
2012-02-10,31.649999618530273,32.400001525878906,29.899999618530273,30.799999237060547,30.799999237060547,41471010
2012-02-13,30.100000381469727,30.25,27.799999237060547,28.450000762939453,28.450000762939453,39774426
2012-02-14,28.0,28.149999618530273,27.100000381469727,27.549999237060547,27.549999237060547,30744657
2012-02-15,28.200000762939453,29.450000762939453,28.149999618530273,28.950000762939453,28.950000762939453,31647462
2012-02-16,28.649999618530273,30.149999618530273,28.549999237060547,29.450000762939453,29.450000762939453,27830638
2012-02-17,30.0,31.049999237060547,28.549999237060547,29.049999237060547,29.049999237060547,34559134
2012-02-21,29.200000762939453,30.850000381469727,29.200000762939453,30.600000381469727,30.600000381469727,33724893
2012-02-22,31.0,32.0,27.950000762939453,28.399999618530273,28.399999618530273,51640771
2012-02-23,28.299999237060547,29.100000381469727,27.25,27.950000762939453,27.950000762939453,36588543
2012-02-24,28.0,28.549999237060547,26.5,26.75,26.75,33703066
2012-02-27,26.799999237060547,27.0,24.100000381469727,24.5,24.5,28163049
2012-02-28,25.0,26.450000762939453,24.899999618530273,26.25,26.25,28647641
2012-02-29,26.950000762939453,27.450000762939453,25.700000762939453,26.600000381469727,26.600000381469727,30043010
2012-03-01,26.299999237060547,30.5,25.600000381469727,29.649999618530273,29.649999618530273,87780038
2012-03-02,30.0,30.700000762939453,28.850000381469727,29.200000762939453,29.200000762939453,60918216
2012-03-05,28.899999618530273,29.600000381469727,27.5,27.799999237060547,27.799999237060547,35872083
2012-03-06,27.049999237060547,28.5,26.700000762939453,27.200000762939453,27.200000762939453,27216939
2012-03-07,27.0,27.700000762939453,26.5,27.149999618530273,27.149999618530273,18700643
2012-03-09,27.700000762939453,28.100000381469727,27.049999237060547,27.600000381469727,27.600000381469727,23158867
2012-03-12,28.149999618530273,28.5,27.399999618530273,28.25,28.25,20093063
2012-03-13,28.649999618530273,30.25,28.350000381469727,29.200000762939453,29.200000762939453,53696984
2012-03-14,29.75,30.799999237060547,29.399999618530273,30.0,30.0,45207349
2012-03-15,30.200000762939453,30.25,28.5,28.850000381469727,28.850000381469727,35844984
2012-03-16,29.100000381469727,29.899999618530273,27.700000762939453,28.299999237060547,28.299999237060547,34831841
2012-03-19,28.399999618530273,28.700000762939453,27.200000762939453,27.350000381469727,27.350000381469727,20536406
2012-03-20,27.399999618530273,27.950000762939453,27.0,27.549999237060547,27.549999237060547,15263606
2012-03-21,27.549999237060547,29.299999237060547,27.25,29.149999618530273,29.149999618530273,29033477
2012-03-22,29.200000762939453,29.200000762939453,27.200000762939453,27.399999618530273,27.399999618530273,25791181
2012-03-23,27.5,28.450000762939453,27.0,28.0,28.0,21884990
2012-03-26,27.850000381469727,28.049999237060547,27.0,27.149999618530273,27.149999618530273,21464719
2012-03-27,27.799999237060547,27.950000762939453,27.200000762939453,27.450000762939453,27.450000762939453,19592177
2012-03-28,27.399999618530273,28.100000381469727,26.700000762939453,26.899999618530273,26.899999618530273,21080447
2012-03-29,26.799999237060547,26.799999237060547,26.0,26.100000381469727,26.100000381469727,21222749
2012-03-30,26.399999618530273,26.700000762939453,24.899999618530273,25.25,25.25,39419242
2012-04-02,25.399999618530273,26.149999618530273,25.299999237060547,25.799999237060547,25.799999237060547,24335502
2012-04-03,25.899999618530273,26.399999618530273,25.350000381469727,25.600000381469727,25.600000381469727,26811605
2012-04-04,25.399999618530273,25.899999618530273,24.850000381469727,25.149999618530273,25.149999618530273,24463972
2012-04-09,25.100000381469727,25.549999237060547,24.299999237060547,24.399999618530273,24.399999618530273,31593023
2012-04-10,24.5,24.700000762939453,24.0,24.299999237060547,24.299999237060547,17615637
2012-04-11,24.0,25.100000381469727,23.649999618530273,24.399999618530273,24.399999618530273,28830279
2012-04-12,24.450000762939453,24.850000381469727,24.25,24.5,24.5,18836576
2012-04-13,24.5,25.100000381469727,24.049999237060547,24.149999618530273,24.149999618530273,16954296
2012-04-16,24.0,24.399999618530273,23.850000381469727,24.100000381469727,24.100000381469727,9716622
2012-04-17,24.0,24.549999237060547,24.0,24.299999237060547,24.299999237060547,9887183
2012-04-18,24.299999237060547,24.5,23.899999618530273,24.100000381469727,24.100000381469727,12547165
2012-04-19,24.0,24.25,23.850000381469727,24.0,24.0,7231965
2012-04-20,23.950000762939453,24.0,23.100000381469727,23.399999618530273,23.399999618530273,14308303
2012-04-23,23.549999237060547,23.700000762939453,22.399999618530273,22.649999618530273,22.649999618530273,17257436
2012-04-24,22.649999618530273,23.149999618530273,22.200000762939453,22.700000762939453,22.700000762939453,13052380
2012-04-25,22.5,22.75,21.799999237060547,22.399999618530273,22.399999618530273,15577676
2012-04-26,22.100000381469727,22.549999237060547,21.850000381469727,22.299999237060547,22.299999237060547,18627568
2012-04-27,22.0,22.399999618530273,21.049999237060547,21.350000381469727,21.350000381469727,15437084
2012-04-30,22.0,23.149999618530273,21.899999618530273,22.75,22.75,16505073
2012-05-02,23.0,23.200000762939453,22.200000762939453,22.399999618530273,22.399999618530273,15276533
2012-05-03,22.0,22.25,21.299999237060547,21.600000381469727,21.600000381469727,17605977
2012-05-04,21.350000381469727,22.5,21.25,22.049999237060547,22.049999237060547,23481822
2012-05-07,21.549999237060547,22.149999618530273,20.899999618530273,21.950000762939453,21.950000762939453,18732393
2012-05-08,22.049999237060547,22.5,21.0,21.299999237060547,21.299999237060547,19397549
2012-05-09,21.0,21.350000381469727,20.200000762939453,20.5,20.5,19332367
2012-05-10,20.399999618530273,20.799999237060547,19.299999237060547,19.450000762939453,19.450000762939453,29286743
2012-05-11,19.149999618530273,19.5,18.75,18.950000762939453,18.950000762939453,27866247
2012-05-14,19.0,19.700000762939453,19.0,19.200000762939453,19.200000762939453,15278031
2012-05-15,19.0,20.299999237060547,18.649999618530273,19.799999237060547,19.799999237060547,24080586
2012-05-16,19.100000381469727,19.850000381469727,18.549999237060547,19.299999237060547,19.299999237060547,29419045
2012-05-17,19.299999237060547,20.200000762939453,19.100000381469727,20.0,20.0,18920247
2012-05-18,19.5,20.350000381469727,19.25,20.100000381469727,20.100000381469727,23138431
2012-05-21,20.25,21.799999237060547,20.25,21.450000762939453,21.450000762939453,29288141
2012-05-22,21.799999237060547,22.100000381469727,21.299999237060547,21.5,21.5,23887553
2012-05-23,21.200000762939453,21.399999618530273,20.649999618530273,20.950000762939453,20.950000762939453,15741859
2012-05-24,21.100000381469727,21.5,20.700000762939453,20.899999618530273,20.899999618530273,14776424
2012-05-25,21.0,21.350000381469727,20.600000381469727,20.850000381469727,20.850000381469727,10963309
2012-05-28,20.450000762939453,20.799999237060547,19.5,20.649999618530273,20.649999618530273,29169852
2012-05-29,21.049999237060547,21.399999618530273,20.600000381469727,21.0,21.0,23081253
2012-05-30,21.0,21.049999237060547,19.600000381469727,19.75,19.75,28131010
2012-05-31,19.450000762939453,19.5,17.75,17.899999618530273,17.899999618530273,100128771
2012-06-01,18.0,18.25,17.450000762939453,17.549999237060547,17.549999237060547,36917521
2012-06-04,17.399999618530273,17.700000762939453,17.0,17.25,17.25,20957829
2012-06-05,17.450000762939453,17.549999237060547,17.0,17.149999618530273,17.149999618530273,22336765
2012-06-06,17.350000381469727,17.850000381469727,17.299999237060547,17.549999237060547,17.549999237060547,22956453
2012-06-07,18.0,18.600000381469727,17.450000762939453,18.200000762939453,18.200000762939453,36400493
2012-06-08,18.049999237060547,18.549999237060547,17.75,18.0,18.0,28621260
2012-06-11,18.200000762939453,18.75,18.049999237060547,18.200000762939453,18.200000762939453,27660790
2012-06-12,18.049999237060547,18.100000381469727,17.649999618530273,17.799999237060547,17.799999237060547,30500511
2012-06-13,17.799999237060547,18.149999618530273,17.649999618530273,17.850000381469727,17.850000381469727,18080899
2012-06-14,17.950000762939453,18.049999237060547,17.549999237060547,17.700000762939453,17.700000762939453,13976882
2012-06-15,17.75,18.25,17.5,17.950000762939453,17.950000762939453,20365136
2012-06-18,18.0,18.149999618530273,17.350000381469727,17.600000381469727,17.600000381469727,18195692
2012-06-19,17.399999618530273,17.600000381469727,17.200000762939453,17.299999237060547,17.299999237060547,11977532
2012-06-20,17.299999237060547,17.649999618530273,17.299999237060547,17.450000762939453,17.450000762939453,7920559
2012-06-21,17.299999237060547,17.700000762939453,17.299999237060547,17.549999237060547,17.549999237060547,11874303
2012-06-22,17.399999618530273,17.5,17.25,17.399999618530273,17.399999618530273,11877723
2012-06-25,17.700000762939453,18.149999618530273,17.649999618530273,17.75,17.75,20809053
2012-06-26,17.850000381469727,18.100000381469727,17.600000381469727,17.899999618530273,17.899999618530273,16184742
2012-06-27,18.0,18.25,17.899999618530273,18.100000381469727,18.100000381469727,20575765
2012-06-28,18.200000762939453,18.649999618530273,17.799999237060547,17.950000762939453,17.950000762939453,28463354
2012-06-29,18.200000762939453,18.700000762939453,18.200000762939453,18.600000381469727,18.600000381469727,20716817
2012-07-02,18.799999237060547,19.049999237060547,18.25,18.899999618530273,18.899999618530273,20737067
2012-07-03,19.0,19.200000762939453,18.549999237060547,18.850000381469727,18.850000381469727,19838155
2012-07-04,18.950000762939453,19.350000381469727,18.799999237060547,19.049999237060547,19.049999237060547,17216976
2012-07-05,19.0,19.450000762939453,18.950000762939453,19.299999237060547,19.299999237060547,18996770
2012-07-06,19.299999237060547,19.950000762939453,19.049999237060547,19.75,19.75,32374554
2012-07-09,19.649999618530273,19.75,19.049999237060547,19.350000381469727,19.350000381469727,20885147
2012-07-10,19.299999237060547,19.700000762939453,19.299999237060547,19.549999237060547,19.549999237060547,11431168
2012-07-11,19.549999237060547,20.25,19.399999618530273,19.75,19.75,30035243
2012-07-12,19.549999237060547,19.75,19.25,19.399999618530273,19.399999618530273,13403183
2012-07-13,19.450000762939453,19.799999237060547,19.200000762939453,19.299999237060547,19.299999237060547,10112234
2012-07-16,19.200000762939453,19.5,18.799999237060547,18.950000762939453,18.950000762939453,10347275
2012-07-17,19.0,19.149999618530273,18.0,18.200000762939453,18.200000762939453,14796585
2012-07-18,18.0,18.350000381469727,17.850000381469727,18.149999618530273,18.149999618530273,9161597
2012-07-19,18.25,18.549999237060547,18.0,18.049999237060547,18.049999237060547,12179856
2012-07-20,18.0,18.149999618530273,17.799999237060547,17.899999618530273,17.899999618530273,7873041
2012-07-23,17.75,17.799999237060547,17.450000762939453,17.5,17.5,8775031
2012-07-24,17.5,17.799999237060547,17.149999618530273,17.549999237060547,17.549999237060547,13539800
2012-07-25,17.350000381469727,17.600000381469727,17.100000381469727,17.25,17.25,17188713
2012-07-26,17.450000762939453,17.850000381469727,17.100000381469727,17.25,17.25,20971832
2012-07-27,17.450000762939453,17.75,17.0,17.149999618530273,17.149999618530273,13612090
2012-07-30,17.399999618530273,19.25,17.25,19.100000381469727,19.100000381469727,36950940
2012-07-31,19.399999618530273,19.399999618530273,18.350000381469727,18.450000762939453,18.450000762939453,27113461
2012-08-01,18.5,18.950000762939453,18.399999618530273,18.600000381469727,18.600000381469727,15074808
2012-08-02,18.600000381469727,18.75,18.299999237060547,18.450000762939453,18.450000762939453,6344688
2012-08-03,18.25,18.350000381469727,17.75,17.899999618530273,17.899999618530273,12503791
2012-08-06,18.200000762939453,18.350000381469727,17.799999237060547,17.899999618530273,17.899999618530273,10949806
2012-08-07,18.0,18.149999618530273,17.799999237060547,17.899999618530273,17.899999618530273,9369818
2012-08-08,18.0,18.100000381469727,17.350000381469727,17.450000762939453,17.450000762939453,12489417
2012-08-09,17.549999237060547,17.700000762939453,17.049999237060547,17.200000762939453,17.200000762939453,11827495
2012-08-10,17.149999618530273,17.600000381469727,17.149999618530273,17.25,17.25,7034204
2012-08-13,17.299999237060547,17.950000762939453,17.299999237060547,17.700000762939453,17.700000762939453,11143458
2012-08-14,16.100000381469727,17.299999237060547,16.100000381469727,17.0,17.0,21883933
2012-08-16,17.049999237060547,17.299999237060547,16.950000762939453,17.0,17.0,8273470
2012-08-17,17.0,17.299999237060547,16.649999618530273,16.799999237060547,16.799999237060547,9522714
2012-08-21,16.799999237060547,17.100000381469727,16.649999618530273,16.799999237060547,16.799999237060547,8426740
2012-08-22,16.700000762939453,17.0,16.299999237060547,16.549999237060547,16.549999237060547,11874310
2012-08-23,16.5,16.75,16.399999618530273,16.549999237060547,16.549999237060547,7676400
2012-08-24,16.450000762939453,16.600000381469727,16.0,16.149999618530273,16.149999618530273,13602351
2012-08-27,16.049999237060547,16.25,15.199999809265137,15.300000190734863,15.300000190734863,21452801
2012-08-28,15.199999809265137,15.550000190734863,14.949999809265137,15.100000381469727,15.100000381469727,16346808
2012-08-29,15.050000190734863,15.25,14.800000190734863,14.949999809265137,14.949999809265137,14510405
2012-08-30,14.949999809265137,15.399999618530273,14.800000190734863,15.0,15.0,13062932
2012-08-31,14.949999809265137,15.199999809265137,14.75,15.0,15.0,12808769
2012-09-03,15.100000381469727,15.75,14.800000190734863,15.0,15.0,17975711
2012-09-04,15.199999809265137,15.399999618530273,15.100000381469727,15.25,15.25,8111183
2012-09-05,15.050000190734863,15.300000190734863,15.050000190734863,15.149999618530273,15.149999618530273,6459626
2012-09-06,15.0,15.449999809265137,15.0,15.199999809265137,15.199999809265137,7369331
2012-09-07,15.300000190734863,15.5,15.25,15.350000381469727,15.350000381469727,7968007
2012-09-10,15.25,15.399999618530273,15.199999809265137,15.300000190734863,15.300000190734863,4266615
2012-09-11,15.25,15.5,15.149999618530273,15.449999809265137,15.449999809265137,5096122
2012-09-12,15.399999618530273,16.0,15.399999618530273,15.899999618530273,15.899999618530273,9406547
2012-09-13,16.0,16.149999618530273,15.649999618530273,15.949999809265137,15.949999809265137,6984741
2012-09-14,16.200000762939453,16.5,15.949999809265137,16.100000381469727,16.100000381469727,16333240
2012-09-17,16.299999237060547,17.200000762939453,16.25,16.700000762939453,16.700000762939453,17062563
2012-09-18,16.75,17.5,16.649999618530273,17.149999618530273,17.149999618530273,13910685
2012-09-20,17.0,17.0,16.25,16.5,16.5,12795067
2012-09-21,16.600000381469727,17.5,16.399999618530273,17.299999237060547,17.299999237060547,17460697
2012-09-24,17.399999618530273,18.950000762939453,17.299999237060547,18.5,18.5,38692446
2012-09-25,18.899999618530273,19.200000762939453,18.200000762939453,18.549999237060547,18.549999237060547,27885466
2012-09-26,18.399999618530273,18.799999237060547,17.899999618530273,18.0,18.0,19689243
2012-09-27,18.100000381469727,18.350000381469727,17.75,17.899999618530273,17.899999618530273,19085889
2012-09-28,18.0,18.450000762939453,17.649999618530273,17.75,17.75,13883501
2012-10-01,18.0,18.100000381469727,17.399999618530273,17.950000762939453,17.950000762939453,19740877
2012-10-03,17.950000762939453,18.149999618530273,17.600000381469727,17.75,17.75,9761230
2012-10-04,17.850000381469727,18.399999618530273,17.799999237060547,17.899999618530273,17.899999618530273,14356584
2012-10-05,18.0,18.200000762939453,17.299999237060547,17.549999237060547,17.549999237060547,8880287
2012-10-08,17.600000381469727,17.850000381469727,17.25,17.350000381469727,17.350000381469727,6529210
2012-10-09,17.450000762939453,17.700000762939453,17.049999237060547,17.149999618530273,17.149999618530273,6819474
2012-10-10,17.0,17.0,16.5,16.549999237060547,16.549999237060547,9153324
2012-10-11,16.299999237060547,16.350000381469727,15.699999809265137,16.149999618530273,16.149999618530273,23086730
2012-10-12,16.0,16.549999237060547,15.699999809265137,15.899999618530273,15.899999618530273,19839390
2012-10-15,15.899999618530273,16.25,15.75,15.899999618530273,15.899999618530273,13778311
2012-10-16,16.0,16.100000381469727,15.550000190734863,15.699999809265137,15.699999809265137,9576282
2012-10-17,15.949999809265137,16.0,15.5,15.649999618530273,15.649999618530273,9709293
2012-10-18,15.699999809265137,15.899999618530273,15.649999618530273,15.75,15.75,7643722
2012-10-19,15.850000381469727,15.850000381469727,15.5,15.649999618530273,15.649999618530273,7981098
2012-10-22,15.550000190734863,16.350000381469727,15.550000190734863,16.0,16.0,15504082
2012-10-23,16.0,16.100000381469727,15.449999809265137,15.550000190734863,15.550000190734863,17340256
2012-10-25,15.449999809265137,16.049999237060547,15.199999809265137,15.850000381469727,15.850000381469727,24501344
2012-10-29,15.600000381469727,16.100000381469727,15.25,15.899999618530273,15.899999618530273,11064735
2012-10-30,16.299999237060547,16.700000762939453,15.399999618530273,15.800000190734863,15.800000190734863,21960344
2012-10-31,15.899999618530273,15.899999618530273,15.649999618530273,15.800000190734863,15.800000190734863,7458072
2012-11-01,15.850000381469727,16.0,15.600000381469727,15.75,15.75,8666736
2012-11-02,15.850000381469727,16.049999237060547,15.5,15.649999618530273,15.649999618530273,8501438
2012-11-05,15.600000381469727,15.800000190734863,15.5,15.600000381469727,15.600000381469727,6045258
2012-11-06,15.399999618530273,15.75,15.399999618530273,15.600000381469727,15.600000381469727,5025842
2012-11-07,15.5,15.800000190734863,15.5,15.649999618530273,15.649999618530273,6087483
2012-11-08,15.550000190734863,15.649999618530273,15.399999618530273,15.550000190734863,15.550000190734863,5746813
2012-11-09,15.5,15.850000381469727,15.399999618530273,15.5,15.5,9825969
2012-11-12,15.300000190734863,15.5,15.050000190734863,15.300000190734863,15.300000190734863,7680226
2012-11-15,15.399999618530273,16.149999618530273,15.300000190734863,15.699999809265137,15.699999809265137,9131378
2012-11-16,15.600000381469727,15.800000190734863,15.350000381469727,15.449999809265137,15.449999809265137,8134762
2012-11-19,15.600000381469727,15.850000381469727,15.399999618530273,15.449999809265137,15.449999809265137,7363522
2012-11-20,15.550000190734863,16.0,15.399999618530273,15.5,15.5,11701665
2012-11-21,15.5,15.649999618530273,15.300000190734863,15.350000381469727,15.350000381469727,5478603
2012-11-22,15.350000381469727,15.5,15.199999809265137,15.25,15.25,5259557
2012-11-23,15.199999809265137,15.449999809265137,15.149999618530273,15.25,15.25,5270826
2012-11-26,15.300000190734863,15.649999618530273,15.199999809265137,15.449999809265137,15.449999809265137,10013483
2012-11-27,15.449999809265137,17.399999618530273,15.449999809265137,17.100000381469727,17.100000381469727,51476917
2012-11-29,17.299999237060547,18.899999618530273,17.200000762939453,18.549999237060547,18.549999237060547,69000146
2012-11-30,18.899999618530273,20.399999618530273,18.75,19.549999237060547,19.549999237060547,97726796
2012-12-03,19.850000381469727,20.25,19.350000381469727,19.549999237060547,19.549999237060547,36863086
2012-12-04,19.700000762939453,19.700000762939453,18.649999618530273,18.850000381469727,18.850000381469727,25747443
2012-12-05,18.649999618530273,19.549999237060547,18.600000381469727,19.0,19.0,24055539
2012-12-06,19.25,19.25,18.700000762939453,19.049999237060547,19.049999237060547,16725427
2012-12-07,18.950000762939453,19.350000381469727,18.649999618530273,18.700000762939453,18.700000762939453,14281052
2012-12-10,18.799999237060547,19.149999618530273,18.649999618530273,18.700000762939453,18.700000762939453,9694323
2012-12-11,18.850000381469727,19.0,18.149999618530273,18.399999618530273,18.399999618530273,11563411
2012-12-12,18.5,18.549999237060547,18.049999237060547,18.299999237060547,18.299999237060547,7770608
2012-12-13,18.299999237060547,19.0,18.149999618530273,18.299999237060547,18.299999237060547,19191543
2012-12-14,18.399999618530273,18.850000381469727,18.350000381469727,18.649999618530273,18.649999618530273,14792284
2012-12-17,18.75,19.25,18.700000762939453,18.850000381469727,18.850000381469727,13822402
2012-12-18,18.950000762939453,19.149999618530273,18.299999237060547,18.5,18.5,16291020
2012-12-19,18.5,19.0,18.0,18.700000762939453,18.700000762939453,25241042
2012-12-20,18.799999237060547,19.200000762939453,18.450000762939453,18.649999618530273,18.649999618530273,36546888
2012-12-21,18.450000762939453,18.700000762939453,18.149999618530273,18.25,18.25,20871838
2012-12-24,18.25,18.5,17.799999237060547,17.899999618530273,17.899999618530273,13331462
2012-12-26,17.950000762939453,17.950000762939453,16.75,17.600000381469727,17.600000381469727,78985624
2012-12-27,17.700000762939453,18.25,17.450000762939453,17.950000762939453,17.950000762939453,37080090
2012-12-28,18.0,20.0,18.0,19.350000381469727,19.350000381469727,99827538
2012-12-31,19.450000762939453,19.600000381469727,18.450000762939453,18.549999237060547,18.549999237060547,34162749
2013-01-01,18.899999618530273,19.049999237060547,18.700000762939453,18.799999237060547,18.799999237060547,14910783
2013-01-02,18.950000762939453,19.049999237060547,18.549999237060547,18.649999618530273,18.649999618530273,23871251
2013-01-03,18.700000762939453,18.799999237060547,18.25,18.299999237060547,18.299999237060547,17183023
2013-01-04,18.450000762939453,18.75,18.350000381469727,18.399999618530273,18.399999618530273,27707928
2013-01-07,18.950000762939453,19.25,18.649999618530273,18.75,18.75,28401593
2013-01-08,18.799999237060547,18.850000381469727,18.350000381469727,18.450000762939453,18.450000762939453,17931887
2013-01-09,18.5,19.950000762939453,18.450000762939453,19.75,19.75,90105950
2013-01-10,20.0,20.899999618530273,19.899999618530273,20.350000381469727,20.350000381469727,108177779
2013-01-11,20.5,20.700000762939453,19.200000762939453,19.299999237060547,19.299999237060547,58608070
2013-01-14,19.5,19.899999618530273,18.899999618530273,19.799999237060547,19.799999237060547,30556039
2013-01-15,19.950000762939453,20.200000762939453,19.5,19.549999237060547,19.549999237060547,22691944
2013-01-16,19.549999237060547,19.850000381469727,18.899999618530273,19.0,19.0,22005471
2013-01-17,19.700000762939453,19.899999618530273,19.299999237060547,19.399999618530273,19.399999618530273,26489306
2013-01-18,19.600000381469727,19.700000762939453,18.899999618530273,19.0,19.0,18395448
2013-01-21,19.049999237060547,19.399999618530273,18.850000381469727,19.0,19.0,20066589
2013-01-22,19.049999237060547,19.200000762939453,18.600000381469727,18.75,18.75,13342528
2013-01-23,19.0,19.200000762939453,18.350000381469727,18.649999618530273,18.649999618530273,25654191
2013-01-24,18.649999618530273,18.950000762939453,17.899999618530273,18.049999237060547,18.049999237060547,22065797
2013-01-25,18.549999237060547,21.299999237060547,18.5,21.100000381469727,21.100000381469727,103181944
2013-01-28,21.25,21.950000762939453,20.649999618530273,21.5,21.5,61286073
2013-01-29,21.399999618530273,21.899999618530273,20.700000762939453,21.049999237060547,21.049999237060547,42826319
2013-01-30,21.25,21.600000381469727,20.850000381469727,21.200000762939453,21.200000762939453,26193912
2013-01-31,21.649999618530273,25.700000762939453,21.600000381469727,24.549999237060547,24.549999237060547,185596786
2013-02-01,25.25,26.549999237060547,24.899999618530273,25.149999618530273,25.149999618530273,109107326
2013-02-04,25.399999618530273,25.649999618530273,24.350000381469727,24.649999618530273,24.649999618530273,74904898
2013-02-05,24.5,25.799999237060547,24.200000762939453,25.5,25.5,63109249
2013-02-06,25.649999618530273,26.950000762939453,25.450000762939453,26.75,26.75,75187019
2013-02-07,26.450000762939453,26.700000762939453,25.299999237060547,25.5,25.5,44966453
2013-02-08,25.299999237060547,25.450000762939453,24.799999237060547,24.950000762939453,24.950000762939453,36367273
2013-02-11,24.899999618530273,25.25,24.299999237060547,24.850000381469727,24.850000381469727,32054779
2013-02-12,24.75,24.850000381469727,23.700000762939453,23.899999618530273,23.899999618530273,23621849
2013-02-13,24.0,24.350000381469727,22.649999618530273,22.899999618530273,22.899999618530273,20326857
2013-02-14,22.850000381469727,24.5,21.75,23.75,23.75,42068633
2013-02-15,21.399999618530273,22.100000381469727,19.75,21.700000762939453,21.700000762939453,73127679
2013-02-18,21.450000762939453,22.600000381469727,21.399999618530273,22.350000381469727,22.350000381469727,20693940
2013-02-19,22.350000381469727,23.299999237060547,22.299999237060547,23.0,23.0,31284085
2013-02-20,23.200000762939453,24.049999237060547,23.100000381469727,23.549999237060547,23.549999237060547,27997059
2013-02-21,23.0,23.850000381469727,22.850000381469727,23.100000381469727,23.100000381469727,22535849
2013-02-22,23.0,23.600000381469727,23.0,23.200000762939453,23.200000762939453,16871416
2013-02-25,23.450000762939453,23.649999618530273,21.299999237060547,22.25,22.25,27484410
2013-02-26,22.25,22.600000381469727,21.100000381469727,21.25,21.25,27765150
2013-02-27,21.700000762939453,24.899999618530273,21.549999237060547,24.25,24.25,88252305
2013-02-28,24.5,25.350000381469727,13.350000381469727,16.0,16.0,320764797
2013-03-01,17.600000381469727,20.75,17.600000381469727,18.950000762939453,18.950000762939453,79413460
2013-03-04,19.049999237060547,19.399999618530273,16.25,17.600000381469727,17.600000381469727,32598311
2013-03-05,18.0,18.450000762939453,17.5,17.700000762939453,17.700000762939453,16608298
2013-03-06,18.25,18.399999618530273,17.5,17.649999618530273,17.649999618530273,18823977
2013-03-07,17.700000762939453,17.899999618530273,16.799999237060547,17.0,17.0,18918551
2013-03-08,17.399999618530273,17.799999237060547,16.799999237060547,16.899999618530273,16.899999618530273,19916399
2013-03-11,17.399999618530273,17.450000762939453,16.799999237060547,16.899999618530273,16.899999618530273,17244418
2013-03-12,17.0,17.0,16.049999237060547,16.25,16.25,20869650
2013-03-13,16.0,16.200000762939453,15.449999809265137,15.600000381469727,15.600000381469727,24651969
2013-03-14,15.800000190734863,15.800000190734863,14.899999618530273,15.100000381469727,15.100000381469727,29808664
2013-03-15,15.550000190734863,15.600000381469727,14.800000190734863,14.949999809265137,14.949999809265137,24657112
2013-03-18,15.0,15.25,14.600000381469727,14.949999809265137,14.949999809265137,12864696
2013-03-19,15.0,15.25,14.5,14.600000381469727,14.600000381469727,17933379
2013-03-20,14.600000381469727,14.75,14.0,14.100000381469727,14.100000381469727,15347475
2013-03-21,14.300000190734863,14.449999809265137,13.600000381469727,13.649999618530273,13.649999618530273,27042346
2013-03-22,13.699999809265137,14.0,13.199999809265137,13.449999809265137,13.449999809265137,24712923
2013-03-25,13.949999809265137,14.25,13.300000190734863,13.5,13.5,26834920
2013-03-26,13.5,13.850000381469727,13.300000190734863,13.399999618530273,13.399999618530273,15363727
2013-03-28,13.449999809265137,13.800000190734863,13.25,13.600000381469727,13.600000381469727,14259913
2013-04-01,13.800000190734863,14.199999809265137,13.699999809265137,13.800000190734863,13.800000190734863,16741399
2013-04-02,13.949999809265137,14.050000190734863,13.75,13.949999809265137,13.949999809265137,12390601
2013-04-03,14.0,14.600000381469727,13.899999618530273,13.949999809265137,13.949999809265137,22011717
2013-04-04,13.949999809265137,13.949999809265137,13.449999809265137,13.600000381469727,13.600000381469727,10481563
2013-04-05,13.5,13.800000190734863,13.5,13.600000381469727,13.600000381469727,4536905
2013-04-08,13.75,13.75,13.449999809265137,13.5,13.5,4225955
2013-04-09,13.800000190734863,13.800000190734863,13.449999809265137,13.5,13.5,5981688
2013-04-10,13.5,13.649999618530273,13.300000190734863,13.449999809265137,13.449999809265137,7103733
2013-04-11,13.5,13.600000381469727,13.399999618530273,13.449999809265137,13.449999809265137,3381826
2013-04-12,13.449999809265137,13.600000381469727,13.25,13.449999809265137,13.449999809265137,6290113
2013-04-15,13.649999618530273,13.949999809265137,13.600000381469727,13.699999809265137,13.699999809265137,9402207
2013-04-16,13.600000381469727,13.850000381469727,13.550000190734863,13.800000190734863,13.800000190734863,6711168
2013-04-17,14.0,14.449999809265137,13.75,14.0,14.0,15190352
2013-04-18,14.050000190734863,14.399999618530273,14.050000190734863,14.199999809265137,14.199999809265137,10493119
2013-04-22,14.199999809265137,15.100000381469727,13.850000381469727,14.649999618530273,14.649999618530273,17269459
2013-04-23,14.75,14.800000190734863,14.25,14.350000381469727,14.350000381469727,7007531
2013-04-25,14.600000381469727,14.699999809265137,14.100000381469727,14.199999809265137,14.199999809265137,9646698
2013-04-26,14.25,14.449999809265137,13.75,13.949999809265137,13.949999809265137,9488210
2013-04-29,14.149999618530273,14.5,14.100000381469727,14.25,14.25,9824910
2013-04-30,14.399999618530273,14.899999618530273,13.899999618530273,14.550000190734863,14.550000190734863,16270904
2013-05-02,14.600000381469727,14.75,14.300000190734863,14.5,14.5,13796901
2013-05-03,14.600000381469727,14.649999618530273,14.050000190734863,14.199999809265137,14.199999809265137,5635531
2013-05-06,14.5,14.600000381469727,14.350000381469727,14.5,14.5,8171224
2013-05-07,14.699999809265137,14.850000381469727,14.5,14.699999809265137,14.699999809265137,9051295
2013-05-08,14.850000381469727,14.850000381469727,14.350000381469727,14.550000190734863,14.550000190734863,6095860
2013-05-09,14.600000381469727,14.649999618530273,14.300000190734863,14.350000381469727,14.350000381469727,3718881
2013-05-10,14.350000381469727,14.550000190734863,14.300000190734863,14.399999618530273,14.399999618530273,2785830
2013-05-13,14.399999618530273,14.399999618530273,13.949999809265137,14.0,14.0,4350623
2013-05-14,14.100000381469727,14.25,14.0,14.100000381469727,14.100000381469727,3251635
2013-05-15,14.199999809265137,14.449999809265137,14.149999618530273,14.300000190734863,14.300000190734863,4033071
2013-05-16,14.300000190734863,14.449999809265137,14.050000190734863,14.149999618530273,14.149999618530273,3700341
2013-05-17,14.149999618530273,14.699999809265137,14.100000381469727,14.449999809265137,14.449999809265137,6479320
2013-05-20,14.449999809265137,14.899999618530273,14.300000190734863,14.350000381469727,14.350000381469727,5130535
2013-05-21,14.350000381469727,14.449999809265137,14.0,14.100000381469727,14.100000381469727,2460970
2013-05-22,14.149999618530273,14.300000190734863,13.899999618530273,13.949999809265137,13.949999809265137,2893067
2013-05-23,13.899999618530273,13.899999618530273,13.300000190734863,13.350000381469727,13.350000381469727,6139736
2013-05-24,13.5,13.600000381469727,13.149999618530273,13.25,13.25,5454470
2013-05-27,13.25,13.449999809265137,13.199999809265137,13.25,13.25,3213970
2013-05-28,13.399999618530273,13.550000190734863,13.300000190734863,13.350000381469727,13.350000381469727,3260637
2013-05-29,13.25,13.399999618530273,13.100000381469727,13.199999809265137,13.199999809265137,3999690
2013-05-30,13.149999618530273,13.25,12.949999809265137,13.050000190734863,13.050000190734863,3088748
2013-05-31,12.800000190734863,12.949999809265137,11.75,11.75,11.75,19574145
2013-06-03,11.800000190734863,11.800000190734863,10.600000381469727,10.600000381469727,10.600000381469727,14715939
2013-06-04,10.600000381469727,11.100000381469727,10.399999618530273,10.75,10.75,15340781
2013-06-05,10.75,11.199999809265137,10.649999618530273,11.0,11.0,6865776
2013-06-06,11.0,11.050000190734863,10.800000190734863,10.949999809265137,10.949999809265137,3592794
2013-06-07,10.949999809265137,11.0,10.649999618530273,10.75,10.75,5171058
2013-06-10,10.800000190734863,10.899999618530273,10.5,10.550000190734863,10.550000190734863,3649711
2013-06-11,10.300000190734863,10.449999809265137,9.800000190734863,9.850000381469727,9.850000381469727,8405700
2013-06-12,9.899999618530273,9.899999618530273,9.5,9.600000381469727,9.600000381469727,6548960
2013-06-13,9.550000190734863,9.550000190734863,9.199999809265137,9.25,9.25,5494486
2013-06-14,9.350000381469727,9.699999809265137,9.350000381469727,9.649999618530273,9.649999618530273,11851428
2013-06-17,9.949999809265137,9.949999809265137,9.449999809265137,9.649999618530273,9.649999618530273,4102303
2013-06-18,9.649999618530273,9.800000190734863,9.399999618530273,9.600000381469727,9.600000381469727,4671543
2013-06-19,9.699999809265137,9.800000190734863,9.5,9.699999809265137,9.699999809265137,3843429
2013-06-20,9.600000381469727,9.600000381469727,9.350000381469727,9.350000381469727,9.350000381469727,3499593
2013-06-21,9.300000190734863,9.649999618530273,9.149999618530273,9.350000381469727,9.350000381469727,8548470
2013-06-24,9.550000190734863,9.550000190734863,9.0,9.050000190734863,9.050000190734863,5745662
2013-06-25,9.050000190734863,9.100000381469727,8.800000190734863,9.0,9.0,4556584
2013-06-26,9.0,9.199999809265137,8.75,8.850000381469727,8.850000381469727,3813705
2013-06-27,9.100000381469727,9.149999618530273,8.850000381469727,8.899999618530273,8.899999618530273,2273484
2013-06-28,9.0,9.199999809265137,9.0,9.149999618530273,9.149999618530273,4568598
2013-07-01,9.149999618530273,9.550000190734863,9.100000381469727,9.449999809265137,9.449999809265137,5405420
2013-07-02,9.25,9.75,9.25,9.350000381469727,9.350000381469727,4172837
2013-07-03,9.050000190734863,9.25,8.899999618530273,8.949999809265137,8.949999809265137,3716577
2013-07-04,9.0,9.350000381469727,8.949999809265137,9.100000381469727,9.100000381469727,7429828
2013-07-05,9.199999809265137,9.350000381469727,9.050000190734863,9.100000381469727,9.100000381469727,4083015
2013-07-08,9.100000381469727,9.100000381469727,8.899999618530273,9.0,9.0,3040279
2013-07-09,9.149999618530273,9.149999618530273,9.0,9.050000190734863,9.050000190734863,1749970
2013-07-10,9.050000190734863,9.5,8.949999809265137,9.0,9.0,4618875
2013-07-11,9.199999809265137,9.25,8.949999809265137,9.0,9.0,2530176
2013-07-12,9.050000190734863,9.100000381469727,8.75,8.850000381469727,8.850000381469727,2783059
2013-07-15,8.75,9.0,8.699999809265137,8.949999809265137,8.949999809265137,3550506
2013-07-16,8.899999618530273,8.899999618530273,8.75,8.800000190734863,8.800000190734863,2655885
2013-07-17,8.850000381469727,8.899999618530273,8.25,8.399999618530273,8.399999618530273,5112944
2013-07-18,8.350000381469727,8.449999809265137,8.149999618530273,8.300000190734863,8.300000190734863,3141527
2013-07-19,8.300000190734863,8.350000381469727,8.050000190734863,8.100000381469727,8.100000381469727,2987662
2013-07-22,8.0,8.199999809265137,8.0,8.050000190734863,8.050000190734863,2489940
2013-07-23,8.050000190734863,8.199999809265137,8.050000190734863,8.050000190734863,8.050000190734863,2452248
2013-07-24,8.0,8.050000190734863,7.550000190734863,7.849999904632568,7.849999904632568,4745106
2013-07-25,7.800000190734863,7.900000095367432,7.650000095367432,7.699999809265137,7.699999809265137,3465258
2013-07-26,7.800000190734863,7.800000190734863,7.5,7.550000190734863,7.550000190734863,2871178
2013-07-29,7.550000190734863,7.650000095367432,7.150000095367432,7.199999809265137,7.199999809265137,4031354
2013-07-30,7.199999809265137,7.199999809265137,6.849999904632568,6.949999809265137,6.949999809265137,3847725
2013-07-31,6.949999809265137,7.25,6.300000190734863,6.949999809265137,6.949999809265137,19909144
2013-08-01,7.599999904632568,7.599999904632568,6.800000190734863,7.0,7.0,7080716
2013-08-02,7.050000190734863,7.150000095367432,6.599999904632568,6.699999809265137,6.699999809265137,4937788
2013-08-05,6.699999809265137,6.949999809265137,6.599999904632568,6.849999904632568,6.849999904632568,5543207
2013-08-06,6.800000190734863,6.800000190734863,6.599999904632568,6.699999809265137,6.699999809265137,5603117
2013-08-07,6.75,6.75,6.449999809265137,6.699999809265137,6.699999809265137,5014028
2013-08-08,6.900000095367432,6.900000095367432,6.650000095367432,6.699999809265137,6.699999809265137,3193212
2013-08-12,6.900000095367432,6.900000095367432,6.75,6.800000190734863,6.800000190734863,3470158
2013-08-13,6.849999904632568,7.400000095367432,6.800000190734863,7.099999904632568,7.099999904632568,12916101
2013-08-14,7.099999904632568,7.25,6.900000095367432,6.949999809265137,6.949999809265137,4888519
2013-08-16,6.949999809265137,6.949999809265137,6.599999904632568,6.650000095367432,6.650000095367432,5051308
2013-08-19,6.75,6.75,6.400000095367432,6.599999904632568,6.599999904632568,4587558
2013-08-20,6.599999904632568,6.699999809265137,6.400000095367432,6.650000095367432,6.650000095367432,4737032
2013-08-21,6.699999809265137,6.75,6.449999809265137,6.5,6.5,5134448
2013-08-22,6.449999809265137,6.599999904632568,6.300000190734863,6.400000095367432,6.400000095367432,3270732
2013-08-23,6.400000095367432,6.550000190734863,6.300000190734863,6.349999904632568,6.349999904632568,3325075
2013-08-26,6.449999809265137,6.599999904632568,6.300000190734863,6.349999904632568,6.349999904632568,3055309
2013-08-27,6.300000190734863,6.400000095367432,6.25,6.300000190734863,6.300000190734863,3438981
2013-08-28,6.199999809265137,6.300000190734863,5.699999809265137,5.75,5.75,11451094
2013-08-29,5.75,6.0,5.75,5.949999809265137,5.949999809265137,3701374
2013-08-30,6.0,6.050000190734863,5.900000095367432,5.949999809265137,5.949999809265137,4095688
2013-09-02,6.050000190734863,6.050000190734863,5.949999809265137,6.0,6.0,3372292
2013-09-03,6.0,6.25,6.0,6.050000190734863,6.050000190734863,5173013
2013-09-04,6.150000095367432,6.199999809265137,6.0,6.099999904632568,6.099999904632568,3251572
2013-09-05,6.25,6.5,6.150000095367432,6.300000190734863,6.300000190734863,6012661
2013-09-06,6.400000095367432,6.449999809265137,6.199999809265137,6.25,6.25,3854938
2013-09-10,6.449999809265137,6.449999809265137,6.25,6.349999904632568,6.349999904632568,6078410
2013-09-11,6.349999904632568,6.650000095367432,6.300000190734863,6.400000095367432,6.400000095367432,9593526
2013-09-12,6.5,6.800000190734863,6.400000095367432,6.650000095367432,6.650000095367432,16250969
2013-09-13,6.75,6.949999809265137,6.599999904632568,6.800000190734863,6.800000190734863,13372127
2013-09-16,7.0,7.0,6.550000190734863,6.550000190734863,6.550000190734863,6378275
2013-09-17,6.599999904632568,6.699999809265137,6.25,6.400000095367432,6.400000095367432,6092955
2013-09-18,6.5,6.650000095367432,6.400000095367432,6.550000190734863,6.550000190734863,6893246
2013-09-19,6.75,6.949999809265137,6.699999809265137,6.800000190734863,6.800000190734863,10930506
2013-09-20,6.849999904632568,6.849999904632568,6.349999904632568,6.449999809265137,6.449999809265137,8159700
2013-09-23,6.400000095367432,6.449999809265137,6.25,6.400000095367432,6.400000095367432,2993126
2013-09-24,6.400000095367432,6.550000190734863,6.349999904632568,6.5,6.5,3004848
2013-09-25,6.300000190734863,6.650000095367432,6.300000190734863,6.550000190734863,6.550000190734863,3413484
2013-09-26,6.550000190734863,6.650000095367432,6.5,6.599999904632568,6.599999904632568,3247187
2013-09-27,6.599999904632568,6.699999809265137,6.5,6.550000190734863,6.550000190734863,2674955
2013-09-30,6.550000190734863,6.599999904632568,6.400000095367432,6.550000190734863,6.550000190734863,2844176
2013-10-01,6.550000190734863,6.599999904632568,6.5,6.5,6.5,1918881
2013-10-03,6.550000190734863,6.650000095367432,6.5,6.599999904632568,6.599999904632568,2632130
2013-10-04,6.599999904632568,6.650000095367432,6.5,6.5,6.5,2273576
2013-10-07,6.5,6.699999809265137,6.400000095367432,6.599999904632568,6.599999904632568,3028649
2013-10-08,6.650000095367432,7.050000190734863,6.550000190734863,6.800000190734863,6.800000190734863,6109241
2013-10-09,6.849999904632568,7.449999809265137,6.699999809265137,6.949999809265137,6.949999809265137,20895922
2013-10-10,7.0,7.150000095367432,6.800000190734863,6.949999809265137,6.949999809265137,11525712
2013-10-11,7.050000190734863,7.199999809265137,6.849999904632568,6.949999809265137,6.949999809265137,7809497
2013-10-14,7.050000190734863,7.449999809265137,7.0,7.300000190734863,7.300000190734863,8711130
2013-10-15,7.5,7.599999904632568,7.199999809265137,7.400000095367432,7.400000095367432,7522398
2013-10-17,7.5,7.650000095367432,7.300000190734863,7.550000190734863,7.550000190734863,7980618
2013-10-18,7.599999904632568,7.800000190734863,7.550000190734863,7.699999809265137,7.699999809265137,5990609
2013-10-21,7.75,8.449999809265137,7.699999809265137,8.449999809265137,8.449999809265137,20505571
2013-10-22,8.800000190734863,9.25,8.75,9.25,9.25,12342679
2013-10-23,9.699999809265137,9.699999809265137,9.550000190734863,9.699999809265137,9.699999809265137,5148851
2013-10-24,9.899999618530273,10.149999618530273,9.5,10.149999618530273,10.149999618530273,16137235
2013-10-25,10.449999809265137,10.649999618530273,10.399999618530273,10.649999618530273,10.649999618530273,3355103
2013-10-28,11.149999618530273,11.149999618530273,11.149999618530273,11.149999618530273,11.149999618530273,1435243
2013-10-29,11.699999809265137,11.699999809265137,10.600000381469727,10.600000381469727,10.600000381469727,10496980
2013-10-30,10.100000381469727,10.100000381469727,10.100000381469727,10.100000381469727,10.100000381469727,1282440
2013-10-31,9.899999618530273,10.100000381469727,9.600000381469727,9.600000381469727,9.600000381469727,26262766
2013-11-01,9.199999809265137,10.050000190734863,9.149999618530273,9.850000381469727,9.850000381469727,31791390
2013-11-05,10.050000190734863,10.350000381469727,9.600000381469727,10.199999809265137,10.199999809265137,9095002
2013-11-06,10.100000381469727,10.399999618530273,9.949999809265137,9.949999809265137,9.949999809265137,5596331
2013-11-07,10.0,10.199999809265137,9.5,9.600000381469727,9.600000381469727,4344276
2013-11-08,9.600000381469727,9.649999618530273,9.100000381469727,9.199999809265137,9.199999809265137,5334952
2013-11-11,9.0,9.25,8.899999618530273,8.949999809265137,8.949999809265137,3929891
2013-11-12,8.800000190734863,9.100000381469727,8.600000381469727,8.649999618530273,8.649999618530273,4711248
2013-11-13,8.5,8.649999618530273,8.25,8.300000190734863,8.300000190734863,4555307
2013-11-14,8.25,9.100000381469727,8.25,9.100000381469727,9.100000381469727,7470586
2013-11-18,9.5,10.0,9.5,10.0,10.0,9273059
2013-11-19,10.449999809265137,10.699999809265137,9.550000190734863,9.899999618530273,9.899999618530273,13838657
2013-11-20,9.899999618530273,10.199999809265137,9.699999809265137,9.75,9.75,6297140
2013-11-21,9.75,10.100000381469727,9.449999809265137,9.75,9.75,6395253
2013-11-22,9.850000381469727,10.100000381469727,9.600000381469727,9.699999809265137,9.699999809265137,4588580
2013-11-25,9.75,9.949999809265137,9.649999618530273,9.699999809265137,9.699999809265137,3777004
2013-11-26,9.75,9.850000381469727,9.300000190734863,9.350000381469727,9.350000381469727,4565384
2013-11-27,9.350000381469727,9.550000190734863,8.899999618530273,9.149999618530273,9.149999618530273,5598233
2013-11-28,9.149999618530273,10.050000190734863,9.100000381469727,9.949999809265137,9.949999809265137,15772580
2013-11-29,10.199999809265137,10.25,9.699999809265137,9.850000381469727,9.850000381469727,9099655
2013-12-02,9.949999809265137,10.0,9.699999809265137,9.800000190734863,9.800000190734863,3524553
2013-12-03,9.75,10.100000381469727,9.699999809265137,9.75,9.75,6046134
2013-12-04,9.75,9.949999809265137,9.600000381469727,9.75,9.75,3926450
2013-12-05,9.949999809265137,9.949999809265137,9.649999618530273,9.699999809265137,9.699999809265137,3147272
2013-12-06,9.850000381469727,9.899999618530273,9.600000381469727,9.649999618530273,9.649999618530273,3072511
2013-12-09,9.949999809265137,10.0,9.649999618530273,9.699999809265137,9.699999809265137,3166997
2013-12-10,9.649999618530273,9.699999809265137,9.25,9.449999809265137,9.449999809265137,3718706
2013-12-11,9.399999618530273,10.149999618530273,9.25,10.0,10.0,14040798
2013-12-12,9.949999809265137,9.949999809265137,9.649999618530273,9.699999809265137,9.699999809265137,3609198
2013-12-13,9.699999809265137,10.050000190734863,9.350000381469727,9.399999618530273,9.399999618530273,9987402
2013-12-16,9.399999618530273,9.5,9.199999809265137,9.300000190734863,9.300000190734863,4236473
2013-12-17,9.350000381469727,9.5,9.199999809265137,9.25,9.25,3392620
2013-12-18,9.300000190734863,9.449999809265137,9.25,9.350000381469727,9.350000381469727,2379082
2013-12-19,9.5,9.699999809265137,9.350000381469727,9.600000381469727,9.600000381469727,5811619
2013-12-20,9.699999809265137,10.199999809265137,9.399999618530273,10.050000190734863,10.050000190734863,10147048
2013-12-23,10.050000190734863,10.149999618530273,9.899999618530273,9.949999809265137,9.949999809265137,5150248
2013-12-24,10.0,10.149999618530273,9.800000190734863,10.050000190734863,10.050000190734863,4649226
2013-12-26,10.0,11.050000190734863,9.899999618530273,10.949999809265137,10.949999809265137,26817541
2013-12-27,10.949999809265137,11.25,10.449999809265137,10.550000190734863,10.550000190734863,11569844
2013-12-30,10.649999618530273,10.75,10.399999618530273,10.449999809265137,10.449999809265137,4859310
2013-12-31,10.5,10.600000381469727,10.25,10.300000190734863,10.300000190734863,3373777
2014-01-01,10.449999809265137,11.300000190734863,10.350000381469727,11.300000190734863,11.300000190734863,10188431
2014-01-02,11.300000190734863,11.649999618530273,10.399999618530273,10.550000190734863,10.550000190734863,22782854
2014-01-03,10.600000381469727,10.949999809265137,10.449999809265137,10.850000381469727,10.850000381469727,6262581
2014-01-06,11.0,11.199999809265137,10.75,11.0,11.0,7237943
2014-01-07,11.0,12.050000190734863,10.949999809265137,11.649999618530273,11.649999618530273,31045668
2014-01-08,11.949999809265137,12.300000190734863,11.699999809265137,11.800000190734863,11.800000190734863,18888103
2014-01-09,12.199999809265137,12.199999809265137,11.399999618530273,11.449999809265137,11.449999809265137,9035226
2014-01-10,11.5,11.75,11.149999618530273,11.25,11.25,6516267
2014-01-13,11.100000381469727,11.449999809265137,11.100000381469727,11.199999809265137,11.199999809265137,6128938
2014-01-14,11.199999809265137,11.25,10.899999618530273,10.949999809265137,10.949999809265137,3905891
2014-01-15,11.0,11.350000381469727,10.949999809265137,11.050000190734863,11.050000190734863,4632094
2014-01-16,11.050000190734863,11.149999618530273,10.75,10.800000190734863,10.800000190734863,3585235
2014-01-17,10.800000190734863,10.899999618530273,10.5,10.5,10.5,4256919
2014-01-20,10.550000190734863,10.850000381469727,10.5,10.600000381469727,10.600000381469727,3492749
2014-01-21,10.649999618530273,11.399999618530273,10.649999618530273,11.25,11.25,14983903
2014-01-22,11.350000381469727,11.550000190734863,11.25,11.300000190734863,11.300000190734863,7044511
2014-01-23,11.100000381469727,11.25,10.899999618530273,10.949999809265137,10.949999809265137,3863835
2014-01-24,10.899999618530273,10.949999809265137,10.649999618530273,10.75,10.75,3668988
2014-01-27,10.550000190734863,10.649999618530273,10.199999809265137,10.25,10.25,4525574
2014-01-28,10.25,10.600000381469727,9.300000190734863,9.75,9.75,10909806
2014-01-29,9.899999618530273,10.350000381469727,9.850000381469727,10.050000190734863,10.050000190734863,6576277
2014-01-30,9.899999618530273,10.0,9.699999809265137,9.75,9.75,3462653
2014-01-31,9.949999809265137,10.699999809265137,9.949999809265137,10.699999809265137,10.699999809265137,11173931
2014-02-03,10.75,11.399999618530273,10.699999809265137,11.050000190734863,11.050000190734863,11973274
2014-02-04,10.800000190734863,11.600000381469727,10.75,11.5,11.5,10603819
2014-02-05,11.5,11.800000190734863,11.350000381469727,11.449999809265137,11.449999809265137,8389647
2014-02-06,11.399999618530273,11.600000381469727,11.100000381469727,11.350000381469727,11.350000381469727,7585444
2014-02-07,11.449999809265137,11.550000190734863,11.100000381469727,11.25,11.25,4192114
2014-02-10,11.300000190734863,11.5,10.949999809265137,11.0,11.0,3512426
2014-02-11,11.050000190734863,11.100000381469727,10.899999618530273,10.949999809265137,10.949999809265137,2339177
2014-02-12,11.050000190734863,11.25,10.949999809265137,11.149999618530273,11.149999618530273,3727675
2014-02-13,11.050000190734863,11.300000190734863,10.899999618530273,11.050000190734863,11.050000190734863,3879476
2014-02-14,11.050000190734863,11.25,10.800000190734863,10.949999809265137,10.949999809265137,2955217
2014-02-17,10.75,10.75,9.949999809265137,10.449999809265137,10.449999809265137,6961592
2014-02-18,10.300000190734863,10.5,10.149999618530273,10.199999809265137,10.199999809265137,3561242
2014-02-19,10.100000381469727,10.350000381469727,10.100000381469727,10.149999618530273,10.149999618530273,2388836
2014-02-20,10.100000381469727,10.300000190734863,10.100000381469727,10.100000381469727,10.100000381469727,1546485
2014-02-21,10.149999618530273,10.350000381469727,10.100000381469727,10.149999618530273,10.149999618530273,2506311
2014-02-24,10.100000381469727,10.25,10.050000190734863,10.199999809265137,10.199999809265137,2316114
2014-02-25,10.25,10.399999618530273,10.199999809265137,10.25,10.25,1698640
2014-02-26,10.199999809265137,10.399999618530273,10.199999809265137,10.25,10.25,2411363
2014-02-28,10.199999809265137,10.350000381469727,10.0,10.100000381469727,10.100000381469727,2012595
2014-03-03,10.0,10.300000190734863,9.949999809265137,10.0,10.0,2659091
2014-03-04,10.0,10.550000190734863,10.0,10.300000190734863,10.300000190734863,4682072
2014-03-05,10.350000381469727,11.050000190734863,10.300000190734863,10.649999618530273,10.649999618530273,7762718
2014-03-06,10.649999618530273,10.850000381469727,10.5,10.649999618530273,10.649999618530273,2992805
2014-03-07,10.699999809265137,11.100000381469727,10.5,10.600000381469727,10.600000381469727,6295299
2014-03-10,10.699999809265137,10.800000190734863,10.399999618530273,10.550000190734863,10.550000190734863,3313965
2014-03-11,10.5,10.649999618530273,10.100000381469727,10.199999809265137,10.199999809265137,4558824
2014-03-12,10.199999809265137,10.449999809265137,10.100000381469727,10.149999618530273,10.149999618530273,3201154
2014-03-13,10.199999809265137,10.300000190734863,10.0,10.0,10.0,4002869
2014-03-14,10.0,10.149999618530273,9.949999809265137,10.0,10.0,3552120
2014-03-18,10.100000381469727,10.25,9.800000190734863,9.850000381469727,9.850000381469727,4675575
2014-03-19,10.0,10.100000381469727,9.949999809265137,10.0,10.0,2015363
2014-03-20,10.0,10.050000190734863,9.699999809265137,9.75,9.75,3652017
2014-03-21,9.699999809265137,10.25,9.699999809265137,10.199999809265137,10.199999809265137,4876277
2014-03-24,10.100000381469727,10.199999809265137,9.800000190734863,9.899999618530273,9.899999618530273,2588347
2014-03-25,9.899999618530273,10.050000190734863,9.699999809265137,9.800000190734863,9.800000190734863,4814557
2014-03-26,9.75,10.0,9.75,9.850000381469727,9.850000381469727,5921695
2014-03-27,9.850000381469727,10.350000381469727,9.449999809265137,9.600000381469727,9.600000381469727,12353805
2014-03-28,9.75,9.949999809265137,9.75,9.850000381469727,9.850000381469727,5651968
2014-03-31,10.350000381469727,11.300000190734863,10.350000381469727,11.100000381469727,11.100000381469727,25801021
2014-04-01,11.399999618530273,11.5,11.0,11.300000190734863,11.300000190734863,12170612
2014-04-02,11.300000190734863,11.699999809265137,11.100000381469727,11.350000381469727,11.350000381469727,13817400
2014-04-03,11.449999809265137,11.5,11.0,11.199999809265137,11.199999809265137,8567999
2014-04-04,11.199999809265137,12.75,11.050000190734863,12.449999809265137,12.449999809265137,33112726
2014-04-07,12.449999809265137,14.25,12.399999618530273,13.949999809265137,13.949999809265137,46713694
2014-04-09,14.449999809265137,15.350000381469727,14.449999809265137,14.949999809265137,14.949999809265137,55379289
2014-04-10,15.199999809265137,15.600000381469727,14.800000190734863,14.949999809265137,14.949999809265137,44047156
2014-04-11,15.050000190734863,15.199999809265137,14.649999618530273,14.850000381469727,14.850000381469727,20338052
2014-04-15,14.899999618530273,15.0,13.449999809265137,13.850000381469727,13.850000381469727,18537423
2014-04-16,13.75,14.100000381469727,13.0,13.100000381469727,13.100000381469727,17625800
2014-04-17,13.699999809265137,13.699999809265137,13.050000190734863,13.399999618530273,13.399999618530273,16665434
2014-04-21,13.5,14.550000190734863,13.350000381469727,14.25,14.25,23828408
2014-04-22,14.350000381469727,14.800000190734863,14.149999618530273,14.550000190734863,14.550000190734863,19318184
2014-04-23,15.0,15.0,14.149999618530273,14.25,14.25,20307433
2014-04-24,14.25,14.25,14.25,14.25,14.25,0
2014-04-25,14.100000381469727,14.649999618530273,13.699999809265137,14.399999618530273,14.399999618530273,19937066
2014-04-28,14.600000381469727,15.0,14.25,14.350000381469727,14.350000381469727,17708890
2014-04-29,14.449999809265137,14.850000381469727,14.0,14.25,14.25,13145445
2014-04-30,14.25,14.5,12.800000190734863,13.050000190734863,13.050000190734863,19102425
2014-05-02,13.199999809265137,14.050000190734863,13.199999809265137,13.399999618530273,13.399999618530273,9936579
2014-05-05,13.800000190734863,15.0,13.75,14.149999618530273,14.149999618530273,18215722
2014-05-06,14.399999618530273,14.550000190734863,13.75,13.949999809265137,13.949999809265137,13537354
2014-05-07,13.949999809265137,14.199999809265137,13.699999809265137,13.850000381469727,13.850000381469727,11094117
2014-05-08,14.0,14.149999618530273,13.550000190734863,13.699999809265137,13.699999809265137,8995943
2014-05-09,13.75,14.050000190734863,13.649999618530273,13.949999809265137,13.949999809265137,10843413
2014-05-12,14.0,14.600000381469727,14.0,14.050000190734863,14.050000190734863,12514605
2014-05-13,14.350000381469727,14.949999809265137,14.100000381469727,14.75,14.75,22463059
2014-05-14,15.050000190734863,15.199999809265137,14.5,15.050000190734863,15.050000190734863,24733356
2014-05-15,15.100000381469727,15.199999809265137,14.25,14.399999618530273,14.399999618530273,16172400
2014-05-16,14.800000190734863,15.199999809265137,14.399999618530273,14.600000381469727,14.600000381469727,24986342
2014-05-19,14.800000190734863,17.5,14.800000190734863,17.5,17.5,79360466
2014-05-20,17.899999618530273,20.149999618530273,17.75,19.399999618530273,19.399999618530273,53012591
2014-05-21,19.649999618530273,20.0,18.350000381469727,19.100000381469727,19.100000381469727,25766577
2014-05-22,19.25,22.350000381469727,19.25,21.950000762939453,21.950000762939453,68901931
2014-05-23,23.200000762939453,24.100000381469727,23.0,24.100000381469727,24.100000381469727,17602487
2014-05-26,25.399999618530273,26.450000762939453,22.049999237060547,23.399999618530273,23.399999618530273,73424250
2014-05-27,23.399999618530273,23.649999618530273,21.100000381469727,21.399999618530273,21.399999618530273,39758566
2014-05-28,21.350000381469727,22.549999237060547,20.5,21.799999237060547,21.799999237060547,26747813
2014-05-29,22.149999618530273,23.200000762939453,21.850000381469727,22.200000762939453,22.200000762939453,27301880
2014-05-30,22.200000762939453,22.450000762939453,21.149999618530273,22.0,22.0,17071270
2014-06-02,24.0,24.200000762939453,23.549999237060547,24.200000762939453,24.200000762939453,37685838
2014-06-03,25.5,26.25,24.549999237060547,25.899999618530273,25.899999618530273,57062327
2014-06-04,26.25,28.450000762939453,26.200000762939453,28.450000762939453,28.450000762939453,61299033
2014-06-05,28.950000762939453,29.850000381469727,28.799999237060547,29.850000381469727,29.850000381469727,44214170
2014-06-06,30.950000762939453,31.299999237060547,30.200000762939453,31.299999237060547,31.299999237060547,42777784
2014-06-09,32.5,32.849998474121094,32.25,32.849998474121094,32.849998474121094,16738945
2014-06-10,34.45000076293945,34.45000076293945,33.5,34.45000076293945,34.45000076293945,24942282
2014-06-11,36.150001525878906,36.150001525878906,36.150001525878906,36.150001525878906,36.150001525878906,5323286
2014-06-12,36.75,36.75,34.349998474121094,34.349998474121094,34.349998474121094,8490499
2014-06-13,32.650001525878906,32.650001525878906,32.650001525878906,32.650001525878906,32.650001525878906,1492428
2014-06-16,31.049999237060547,31.049999237060547,31.049999237060547,31.049999237060547,31.049999237060547,1075061
2014-06-17,29.5,29.5,29.5,29.5,29.5,2690471
2014-06-18,30.100000381469727,30.950000762939453,28.049999237060547,28.200000762939453,28.200000762939453,105647357
2014-06-19,28.549999237060547,29.350000381469727,27.25,27.700000762939453,27.700000762939453,25545247
2014-06-20,27.700000762939453,28.950000762939453,26.600000381469727,28.549999237060547,28.549999237060547,41394797
2014-06-23,28.649999618530273,29.950000762939453,28.149999618530273,29.950000762939453,29.950000762939453,32898800
2014-06-24,30.299999237060547,31.200000762939453,30.049999237060547,30.5,30.5,17280039
2014-06-25,30.549999237060547,30.899999618530273,29.399999618530273,29.850000381469727,29.850000381469727,11983876
2014-06-26,29.5,29.799999237060547,28.450000762939453,28.649999618530273,28.649999618530273,16273672
2014-06-27,28.399999618530273,28.700000762939453,27.75,28.0,28.0,10377140
2014-06-30,28.200000762939453,28.899999618530273,27.5,28.350000381469727,28.350000381469727,3450767
2014-07-01,27.799999237060547,28.799999237060547,27.5,27.649999618530273,27.649999618530273,3256377
2014-07-02,28.0,28.850000381469727,27.850000381469727,28.149999618530273,28.149999618530273,3820606
2014-07-03,28.5,28.5,27.200000762939453,27.549999237060547,27.549999237060547,2603939
2014-07-04,27.950000762939453,28.299999237060547,27.0,28.049999237060547,28.049999237060547,3093563
2014-07-07,28.299999237060547,28.700000762939453,27.5,27.850000381469727,27.850000381469727,2811051
2014-07-08,27.850000381469727,28.399999618530273,26.5,26.5,26.5,3333658
2014-07-09,25.200000762939453,26.450000762939453,25.200000762939453,25.200000762939453,25.200000762939453,5038030
2014-07-10,25.0,26.450000762939453,24.200000762939453,25.5,25.5,9092134
2014-07-11,25.399999618530273,25.399999618530273,24.25,24.25,24.25,3833660
2014-07-14,23.299999237060547,23.75,23.049999237060547,23.049999237060547,23.049999237060547,1256459
2014-07-15,22.299999237060547,23.399999618530273,21.899999618530273,22.899999618530273,22.899999618530273,7484200
2014-07-16,23.0,24.0,22.399999618530273,24.0,24.0,3700657
2014-07-17,24.350000381469727,24.450000762939453,23.549999237060547,23.899999618530273,23.899999618530273,3088619
2014-07-18,23.700000762939453,25.049999237060547,22.75,24.75,24.75,4798217
2014-07-21,25.950000762939453,25.950000762939453,25.5,25.899999618530273,25.899999618530273,5630806
2014-07-22,26.200000762939453,26.200000762939453,24.649999618530273,24.850000381469727,24.850000381469727,4024705
2014-07-23,24.5,25.0,23.799999237060547,24.75,24.75,3522337
2014-07-24,24.899999618530273,24.899999618530273,23.899999618530273,24.149999618530273,24.149999618530273,2038314
2014-07-25,24.100000381469727,24.149999618530273,23.049999237060547,23.5,23.5,2908258
2014-07-28,23.450000762939453,23.450000762939453,22.350000381469727,22.5,22.5,4050989
2014-07-30,22.200000762939453,22.25,21.399999618530273,21.5,21.5,2576913
2014-07-31,21.399999618530273,22.25,20.450000762939453,21.700000762939453,21.700000762939453,3798772
2014-08-01,21.299999237060547,21.850000381469727,20.649999618530273,20.75,20.75,3821341
2014-08-04,21.75,21.75,21.399999618530273,21.75,21.75,5144510
2014-08-05,21.899999618530273,22.799999237060547,21.75,22.799999237060547,22.799999237060547,3850967
2014-08-06,23.399999618530273,23.899999618530273,23.399999618530273,23.899999618530273,23.899999618530273,4204485
2014-08-07,24.399999618530273,24.899999618530273,23.25,23.799999237060547,23.799999237060547,16799208
2014-08-08,23.0,23.600000381469727,22.700000762939453,23.350000381469727,23.350000381469727,11059611
2014-08-11,23.899999618530273,24.149999618530273,22.850000381469727,23.0,23.0,3712598
2014-08-12,23.0,23.600000381469727,22.549999237060547,22.700000762939453,22.700000762939453,3828394
2014-08-13,22.299999237060547,22.700000762939453,21.600000381469727,21.600000381469727,21.600000381469727,6250512
2014-08-14,21.0,21.5,20.549999237060547,20.649999618530273,20.649999618530273,11798867
2014-08-18,20.799999237060547,21.649999618530273,20.799999237060547,21.649999618530273,21.649999618530273,2820177
2014-08-19,22.399999618530273,22.700000762939453,22.149999618530273,22.700000762939453,22.700000762939453,10199534
2014-08-20,23.0,23.0,21.850000381469727,22.200000762939453,22.200000762939453,6453984
2014-08-21,22.149999618530273,22.700000762939453,22.100000381469727,22.25,22.25,4483542
2014-08-22,22.299999237060547,23.350000381469727,22.149999618530273,23.25,23.25,9405486
2014-08-25,22.899999618530273,23.5,22.399999618530273,22.75,22.75,8888522
2014-08-26,22.75,22.950000762939453,21.649999618530273,21.700000762939453,21.700000762939453,4867399
2014-08-27,21.649999618530273,22.200000762939453,21.200000762939453,21.5,21.5,3396848
2014-08-28,21.350000381469727,21.899999618530273,21.350000381469727,21.549999237060547,21.549999237060547,3098204
2014-09-01,21.75,22.600000381469727,21.700000762939453,22.600000381469727,22.600000381469727,4549713
2014-09-02,23.200000762939453,23.700000762939453,22.850000381469727,23.700000762939453,23.700000762939453,11804767
2014-09-03,23.75,24.399999618530273,23.25,23.450000762939453,23.450000762939453,8063660
2014-09-04,23.299999237060547,23.350000381469727,22.299999237060547,22.299999237060547,22.299999237060547,4503537
2014-09-05,22.299999237060547,22.75,21.049999237060547,21.399999618530273,21.399999618530273,6049444
2014-09-08,21.200000762939453,22.450000762939453,21.200000762939453,22.0,22.0,4345376
2014-09-09,21.950000762939453,22.299999237060547,21.149999618530273,21.700000762939453,21.700000762939453,5719643
2014-09-10,21.399999618530273,23.850000381469727,21.25,23.850000381469727,23.850000381469727,20769436
2014-09-11,24.100000381469727,24.450000762939453,23.049999237060547,23.100000381469727,23.100000381469727,8289829
2014-09-12,23.399999618530273,23.75,22.950000762939453,23.100000381469727,23.100000381469727,5200853
2014-09-15,23.0,23.100000381469727,22.450000762939453,22.850000381469727,22.850000381469727,3727561
2014-09-16,22.700000762939453,23.899999618530273,21.649999618530273,21.950000762939453,21.950000762939453,7020068
2014-09-17,22.25,22.549999237060547,21.75,21.850000381469727,21.850000381469727,4465134
2014-09-18,22.100000381469727,23.149999618530273,21.75,22.600000381469727,22.600000381469727,6500149
2014-09-19,21.399999618530273,21.5,20.350000381469727,20.350000381469727,20.350000381469727,9221418
2014-09-22,18.350000381469727,18.350000381469727,18.350000381469727,18.350000381469727,18.350000381469727,3416729
2014-09-23,16.549999237060547,16.549999237060547,16.549999237060547,16.549999237060547,16.549999237060547,5813075
2014-09-24,15.75,15.75,15.75,15.75,15.75,3165959
2014-09-25,15.0,15.0,15.0,15.0,15.0,1786450
2014-09-26,14.25,14.25,14.25,14.25,14.25,2327721
2014-09-29,13.550000190734863,13.550000190734863,13.550000190734863,13.550000190734863,13.550000190734863,1730975
2014-09-30,12.899999618530273,12.899999618530273,12.899999618530273,12.899999618530273,12.899999618530273,4925152
2014-10-01,12.300000190734863,13.5,12.300000190734863,13.5,13.5,225801262
2014-10-07,13.649999618530273,14.0,13.100000381469727,13.899999618530273,13.899999618530273,39127867
2014-10-08,13.850000381469727,13.899999618530273,13.300000190734863,13.300000190734863,13.300000190734863,18437645
2014-10-09,13.300000190734863,13.550000190734863,12.649999618530273,12.850000381469727,12.850000381469727,31160365
2014-10-10,12.399999618530273,13.399999618530273,12.350000381469727,12.949999809265137,12.949999809265137,16113193
2014-10-13,13.399999618530273,13.5,12.850000381469727,13.0,13.0,20553251
2014-10-14,13.149999618530273,13.149999618530273,12.449999809265137,12.649999618530273,12.649999618530273,9985689
2014-10-15,12.649999618530273,12.649999618530273,12.649999618530273,12.649999618530273,12.649999618530273,0
2014-10-16,12.75,13.050000190734863,12.050000190734863,12.100000381469727,12.100000381469727,16217777
2014-10-17,12.100000381469727,12.199999809265137,11.5,11.550000190734863,11.550000190734863,20171594
2014-10-20,11.699999809265137,12.0,11.600000381469727,11.649999618530273,11.649999618530273,10074973
2014-10-21,11.699999809265137,11.800000190734863,11.100000381469727,11.100000381469727,11.100000381469727,17814992
2014-10-22,11.100000381469727,11.550000190734863,10.850000381469727,11.25,11.25,11117464
2014-10-27,11.949999809265137,12.199999809265137,11.600000381469727,12.100000381469727,12.100000381469727,11370363
2014-10-28,12.100000381469727,12.699999809265137,12.100000381469727,12.699999809265137,12.699999809265137,11949277
2014-10-29,13.0,13.300000190734863,12.899999618530273,13.25,13.25,20992248
2014-10-30,13.5,13.649999618530273,12.850000381469727,13.149999618530273,13.149999618530273,11869467
2014-10-31,13.399999618530273,13.800000190734863,13.199999809265137,13.449999809265137,13.449999809265137,18041380
2014-11-03,13.850000381469727,14.050000190734863,13.300000190734863,13.399999618530273,13.399999618530273,17727356
2014-11-05,13.550000190734863,14.050000190734863,13.449999809265137,14.0,14.0,22565724
2014-11-07,14.350000381469727,14.699999809265137,14.100000381469727,14.649999618530273,14.649999618530273,34689703
2014-11-10,14.899999618530273,14.949999809265137,14.25,14.649999618530273,14.649999618530273,17297769
2014-11-11,14.699999809265137,14.850000381469727,13.550000190734863,14.050000190734863,14.050000190734863,18630248
2014-11-12,14.100000381469727,14.25,13.699999809265137,13.75,13.75,9207956
2014-11-13,13.75,14.5,13.399999618530273,14.25,14.25,19480550
2014-11-14,14.399999618530273,14.449999809265137,14.050000190734863,14.25,14.25,12966684
2014-11-17,14.100000381469727,15.649999618530273,14.050000190734863,15.149999618530273,15.149999618530273,60290742
2014-11-18,15.25,15.649999618530273,14.600000381469727,14.850000381469727,14.850000381469727,25757575
2014-11-19,14.899999618530273,15.149999618530273,14.25,14.449999809265137,14.449999809265137,15532540
2014-11-20,14.399999618530273,14.649999618530273,14.199999809265137,14.25,14.25,9036168
2014-11-21,14.199999809265137,14.800000190734863,14.100000381469727,14.199999809265137,14.199999809265137,9317111
2014-11-24,14.100000381469727,15.199999809265137,14.100000381469727,14.850000381469727,14.850000381469727,16549701
2014-11-25,14.850000381469727,14.949999809265137,14.0,14.550000190734863,14.550000190734863,14026159
2014-11-26,14.399999618530273,14.850000381469727,14.350000381469727,14.5,14.5,6938907
2014-11-27,14.399999618530273,14.550000190734863,14.100000381469727,14.149999618530273,14.149999618530273,4746334
2014-11-28,14.149999618530273,14.5,14.0,14.050000190734863,14.050000190734863,7880223
2014-12-01,14.0,14.350000381469727,13.399999618530273,13.5,13.5,10282183
2014-12-02,13.399999618530273,13.399999618530273,13.0,13.149999618530273,13.149999618530273,10658822
2014-12-03,13.050000190734863,14.449999809265137,13.0,14.449999809265137,14.449999809265137,30233088
2014-12-04,14.600000381469727,15.449999809265137,14.399999618530273,14.800000190734863,14.800000190734863,34479838
2014-12-05,15.100000381469727,15.199999809265137,14.050000190734863,14.100000381469727,14.100000381469727,18024730
2014-12-08,14.199999809265137,15.449999809265137,14.0,14.800000190734863,14.800000190734863,29755255
2014-12-09,14.5,15.0,14.050000190734863,14.149999618530273,14.149999618530273,17179615
2014-12-10,14.149999618530273,14.850000381469727,14.100000381469727,14.699999809265137,14.699999809265137,18423518
2014-12-11,14.699999809265137,14.800000190734863,14.25,14.350000381469727,14.350000381469727,14257949
2014-12-12,14.399999618530273,14.550000190734863,13.300000190734863,13.350000381469727,13.350000381469727,20604768
2014-12-15,13.350000381469727,13.649999618530273,13.100000381469727,13.149999618530273,13.149999618530273,12415307
2014-12-16,13.149999618530273,13.550000190734863,12.100000381469727,12.899999618530273,12.899999618530273,24068585
2014-12-17,12.949999809265137,13.100000381469727,12.25,12.449999809265137,12.449999809265137,14239403
2014-12-18,12.699999809265137,13.300000190734863,12.699999809265137,12.949999809265137,12.949999809265137,12891271
2014-12-19,13.25,13.399999618530273,12.449999809265137,12.699999809265137,12.699999809265137,18531100
2014-12-22,13.199999809265137,13.850000381469727,13.0,13.75,13.75,20904544
2014-12-23,13.699999809265137,13.899999618530273,13.199999809265137,13.300000190734863,13.300000190734863,9863941
2014-12-24,13.199999809265137,13.649999618530273,13.199999809265137,13.300000190734863,13.300000190734863,7580739
2014-12-26,13.25,13.5,13.050000190734863,13.100000381469727,13.100000381469727,7090510
2014-12-29,13.25,13.399999618530273,12.949999809265137,13.050000190734863,13.050000190734863,8377866
2014-12-30,13.050000190734863,13.899999618530273,13.050000190734863,13.699999809265137,13.699999809265137,16825326
2014-12-31,13.600000381469727,15.550000190734863,13.449999809265137,14.699999809265137,14.699999809265137,52870380
2015-01-01,14.649999618530273,15.0,14.449999809265137,14.550000190734863,14.550000190734863,15853753
2015-01-02,14.5,15.25,14.5,14.850000381469727,14.850000381469727,24968662
2015-01-05,14.850000381469727,15.399999618530273,14.699999809265137,14.850000381469727,14.850000381469727,21356164
2015-01-06,14.550000190734863,14.649999618530273,13.699999809265137,14.100000381469727,14.100000381469727,24599491
2015-01-07,14.050000190734863,16.399999618530273,13.899999618530273,15.399999618530273,15.399999618530273,79822794
2015-01-08,15.649999618530273,16.049999237060547,15.100000381469727,15.25,15.25,44173219
2015-01-09,15.25,15.5,14.649999618530273,14.75,14.75,22464403
2015-01-12,15.0,15.850000381469727,14.899999618530273,15.699999809265137,15.699999809265137,28011337
2015-01-13,15.75,16.049999237060547,15.0,15.199999809265137,15.199999809265137,25604885
2015-01-14,15.199999809265137,15.300000190734863,14.5,14.949999809265137,14.949999809265137,26149488
2015-01-15,15.350000381469727,15.649999618530273,14.899999618530273,15.0,15.0,20827759
2015-01-16,15.100000381469727,16.350000381469727,14.800000190734863,16.100000381469727,16.100000381469727,60597563
2015-01-19,16.299999237060547,18.049999237060547,15.699999809265137,17.5,17.5,125083549
2015-01-20,17.75,18.100000381469727,16.600000381469727,17.649999618530273,17.649999618530273,82168474
2015-01-21,17.799999237060547,17.899999618530273,16.899999618530273,17.200000762939453,17.200000762939453,45247926
2015-01-22,18.0,18.600000381469727,15.850000381469727,16.0,16.0,145135725
2015-01-23,16.049999237060547,16.149999618530273,14.100000381469727,14.850000381469727,14.850000381469727,75778942
2015-01-27,15.25,15.75,15.100000381469727,15.25,15.25,35939278
2015-01-28,15.399999618530273,16.399999618530273,15.25,16.149999618530273,16.149999618530273,46849734
2015-01-29,16.350000381469727,16.799999237060547,16.049999237060547,16.5,16.5,27657662
2015-01-30,16.600000381469727,16.75,15.800000190734863,16.200000762939453,16.200000762939453,34502690
2015-02-02,16.200000762939453,17.100000381469727,16.0,16.649999618530273,16.649999618530273,32688311
2015-02-03,16.950000762939453,17.850000381469727,16.450000762939453,17.100000381469727,17.100000381469727,61149051
2015-02-04,17.25,18.25,17.0,17.5,17.5,72370105
2015-02-05,17.5,18.149999618530273,16.75,17.049999237060547,17.049999237060547,44461831
2015-02-06,17.100000381469727,17.299999237060547,16.049999237060547,16.700000762939453,16.700000762939453,31414964
2015-02-09,16.450000762939453,18.100000381469727,16.149999618530273,17.549999237060547,17.549999237060547,64452821
2015-02-10,17.299999237060547,18.600000381469727,17.0,17.549999237060547,17.549999237060547,48052064
2015-02-11,18.200000762939453,18.399999618530273,17.549999237060547,17.75,17.75,33939500
2015-02-12,17.950000762939453,19.450000762939453,17.700000762939453,19.200000762939453,19.200000762939453,89023774
2015-02-13,19.200000762939453,19.950000762939453,17.75,19.200000762939453,19.200000762939453,141731084
2015-02-16,22.799999237060547,23.0,20.899999618530273,23.0,23.0,233621543
2015-02-18,24.200000762939453,27.600000381469727,23.5,26.75,26.75,276176143
2015-02-19,27.25,27.399999618530273,24.600000381469727,25.0,25.0,109148279
2015-02-20,24.700000762939453,26.399999618530273,24.200000762939453,25.549999237060547,25.549999237060547,74876717
2015-02-23,25.799999237060547,26.649999618530273,25.0,25.25,25.25,59666043
2015-02-24,26.25,27.100000381469727,25.850000381469727,26.25,26.25,85155662
2015-02-25,26.5,26.700000762939453,25.700000762939453,26.049999237060547,26.049999237060547,45951577
2015-02-26,26.25,26.399999618530273,25.5,25.75,25.75,25749668
2015-02-27,25.399999618530273,28.25,25.100000381469727,27.799999237060547,27.799999237060547,106058007
2015-03-02,27.549999237060547,28.350000381469727,27.100000381469727,27.450000762939453,27.450000762939453,45153438
2015-03-03,27.450000762939453,27.75,26.649999618530273,26.950000762939453,26.950000762939453,36806069
2015-03-04,27.149999618530273,27.399999618530273,24.549999237060547,25.25,25.25,47932020
2015-03-05,25.200000762939453,26.700000762939453,24.700000762939453,26.450000762939453,26.450000762939453,48977096
2015-03-09,26.5,27.600000381469727,26.200000762939453,26.950000762939453,26.950000762939453,76801558
2015-03-10,27.299999237060547,27.399999618530273,26.350000381469727,26.649999618530273,26.649999618530273,33397204
2015-03-11,26.649999618530273,26.950000762939453,25.149999618530273,25.450000762939453,25.450000762939453,36694565
2015-03-12,25.75,27.399999618530273,25.649999618530273,27.049999237060547,27.049999237060547,40870656
2015-03-13,27.600000381469727,27.75,26.0,26.25,26.25,53686363
2015-03-16,26.350000381469727,26.850000381469727,25.799999237060547,26.0,26.0,29328116
2015-03-17,26.149999618530273,27.100000381469727,26.149999618530273,26.600000381469727,26.600000381469727,34521709
2015-03-18,26.649999618530273,29.899999618530273,26.5,29.5,29.5,153494473
2015-03-19,30.0,31.350000381469727,28.049999237060547,28.649999618530273,28.649999618530273,136829083
2015-03-20,28.549999237060547,29.450000762939453,26.5,27.0,27.0,102245649
2015-03-23,27.350000381469727,28.100000381469727,26.350000381469727,27.299999237060547,27.299999237060547,62410001
2015-03-24,27.350000381469727,27.700000762939453,26.75,26.950000762939453,26.950000762939453,34061861
2015-03-25,27.049999237060547,27.350000381469727,26.5,26.600000381469727,26.600000381469727,27291698
2015-03-26,26.399999618530273,27.100000381469727,26.049999237060547,26.299999237060547,26.299999237060547,29714422
2015-03-27,26.799999237060547,27.200000762939453,25.799999237060547,26.75,26.75,38839457
2015-03-30,27.100000381469727,27.950000762939453,27.049999237060547,27.600000381469727,27.600000381469727,38027668
2015-03-31,27.799999237060547,28.149999618530273,27.200000762939453,27.350000381469727,27.350000381469727,31109430
2015-04-01,27.200000762939453,27.350000381469727,25.649999618530273,26.450000762939453,26.450000762939453,85726670
2015-04-06,27.399999618530273,28.100000381469727,27.149999618530273,27.600000381469727,27.600000381469727,68514385
2015-04-07,27.75,29.649999618530273,27.350000381469727,29.399999618530273,29.399999618530273,120882232
2015-04-08,29.549999237060547,30.25,28.25,28.450000762939453,28.450000762939453,110533267
2015-04-09,28.950000762939453,29.549999237060547,27.549999237060547,29.149999618530273,29.149999618530273,127159132
2015-04-10,29.299999237060547,29.299999237060547,28.149999618530273,28.25,28.25,43801791
2015-04-13,28.399999618530273,28.700000762939453,27.950000762939453,28.200000762939453,28.200000762939453,37909429
2015-04-15,28.299999237060547,29.0,27.850000381469727,28.299999237060547,28.299999237060547,58737198
2015-04-16,28.399999618530273,28.600000381469727,27.299999237060547,27.850000381469727,27.850000381469727,43666834
2015-04-17,27.950000762939453,28.5,27.399999618530273,27.649999618530273,27.649999618530273,42450188
2015-04-20,27.549999237060547,27.649999618530273,26.200000762939453,26.399999618530273,26.399999618530273,32372123
2015-04-21,26.450000762939453,26.75,25.850000381469727,26.0,26.0,33174327
2015-04-22,26.100000381469727,26.5,24.899999618530273,25.75,25.75,42455405
2015-04-23,26.0,26.299999237060547,25.5,25.700000762939453,25.700000762939453,24380810
2015-04-24,25.850000381469727,25.899999618530273,24.299999237060547,24.549999237060547,24.549999237060547,45842856
2015-04-27,24.799999237060547,24.899999618530273,22.649999618530273,22.899999618530273,22.899999618530273,51770848
2015-04-28,22.299999237060547,24.5,22.25,24.0,24.0,37923365
2015-04-29,24.200000762939453,25.450000762939453,23.799999237060547,23.950000762939453,23.950000762939453,44977969
2015-04-30,24.0,24.350000381469727,23.549999237060547,23.799999237060547,23.799999237060547,31076982
2015-05-04,24.100000381469727,24.899999618530273,24.100000381469727,24.700000762939453,24.700000762939453,30837337
2015-05-05,24.799999237060547,24.799999237060547,23.899999618530273,24.049999237060547,24.049999237060547,25408313
2015-05-06,23.950000762939453,24.0,22.799999237060547,23.0,23.0,41375588
2015-05-07,23.0,23.549999237060547,22.600000381469727,23.0,23.0,39530281
2015-05-08,23.5,24.299999237060547,23.450000762939453,24.049999237060547,24.049999237060547,30983635
2015-05-11,24.299999237060547,24.899999618530273,24.25,24.350000381469727,24.350000381469727,24938464
2015-05-12,24.350000381469727,24.450000762939453,23.200000762939453,23.299999237060547,23.299999237060547,22932260
2015-05-13,23.5,24.100000381469727,23.299999237060547,23.950000762939453,23.950000762939453,24880121
2015-05-14,23.850000381469727,24.399999618530273,23.5,24.149999618530273,24.149999618530273,20876451
2015-05-15,24.5,26.100000381469727,24.5,25.549999237060547,25.549999237060547,56133633
2015-05-18,25.600000381469727,26.600000381469727,24.549999237060547,26.149999618530273,26.149999618530273,54680639
2015-05-19,26.399999618530273,26.850000381469727,25.950000762939453,26.149999618530273,26.149999618530273,52196968
2015-05-20,26.350000381469727,26.450000762939453,25.600000381469727,25.75,25.75,19666566
2015-05-21,25.600000381469727,25.850000381469727,25.100000381469727,25.25,25.25,15942906
2015-05-22,25.299999237060547,25.649999618530273,24.899999618530273,25.0,25.0,13641437
2015-05-25,25.0,25.450000762939453,24.549999237060547,24.75,24.75,18495421
2015-05-26,24.75,25.700000762939453,24.549999237060547,25.149999618530273,25.149999618530273,31884904
2015-05-27,24.850000381469727,25.200000762939453,24.649999618530273,25.049999237060547,25.049999237060547,16540658
2015-05-28,25.149999618530273,25.850000381469727,25.149999618530273,25.350000381469727,25.350000381469727,21136975
2015-05-29,25.450000762939453,25.75,24.850000381469727,25.200000762939453,25.200000762939453,23004849
2015-06-01,23.799999237060547,24.549999237060547,23.600000381469727,23.899999618530273,23.899999618530273,31264704
2015-06-02,23.899999618530273,24.149999618530273,22.75,22.899999618530273,22.899999618530273,38842891
2015-06-03,22.950000762939453,23.149999618530273,20.200000762939453,20.850000381469727,20.850000381469727,77666341
2015-06-04,21.200000762939453,21.600000381469727,20.649999618530273,21.350000381469727,21.350000381469727,28282610
2015-06-05,21.350000381469727,21.799999237060547,20.899999618530273,21.350000381469727,21.350000381469727,22419182
2015-06-08,21.399999618530273,21.549999237060547,20.149999618530273,20.5,20.5,18259186
2015-06-09,20.350000381469727,20.649999618530273,20.0,20.450000762939453,20.450000762939453,31239187
2015-06-10,20.5,20.850000381469727,20.299999237060547,20.649999618530273,20.649999618530273,26527526
2015-06-11,20.75,21.850000381469727,20.600000381469727,21.25,21.25,40958178
2015-06-12,21.350000381469727,21.950000762939453,21.25,21.799999237060547,21.799999237060547,26547899
2015-06-15,21.700000762939453,22.149999618530273,21.600000381469727,22.0,22.0,21950786
2015-06-16,22.0,22.299999237060547,21.450000762939453,21.75,21.75,16658918
2015-06-17,22.0,22.049999237060547,21.600000381469727,21.75,21.75,17228529
2015-06-18,21.799999237060547,22.950000762939453,21.700000762939453,22.450000762939453,22.450000762939453,33617544
2015-06-19,22.649999618530273,23.200000762939453,22.450000762939453,22.899999618530273,22.899999618530273,30444245
2015-06-22,23.25,24.350000381469727,23.149999618530273,24.149999618530273,24.149999618530273,43320289
2015-06-23,24.299999237060547,24.600000381469727,23.399999618530273,23.549999237060547,23.549999237060547,25601987
2015-06-24,23.75,23.75,22.399999618530273,22.549999237060547,22.549999237060547,22650512
2015-06-25,22.549999237060547,22.700000762939453,21.899999618530273,22.600000381469727,22.600000381469727,30059947
2015-06-26,22.399999618530273,22.549999237060547,21.899999618530273,22.0,22.0,26895393
2015-06-29,21.0,21.649999618530273,20.549999237060547,21.450000762939453,21.450000762939453,23962992
2015-06-30,21.549999237060547,22.450000762939453,21.450000762939453,22.200000762939453,22.200000762939453,27247718
2015-07-01,22.450000762939453,23.299999237060547,22.299999237060547,23.149999618530273,23.149999618530273,33003493
2015-07-02,23.299999237060547,23.299999237060547,22.549999237060547,22.649999618530273,22.649999618530273,21970549
2015-07-03,22.700000762939453,22.950000762939453,22.149999618530273,22.25,22.25,17466099
2015-07-06,21.600000381469727,22.5,21.600000381469727,22.399999618530273,22.399999618530273,19745164
2015-07-07,22.5,22.700000762939453,22.049999237060547,22.149999618530273,22.149999618530273,16044224
2015-07-08,21.75,22.149999618530273,21.299999237060547,21.700000762939453,21.700000762939453,23634551
2015-07-09,21.899999618530273,23.950000762939453,21.799999237060547,23.100000381469727,23.100000381469727,60107848
2015-07-10,23.350000381469727,23.549999237060547,22.850000381469727,23.200000762939453,23.200000762939453,35194137
2015-07-13,23.200000762939453,23.450000762939453,22.899999618530273,23.200000762939453,23.200000762939453,16590480
2015-07-14,23.399999618530273,23.399999618530273,22.600000381469727,22.700000762939453,22.700000762939453,16400903
2015-07-15,22.899999618530273,23.149999618530273,22.399999618530273,22.549999237060547,22.549999237060547,14445349
2015-07-16,22.75,23.450000762939453,22.600000381469727,23.049999237060547,23.049999237060547,19352517
2015-07-17,23.100000381469727,23.399999618530273,22.850000381469727,23.200000762939453,23.200000762939453,17810270
2015-07-20,23.299999237060547,24.0,23.0,23.350000381469727,23.350000381469727,25786158
2015-07-21,23.350000381469727,23.350000381469727,21.700000762939453,21.899999618530273,21.899999618530273,29126369
2015-07-22,21.899999618530273,22.25,21.700000762939453,22.049999237060547,22.049999237060547,19220393
2015-07-23,22.200000762939453,22.299999237060547,21.700000762939453,21.799999237060547,21.799999237060547,12695433
2015-07-24,21.850000381469727,22.350000381469727,21.799999237060547,21.899999618530273,21.899999618530273,13976068
2015-07-27,21.75,22.200000762939453,21.0,21.399999618530273,21.399999618530273,15058949
2015-07-28,21.149999618530273,21.450000762939453,20.600000381469727,20.700000762939453,20.700000762939453,18501587
2015-07-29,20.950000762939453,21.5,20.899999618530273,21.299999237060547,21.299999237060547,13746249
2015-07-30,21.649999618530273,22.100000381469727,21.450000762939453,21.899999618530273,21.899999618530273,20674347
2015-07-31,22.149999618530273,22.899999618530273,21.450000762939453,21.899999618530273,21.899999618530273,45941655
2015-08-03,23.399999618530273,25.899999618530273,23.25,24.399999618530273,24.399999618530273,159202804
2015-08-04,24.649999618530273,25.0,23.950000762939453,24.399999618530273,24.399999618530273,42564961
2015-08-05,24.549999237060547,27.299999237060547,24.450000762939453,27.0,27.0,137485565
2015-08-06,27.149999618530273,28.0,25.700000762939453,25.950000762939453,25.950000762939453,80418003
2015-08-07,26.0,26.350000381469727,24.950000762939453,25.149999618530273,25.149999618530273,44181150
2015-08-10,25.350000381469727,25.700000762939453,24.549999237060547,24.649999618530273,24.649999618530273,44266581
2015-08-11,24.899999618530273,24.899999618530273,23.450000762939453,23.600000381469727,23.600000381469727,32468484
2015-08-12,23.399999618530273,24.75,23.049999237060547,23.950000762939453,23.950000762939453,51333803
2015-08-13,24.25,24.850000381469727,24.100000381469727,24.350000381469727,24.350000381469727,30318593
2015-08-14,24.5,24.950000762939453,24.450000762939453,24.600000381469727,24.600000381469727,26702917
2015-08-17,24.5,24.600000381469727,23.549999237060547,23.700000762939453,23.700000762939453,17918395
2015-08-18,23.850000381469727,24.450000762939453,23.700000762939453,23.75,23.75,19761613
2015-08-19,23.799999237060547,25.399999618530273,23.649999618530273,24.75,24.75,43312815
2015-08-20,24.700000762939453,26.0,24.549999237060547,24.950000762939453,24.950000762939453,82226997
2015-08-21,24.0,24.700000762939453,23.75,24.450000762939453,24.450000762939453,28578452
2015-08-24,23.100000381469727,23.75,20.950000762939453,21.299999237060547,21.299999237060547,52784333
2015-08-25,21.600000381469727,22.899999618530273,19.799999237060547,21.850000381469727,21.850000381469727,59452454
2015-08-26,21.75,22.399999618530273,21.149999618530273,21.600000381469727,21.600000381469727,22739875
2015-08-27,22.399999618530273,22.700000762939453,22.0,22.299999237060547,22.299999237060547,14423679
2015-08-28,22.850000381469727,23.100000381469727,22.0,22.100000381469727,22.100000381469727,22894051
2015-08-31,22.049999237060547,22.299999237060547,21.75,22.100000381469727,22.100000381469727,15548909
2015-09-01,21.799999237060547,22.100000381469727,21.149999618530273,21.399999618530273,21.399999618530273,22033004
2015-09-02,21.799999237060547,21.899999618530273,21.350000381469727,21.450000762939453,21.450000762939453,22231914
2015-09-03,21.649999618530273,22.299999237060547,21.399999618530273,22.0,22.0,20345255
2015-09-04,21.799999237060547,21.850000381469727,20.700000762939453,20.850000381469727,20.850000381469727,24399725
2015-09-07,21.0,21.0,19.700000762939453,19.850000381469727,19.850000381469727,27192697
2015-09-08,20.0,20.5,19.100000381469727,20.100000381469727,20.100000381469727,30936822
2015-09-09,20.600000381469727,22.100000381469727,20.399999618530273,21.899999618530273,21.899999618530273,53822604
2015-09-10,21.399999618530273,21.799999237060547,20.899999618530273,21.700000762939453,21.700000762939453,32321244
2015-09-11,21.950000762939453,22.200000762939453,21.75,22.049999237060547,22.049999237060547,27467986
2015-09-14,22.299999237060547,22.450000762939453,21.950000762939453,22.25,22.25,22359252
2015-09-15,22.200000762939453,22.299999237060547,21.200000762939453,21.299999237060547,21.299999237060547,14733324
2015-09-16,21.600000381469727,21.700000762939453,21.100000381469727,21.200000762939453,21.200000762939453,13141537
2015-09-18,21.5,22.149999618530273,21.25,21.350000381469727,21.350000381469727,18112283
2015-09-21,21.0,21.799999237060547,20.950000762939453,21.649999618530273,21.649999618530273,14875827
2015-09-22,21.899999618530273,21.899999618530273,20.5,20.700000762939453,20.700000762939453,20536936
2015-09-23,20.5,21.049999237060547,20.149999618530273,20.299999237060547,20.299999237060547,32653471
2015-09-24,20.5,20.700000762939453,20.299999237060547,20.399999618530273,20.399999618530273,15439371
2015-09-28,20.549999237060547,20.649999618530273,20.149999618530273,20.200000762939453,20.200000762939453,10980093
2015-09-29,19.899999618530273,20.5,19.799999237060547,20.200000762939453,20.200000762939453,21178514
2015-09-30,20.399999618530273,20.899999618530273,20.350000381469727,20.850000381469727,20.850000381469727,19864192
2015-10-01,21.25,21.75,20.950000762939453,21.25,21.25,23613056
2015-10-05,21.5,22.0,21.5,21.700000762939453,21.700000762939453,19219871
2015-10-06,22.149999618530273,22.700000762939453,22.049999237060547,22.25,22.25,31857829
2015-10-07,22.450000762939453,22.700000762939453,22.100000381469727,22.5,22.5,23821663
2015-10-08,22.649999618530273,22.75,21.950000762939453,22.149999618530273,22.149999618530273,20669473
2015-10-09,23.0,24.649999618530273,22.700000762939453,23.899999618530273,23.899999618530273,85406318
2015-10-12,24.100000381469727,24.450000762939453,23.549999237060547,23.700000762939453,23.700000762939453,38437918
2015-10-13,23.899999618530273,23.950000762939453,23.350000381469727,23.549999237060547,23.549999237060547,21479033
2015-10-14,23.75,24.350000381469727,23.5,23.850000381469727,23.850000381469727,25543351
2015-10-15,24.100000381469727,25.100000381469727,24.0,24.799999237060547,24.799999237060547,38099761
2015-10-16,25.100000381469727,25.149999618530273,23.899999618530273,24.049999237060547,24.049999237060547,38493007
2015-10-19,24.200000762939453,24.399999618530273,23.700000762939453,23.850000381469727,23.850000381469727,21342667
2015-10-20,23.950000762939453,24.850000381469727,23.799999237060547,24.5,24.5,70339681
2015-10-21,24.450000762939453,24.5,23.549999237060547,23.950000762939453,23.950000762939453,28862792
2015-10-23,24.100000381469727,24.149999618530273,23.0,23.100000381469727,23.100000381469727,24921049
2015-10-26,23.200000762939453,24.0,23.049999237060547,23.850000381469727,23.850000381469727,39534757
2015-10-27,23.950000762939453,24.100000381469727,23.399999618530273,23.5,23.5,30328397
2015-10-28,23.450000762939453,23.75,23.200000762939453,23.299999237060547,23.299999237060547,17247132
2015-10-29,23.399999618530273,24.5,23.350000381469727,24.049999237060547,24.049999237060547,41647068
2015-10-30,24.350000381469727,25.100000381469727,24.149999618530273,24.600000381469727,24.600000381469727,86784418
2015-11-02,24.0,25.25,23.799999237060547,24.299999237060547,24.299999237060547,66289305
2015-11-03,24.299999237060547,24.5,22.899999618530273,23.0,23.0,45283030
2015-11-04,23.299999237060547,23.549999237060547,22.549999237060547,22.600000381469727,22.600000381469727,33155649
2015-11-05,22.600000381469727,22.75,21.549999237060547,21.649999618530273,21.649999618530273,40203586
2015-11-06,21.75,22.049999237060547,21.399999618530273,21.600000381469727,21.600000381469727,29856407
2015-11-09,20.899999618530273,21.799999237060547,20.399999618530273,21.649999618530273,21.649999618530273,48311299
2015-11-10,21.700000762939453,22.049999237060547,21.200000762939453,21.450000762939453,21.450000762939453,38428766
2015-11-13,22.049999237060547,22.600000381469727,21.799999237060547,22.350000381469727,22.350000381469727,26849629
2015-11-16,22.299999237060547,22.450000762939453,21.899999618530273,22.200000762939453,22.200000762939453,16896954
2015-11-17,22.399999618530273,22.549999237060547,21.649999618530273,21.799999237060547,21.799999237060547,26419285
2015-11-18,22.0,22.100000381469727,21.450000762939453,21.600000381469727,21.600000381469727,18329228
2015-11-19,21.5,22.100000381469727,21.399999618530273,21.700000762939453,21.700000762939453,32670100
2015-11-20,21.899999618530273,22.5,21.799999237060547,22.100000381469727,22.100000381469727,29552758
2015-11-23,22.25,22.549999237060547,21.899999618530273,22.0,22.0,20300461
2015-11-24,22.0,22.399999618530273,21.950000762939453,22.149999618530273,22.149999618530273,18128001
2015-11-26,22.0,22.25,21.799999237060547,21.950000762939453,21.950000762939453,21680206
2015-11-27,22.0,22.100000381469727,21.549999237060547,21.649999618530273,21.649999618530273,22341217
2015-11-30,21.799999237060547,21.950000762939453,21.649999618530273,21.700000762939453,21.700000762939453,19986756
2015-12-01,22.0,23.100000381469727,21.899999618530273,22.700000762939453,22.700000762939453,75795198
2015-12-02,22.700000762939453,22.75,22.200000762939453,22.25,22.25,26724110
2015-12-03,22.350000381469727,22.850000381469727,22.200000762939453,22.25,22.25,32298534
2015-12-04,22.200000762939453,22.799999237060547,22.149999618530273,22.25,22.25,30096415
2015-12-07,22.549999237060547,22.899999618530273,21.799999237060547,21.899999618530273,21.899999618530273,33652297
2015-12-08,21.899999618530273,22.049999237060547,21.25,21.350000381469727,21.350000381469727,19035164
2015-12-09,21.399999618530273,21.450000762939453,20.450000762939453,20.700000762939453,20.700000762939453,29526349
2015-12-10,21.200000762939453,21.299999237060547,20.799999237060547,21.149999618530273,21.149999618530273,21987029
2015-12-11,21.25,21.25,20.649999618530273,20.850000381469727,20.850000381469727,18531831
2015-12-14,21.0,21.25,20.850000381469727,21.0,21.0,14361583
2015-12-15,21.0,21.049999237060547,20.5,20.700000762939453,20.700000762939453,17743530
2015-12-16,20.700000762939453,21.0,20.450000762939453,20.5,20.5,21312852
2015-12-17,21.299999237060547,21.399999618530273,20.799999237060547,21.100000381469727,21.100000381469727,41355464
2015-12-18,21.100000381469727,21.600000381469727,20.799999237060547,21.25,21.25,30562417
2015-12-21,21.299999237060547,21.549999237060547,21.200000762939453,21.299999237060547,21.299999237060547,20352744
2015-12-22,21.399999618530273,21.399999618530273,20.950000762939453,21.0,21.0,20947843
2015-12-23,21.149999618530273,21.149999618530273,20.700000762939453,20.75,20.75,14431025
2015-12-24,21.0,21.100000381469727,20.799999237060547,20.850000381469727,20.850000381469727,13730950
2015-12-28,21.100000381469727,21.25,21.0,21.049999237060547,21.049999237060547,14949862
2015-12-29,21.149999618530273,21.149999618530273,20.75,20.799999237060547,20.799999237060547,12442089
2015-12-30,20.950000762939453,21.049999237060547,20.649999618530273,20.75,20.75,15630257
2015-12-31,20.700000762939453,21.0,20.399999618530273,20.850000381469727,20.850000381469727,20687256
2016-01-01,20.899999618530273,22.0,20.700000762939453,21.850000381469727,21.850000381469727,35890463
2016-01-04,21.850000381469727,22.950000762939453,21.700000762939453,22.75,22.75,60817402
2016-01-05,23.0,23.25,22.75,22.899999618530273,22.899999618530273,45117129
2016-01-06,22.950000762939453,23.0,22.0,22.100000381469727,22.100000381469727,27958310
2016-01-07,21.5,21.75,20.850000381469727,20.950000762939453,20.950000762939453,37123641
2016-01-08,21.200000762939453,22.100000381469727,21.200000762939453,21.600000381469727,21.600000381469727,37722120
2016-01-11,21.149999618530273,21.950000762939453,20.899999618530273,21.149999618530273,21.149999618530273,37520574
2016-01-12,21.299999237060547,21.5,20.600000381469727,20.700000762939453,20.700000762939453,30999296
2016-01-13,21.049999237060547,21.149999618530273,19.899999618530273,20.75,20.75,50147168
2016-01-14,20.100000381469727,20.700000762939453,19.899999618530273,20.200000762939453,20.200000762939453,20224370
2016-01-15,20.5,21.100000381469727,19.549999237060547,19.75,19.75,32713264
2016-01-18,20.049999237060547,20.049999237060547,18.399999618530273,18.850000381469727,18.850000381469727,34854107
2016-01-19,19.0,19.799999237060547,18.899999618530273,19.549999237060547,19.549999237060547,25299402
2016-01-20,19.399999618530273,19.399999618530273,18.700000762939453,18.799999237060547,18.799999237060547,40512629
2016-01-21,19.100000381469727,19.350000381469727,18.450000762939453,18.549999237060547,18.549999237060547,36131170
2016-01-22,18.799999237060547,19.049999237060547,18.75,18.850000381469727,18.850000381469727,21361881
2016-01-25,19.049999237060547,19.399999618530273,18.350000381469727,18.399999618530273,18.399999618530273,32313733
2016-01-27,18.75,18.75,18.0,18.149999618530273,18.149999618530273,37409004
2016-01-28,18.25,19.0,18.149999618530273,18.850000381469727,18.850000381469727,21328235
2016-01-29,18.950000762939453,20.5,18.850000381469727,20.299999237060547,20.299999237060547,47402580
2016-02-01,20.5,20.700000762939453,18.5,18.600000381469727,18.600000381469727,47859668
2016-02-02,18.649999618530273,18.850000381469727,16.75,16.950000762939453,16.950000762939453,84842418
2016-02-03,16.5,16.649999618530273,13.75,14.949999809265137,14.949999809265137,248813948
2016-02-04,15.449999809265137,15.550000190734863,13.800000190734863,14.399999618530273,14.399999618530273,106985911
2016-02-05,14.649999618530273,16.049999237060547,14.199999809265137,15.75,15.75,70485406
2016-02-08,16.100000381469727,16.25,15.449999809265137,15.75,15.75,37371018
2016-02-09,15.399999618530273,15.899999618530273,15.0,15.100000381469727,15.100000381469727,40719923
2016-02-10,15.0,15.0,13.350000381469727,13.600000381469727,13.600000381469727,119184390
2016-02-11,13.600000381469727,13.75,12.800000190734863,12.899999618530273,12.899999618530273,59852037
2016-02-12,13.149999618530273,13.75,12.800000190734863,13.550000190734863,13.550000190734863,56406521
2016-02-15,14.050000190734863,14.5,14.0,14.199999809265137,14.199999809265137,31345880
2016-02-16,14.449999809265137,14.449999809265137,13.550000190734863,13.699999809265137,13.699999809265137,28905359
2016-02-17,13.649999618530273,13.649999618530273,13.050000190734863,13.300000190734863,13.300000190734863,33132145
2016-02-18,13.600000381469727,13.75,13.149999618530273,13.300000190734863,13.300000190734863,22625270
2016-02-19,13.199999809265137,13.550000190734863,13.050000190734863,13.149999618530273,13.149999618530273,23136145
2016-02-22,13.300000190734863,13.649999618530273,13.100000381469727,13.350000381469727,13.350000381469727,18480250
2016-02-23,13.5,13.600000381469727,13.100000381469727,13.199999809265137,13.199999809265137,20771926
2016-02-24,13.199999809265137,13.449999809265137,13.100000381469727,13.25,13.25,20046015
2016-02-25,13.350000381469727,13.399999618530273,13.100000381469727,13.149999618530273,13.149999618530273,16428867
2016-02-26,13.350000381469727,13.449999809265137,13.149999618530273,13.350000381469727,13.350000381469727,19794769
2016-02-29,13.399999618530273,14.050000190734863,13.300000190734863,13.5,13.5,52838245
2016-03-01,13.649999618530273,13.949999809265137,13.350000381469727,13.449999809265137,13.449999809265137,33401888
2016-03-02,13.75,13.949999809265137,13.550000190734863,13.800000190734863,13.800000190734863,31385072
2016-03-03,13.899999618530273,15.300000190734863,13.75,15.0,15.0,84648622
2016-03-04,15.199999809265137,15.300000190734863,14.800000190734863,14.949999809265137,14.949999809265137,40478762
2016-03-08,15.050000190734863,15.199999809265137,14.399999618530273,14.5,14.5,35000254
2016-03-09,14.350000381469727,14.699999809265137,14.050000190734863,14.5,14.5,28584793
2016-03-10,14.600000381469727,14.899999618530273,14.149999618530273,14.199999809265137,14.199999809265137,36295239
2016-03-11,14.199999809265137,14.350000381469727,13.949999809265137,14.100000381469727,14.100000381469727,21362748
2016-03-14,14.300000190734863,14.350000381469727,14.149999618530273,14.199999809265137,14.199999809265137,24897710
2016-03-15,14.300000190734863,14.300000190734863,13.75,13.75,13.75,26895068
2016-03-16,13.75,13.800000190734863,13.399999618530273,13.5,13.5,26806826
2016-03-17,13.649999618530273,13.899999618530273,13.25,13.350000381469727,13.350000381469727,37132461
2016-03-18,13.5,13.600000381469727,12.899999618530273,13.0,13.0,37221211
2016-03-21,13.149999618530273,13.199999809265137,12.949999809265137,13.0,13.0,27141934
2016-03-22,13.149999618530273,13.550000190734863,12.949999809265137,13.399999618530273,13.399999618530273,40019205
2016-03-23,13.550000190734863,13.550000190734863,13.25,13.449999809265137,13.449999809265137,23503364
2016-03-28,13.449999809265137,13.5,12.899999618530273,12.949999809265137,12.949999809265137,29044650
2016-03-29,12.949999809265137,13.149999618530273,12.800000190734863,12.850000381469727,12.850000381469727,26229531
2016-03-30,13.100000381469727,14.0,13.100000381469727,13.899999618530273,13.899999618530273,52536396
2016-03-31,13.949999809265137,14.300000190734863,13.600000381469727,14.199999809265137,14.199999809265137,42277918
2016-04-01,14.100000381469727,14.449999809265137,13.949999809265137,14.149999618530273,14.149999618530273,21643730
2016-04-04,14.300000190734863,14.350000381469727,14.050000190734863,14.25,14.25,14662856
2016-04-05,14.199999809265137,14.199999809265137,13.649999618530273,13.75,13.75,20336500
2016-04-06,13.800000190734863,14.149999618530273,13.550000190734863,14.050000190734863,14.050000190734863,21002800
2016-04-07,14.100000381469727,14.600000381469727,14.100000381469727,14.199999809265137,14.199999809265137,22004395
2016-04-08,14.199999809265137,14.25,14.0,14.100000381469727,14.100000381469727,13141149
2016-04-11,14.199999809265137,14.5,14.149999618530273,14.350000381469727,14.350000381469727,21888237
2016-04-12,14.399999618530273,14.800000190734863,14.25,14.449999809265137,14.449999809265137,29692390
2016-04-13,14.550000190734863,14.75,14.5,14.550000190734863,14.550000190734863,21099034
2016-04-18,15.0,15.350000381469727,14.850000381469727,15.25,15.25,40194917
2016-04-20,15.5,15.850000381469727,15.350000381469727,15.550000190734863,15.550000190734863,36721791
2016-04-21,15.550000190734863,15.649999618530273,15.050000190734863,15.100000381469727,15.100000381469727,22923532
2016-04-22,15.100000381469727,15.149999618530273,14.75,14.800000190734863,14.800000190734863,15924312
2016-04-25,14.800000190734863,15.050000190734863,14.550000190734863,14.600000381469727,14.600000381469727,24753094
2016-04-26,14.600000381469727,14.699999809265137,14.399999618530273,14.5,14.5,20657561
2016-04-27,14.550000190734863,14.600000381469727,14.300000190734863,14.350000381469727,14.350000381469727,16645110
2016-04-28,14.649999618530273,15.100000381469727,14.100000381469727,14.199999809265137,14.199999809265137,39975980
2016-04-29,14.25,15.25,14.100000381469727,14.949999809265137,14.949999809265137,60896844
2016-05-02,14.899999618530273,15.649999618530273,14.5,15.5,15.5,49519930
2016-05-03,15.5,15.75,14.899999618530273,15.0,15.0,39241691
2016-05-04,14.850000381469727,15.0,14.600000381469727,14.649999618530273,14.649999618530273,24364018
2016-05-05,14.75,14.850000381469727,14.600000381469727,14.649999618530273,14.649999618530273,14630629
2016-05-06,14.699999809265137,15.0,14.0,14.199999809265137,14.199999809265137,29302888
2016-05-09,14.550000190734863,14.899999618530273,14.25,14.649999618530273,14.649999618530273,18799294
2016-05-10,14.75,14.949999809265137,14.600000381469727,14.850000381469727,14.850000381469727,15029092
2016-05-11,14.600000381469727,14.800000190734863,14.449999809265137,14.550000190734863,14.550000190734863,12204479
2016-05-12,14.649999618530273,14.899999618530273,14.600000381469727,14.75,14.75,13335718
2016-05-13,14.649999618530273,14.75,14.449999809265137,14.649999618530273,14.649999618530273,12667825
2016-05-16,14.899999618530273,15.050000190734863,14.699999809265137,14.949999809265137,14.949999809265137,17599936
2016-05-17,15.0,15.5,15.0,15.149999618530273,15.149999618530273,25324222
2016-05-18,15.050000190734863,15.75,14.899999618530273,15.600000381469727,15.600000381469727,31080870
2016-05-19,15.5,15.649999618530273,15.0,15.100000381469727,15.100000381469727,28180248
2016-05-20,15.149999618530273,15.399999618530273,15.0,15.050000190734863,15.050000190734863,18524207
2016-05-23,15.199999809265137,15.300000190734863,14.800000190734863,14.850000381469727,14.850000381469727,14489751
2016-05-24,14.899999618530273,14.899999618530273,14.600000381469727,14.75,14.75,15224352
2016-05-25,14.949999809265137,15.149999618530273,14.850000381469727,15.0,15.0,15052359
2016-05-26,15.25,15.600000381469727,15.25,15.399999618530273,15.399999618530273,18284329
2016-05-27,15.5,16.350000381469727,15.399999618530273,16.200000762939453,16.200000762939453,51816096
2016-05-30,16.5,16.600000381469727,15.800000190734863,16.25,16.25,44309744
2016-05-31,16.799999237060547,16.899999618530273,15.850000381469727,15.899999618530273,15.899999618530273,51006047
2016-06-01,15.949999809265137,16.0,14.899999618530273,15.100000381469727,15.100000381469727,36215062
2016-06-02,15.199999809265137,15.600000381469727,15.0,15.5,15.5,26313162
2016-06-03,15.699999809265137,15.75,15.25,15.300000190734863,15.300000190734863,16875736
2016-06-06,15.550000190734863,15.75,15.449999809265137,15.5,15.5,18203909
2016-06-07,15.600000381469727,16.0,15.5,15.800000190734863,15.800000190734863,19210490
2016-06-08,15.949999809265137,16.549999237060547,15.899999618530273,16.299999237060547,16.299999237060547,43080622
2016-06-09,16.700000762939453,17.200000762939453,16.5,16.950000762939453,16.950000762939453,59077065
2016-06-10,17.200000762939453,17.700000762939453,16.899999618530273,17.25,17.25,55970574
2016-06-13,17.0,17.299999237060547,16.850000381469727,16.950000762939453,16.950000762939453,29561696
2016-06-14,17.5,18.0,17.350000381469727,17.899999618530273,17.899999618530273,54316760
2016-06-15,18.149999618530273,18.450000762939453,18.049999237060547,18.149999618530273,18.149999618530273,46149448
2016-06-16,18.100000381469727,18.149999618530273,17.100000381469727,17.799999237060547,17.799999237060547,56997300
2016-06-17,18.0,18.25,17.450000762939453,17.649999618530273,17.649999618530273,33330510
2016-06-20,17.5,17.899999618530273,17.350000381469727,17.450000762939453,17.450000762939453,34825066
2016-06-21,17.649999618530273,17.799999237060547,17.5,17.649999618530273,17.649999618530273,18961346
2016-06-22,17.5,17.600000381469727,17.049999237060547,17.149999618530273,17.149999618530273,17470419
2016-06-23,17.100000381469727,17.299999237060547,16.799999237060547,17.049999237060547,17.049999237060547,22585902
2016-06-24,16.299999237060547,16.850000381469727,15.949999809265137,16.75,16.75,57967173
2016-06-27,16.799999237060547,17.149999618530273,16.75,17.0,17.0,16945105
2016-06-28,17.100000381469727,17.450000762939453,17.100000381469727,17.200000762939453,17.200000762939453,16216764
2016-06-29,17.299999237060547,17.450000762939453,17.049999237060547,17.100000381469727,17.100000381469727,15277086
2016-06-30,17.350000381469727,17.75,17.149999618530273,17.399999618530273,17.399999618530273,25266986
2016-07-01,17.450000762939453,17.75,17.149999618530273,17.200000762939453,17.200000762939453,16944575
2016-07-04,17.350000381469727,17.600000381469727,17.200000762939453,17.299999237060547,17.299999237060547,18517565
2016-07-05,17.299999237060547,17.700000762939453,17.200000762939453,17.399999618530273,17.399999618530273,23012351
2016-07-07,17.5,17.649999618530273,17.200000762939453,17.299999237060547,17.299999237060547,14052270
2016-07-08,17.799999237060547,18.0,17.549999237060547,17.549999237060547,17.549999237060547,22160679
2016-07-11,17.799999237060547,18.75,17.649999618530273,18.549999237060547,18.549999237060547,67440255
2016-07-12,18.75,19.100000381469727,18.549999237060547,18.75,18.75,49422676
2016-07-13,18.75,18.75,18.149999618530273,18.25,18.25,24648275
2016-07-14,18.399999618530273,18.600000381469727,18.350000381469727,18.450000762939453,18.450000762939453,17726373
2016-07-15,18.5,18.5,18.100000381469727,18.149999618530273,18.149999618530273,17334225
2016-07-18,18.299999237060547,18.700000762939453,18.049999237060547,18.100000381469727,18.100000381469727,24160993
2016-07-19,18.200000762939453,18.25,17.850000381469727,17.950000762939453,17.950000762939453,16724415
2016-07-20,18.100000381469727,18.25,17.850000381469727,18.200000762939453,18.200000762939453,12978414
2016-07-21,18.299999237060547,18.649999618530273,18.049999237060547,18.100000381469727,18.100000381469727,20075638
2016-07-22,18.149999618530273,18.25,17.950000762939453,18.049999237060547,18.049999237060547,15491061
2016-07-25,18.149999618530273,18.149999618530273,17.799999237060547,17.899999618530273,17.899999618530273,14701054
2016-07-26,18.0,18.0,17.5,17.549999237060547,17.549999237060547,13479219
2016-07-27,17.649999618530273,17.700000762939453,17.0,17.100000381469727,17.100000381469727,19534913
2016-07-28,17.25,17.5,17.149999618530273,17.25,17.25,13433457
2016-07-29,17.600000381469727,17.700000762939453,17.299999237060547,17.450000762939453,17.450000762939453,11643386
2016-08-01,17.600000381469727,17.649999618530273,17.049999237060547,17.149999618530273,17.149999618530273,14710233
2016-08-02,17.299999237060547,17.299999237060547,16.899999618530273,16.950000762939453,16.950000762939453,8997729
2016-08-03,17.049999237060547,17.100000381469727,16.399999618530273,16.5,16.5,12660714
2016-08-04,16.649999618530273,16.75,16.200000762939453,16.25,16.25,17965445
2016-08-05,16.649999618530273,17.600000381469727,16.600000381469727,17.149999618530273,17.149999618530273,29876541
2016-08-08,17.25,17.25,16.899999618530273,16.899999618530273,16.899999618530273,9721067
2016-08-09,17.049999237060547,17.049999237060547,16.700000762939453,16.75,16.75,9819701
2016-08-10,16.799999237060547,16.850000381469727,16.450000762939453,16.649999618530273,16.649999618530273,11859336
2016-08-11,16.799999237060547,16.899999618530273,16.399999618530273,16.649999618530273,16.649999618530273,8520214
2016-08-12,16.649999618530273,16.75,16.5,16.549999237060547,16.549999237060547,8176079
2016-08-16,16.600000381469727,16.649999618530273,16.350000381469727,16.450000762939453,16.450000762939453,12000786
2016-08-17,16.549999237060547,16.950000762939453,16.450000762939453,16.75,16.75,14809788
2016-08-18,16.950000762939453,17.200000762939453,16.649999618530273,16.649999618530273,16.649999618530273,11818122
2016-08-19,16.649999618530273,16.75,16.450000762939453,16.5,16.5,11219997
2016-08-22,16.600000381469727,16.649999618530273,16.399999618530273,16.450000762939453,16.450000762939453,6454228
2016-08-23,16.450000762939453,16.600000381469727,16.350000381469727,16.5,16.5,9550229
2016-08-24,16.5,16.649999618530273,16.399999618530273,16.450000762939453,16.450000762939453,7197985
2016-08-25,16.5,16.5,16.25,16.299999237060547,16.299999237060547,7823513
2016-08-26,16.299999237060547,16.350000381469727,16.100000381469727,16.100000381469727,16.100000381469727,6954514
2016-08-29,16.149999618530273,16.200000762939453,15.699999809265137,15.75,15.75,14770712
2016-08-30,15.800000190734863,16.149999618530273,15.699999809265137,15.949999809265137,15.949999809265137,10365663
2016-08-31,15.949999809265137,16.0,15.75,15.800000190734863,15.800000190734863,12310513
2016-09-01,15.75,15.899999618530273,15.600000381469727,15.699999809265137,15.699999809265137,10293681
2016-09-02,15.699999809265137,15.800000190734863,15.649999618530273,15.75,15.75,7599652
2016-09-06,15.75,16.5,15.699999809265137,16.25,16.25,29393517
2016-09-07,16.299999237060547,16.450000762939453,16.100000381469727,16.25,16.25,15055211
2016-09-08,16.799999237060547,17.600000381469727,16.600000381469727,17.450000762939453,17.450000762939453,54654950
2016-09-09,17.450000762939453,18.350000381469727,17.049999237060547,17.899999618530273,17.899999618530273,61743462
2016-09-12,17.399999618530273,17.850000381469727,17.149999618530273,17.25,17.25,32559534
2016-09-14,16.149999618530273,16.399999618530273,15.649999618530273,16.049999237060547,16.049999237060547,45541608
2016-09-15,16.049999237060547,16.200000762939453,15.600000381469727,15.949999809265137,15.949999809265137,32271191
2016-09-16,16.0,16.600000381469727,15.75,16.100000381469727,16.100000381469727,37525004
2016-09-19,16.350000381469727,16.5,16.0,16.049999237060547,16.049999237060547,16460801
2016-09-20,16.100000381469727,16.149999618530273,15.899999618530273,15.899999618530273,15.899999618530273,9891680
2016-09-21,15.899999618530273,16.049999237060547,15.800000190734863,15.850000381469727,15.850000381469727,11171371
2016-09-22,16.049999237060547,16.100000381469727,15.850000381469727,15.899999618530273,15.899999618530273,8710178
2016-09-23,15.899999618530273,16.350000381469727,15.800000190734863,15.899999618530273,15.899999618530273,17679640
2016-09-26,16.100000381469727,16.100000381469727,15.699999809265137,15.699999809265137,15.699999809265137,8530275
2016-09-27,15.800000190734863,16.100000381469727,15.5,15.600000381469727,15.600000381469727,15667701
2016-09-28,15.600000381469727,15.699999809265137,15.399999618530273,15.399999618530273,15.399999618530273,22178873
2016-09-29,15.550000190734863,15.600000381469727,14.100000381469727,14.5,14.5,32628873
2016-09-30,14.600000381469727,14.899999618530273,14.550000190734863,14.850000381469727,14.850000381469727,14037464
2016-10-03,15.0,15.25,15.0,15.149999618530273,15.149999618530273,9023677
2016-10-04,15.25,15.25,14.899999618530273,15.0,15.0,11495619
2016-10-05,15.100000381469727,15.149999618530273,14.850000381469727,14.899999618530273,14.899999618530273,12716950
2016-10-06,15.100000381469727,15.149999618530273,14.5,14.600000381469727,14.600000381469727,17462945
2016-10-07,14.649999618530273,14.75,14.25,14.399999618530273,14.399999618530273,22007104
2016-10-10,14.5,15.0,14.5,14.800000190734863,14.800000190734863,11726240
2016-10-13,14.850000381469727,15.350000381469727,14.600000381469727,14.699999809265137,14.699999809265137,18380668
2016-10-14,14.800000190734863,14.850000381469727,14.449999809265137,14.600000381469727,14.600000381469727,10962469
2016-10-17,14.5,14.600000381469727,14.300000190734863,14.350000381469727,14.350000381469727,12503668
2016-10-18,14.399999618530273,14.550000190734863,14.300000190734863,14.350000381469727,14.350000381469727,15195553
2016-10-19,14.449999809265137,15.300000190734863,14.399999618530273,14.75,14.75,36405694
2016-10-20,15.199999809265137,15.399999618530273,15.100000381469727,15.149999618530273,15.149999618530273,22887732
2016-10-21,15.199999809265137,15.300000190734863,14.75,14.800000190734863,14.800000190734863,13900287
2016-10-24,14.899999618530273,14.949999809265137,14.75,14.800000190734863,14.800000190734863,6532412
2016-10-25,14.850000381469727,14.899999618530273,14.600000381469727,14.649999618530273,14.649999618530273,7259353
2016-10-26,14.699999809265137,15.199999809265137,14.600000381469727,14.699999809265137,14.699999809265137,14176851
2016-10-27,14.699999809265137,14.850000381469727,14.5,14.600000381469727,14.600000381469727,7910045
2016-10-28,14.699999809265137,15.300000190734863,14.550000190734863,15.149999618530273,15.149999618530273,22626514
2016-11-01,15.550000190734863,15.600000381469727,15.050000190734863,15.100000381469727,15.100000381469727,9483399
2016-11-02,14.899999618530273,14.949999809265137,14.649999618530273,14.699999809265137,14.699999809265137,10039205
2016-11-03,14.699999809265137,14.850000381469727,14.550000190734863,14.600000381469727,14.600000381469727,7626564
2016-11-04,14.699999809265137,14.75,14.25,14.350000381469727,14.350000381469727,13273085
2016-11-07,14.449999809265137,15.100000381469727,14.399999618530273,14.75,14.75,20508886
2016-11-08,14.800000190734863,14.850000381469727,14.5,14.600000381469727,14.600000381469727,10337532
2016-11-09,13.0,14.300000190734863,12.0,14.199999809265137,14.199999809265137,23517999
2016-11-10,14.550000190734863,15.149999618530273,14.300000190734863,15.050000190734863,15.050000190734863,24653081
2016-11-11,14.949999809265137,15.25,14.5,14.550000190734863,14.550000190734863,22888429
2016-11-15,16.0,16.0,15.0,15.300000190734863,15.300000190734863,68785763
2016-11-16,15.550000190734863,15.75,14.699999809265137,14.800000190734863,14.800000190734863,36782947
2016-11-17,14.949999809265137,15.100000381469727,14.399999618530273,14.449999809265137,14.449999809265137,24483072
2016-11-18,14.600000381469727,14.899999618530273,14.399999618530273,14.75,14.75,23577782
2016-11-21,14.899999618530273,14.899999618530273,13.850000381469727,13.949999809265137,13.949999809265137,25218825
2016-11-22,14.149999618530273,14.25,13.699999809265137,14.050000190734863,14.050000190734863,20901460
2016-11-23,14.350000381469727,14.350000381469727,14.050000190734863,14.149999618530273,14.149999618530273,11435254
2016-11-24,14.100000381469727,14.699999809265137,13.949999809265137,14.350000381469727,14.350000381469727,20846842
2016-11-25,14.550000190734863,14.649999618530273,14.300000190734863,14.550000190734863,14.550000190734863,9256804
2016-11-28,14.600000381469727,15.0,14.449999809265137,14.850000381469727,14.850000381469727,15924477
2016-11-29,14.949999809265137,15.149999618530273,14.800000190734863,14.800000190734863,14.800000190734863,9547073
2016-11-30,14.949999809265137,14.949999809265137,14.649999618530273,14.800000190734863,14.800000190734863,11068436
2016-12-01,14.850000381469727,15.050000190734863,14.649999618530273,14.800000190734863,14.800000190734863,12826903
2016-12-02,14.75,14.899999618530273,14.550000190734863,14.649999618530273,14.649999618530273,11207405
2016-12-05,14.699999809265137,14.75,14.600000381469727,14.649999618530273,14.649999618530273,5407347
2016-12-06,14.75,14.850000381469727,14.5,14.600000381469727,14.600000381469727,8917379
2016-12-07,14.699999809265137,14.75,14.449999809265137,14.5,14.5,9984766
2016-12-08,14.600000381469727,15.100000381469727,14.600000381469727,14.899999618530273,14.899999618530273,13145774
2016-12-09,15.100000381469727,15.149999618530273,14.699999809265137,14.75,14.75,13268962
2016-12-12,14.850000381469727,14.850000381469727,14.600000381469727,14.649999618530273,14.649999618530273,7922845
2016-12-13,14.800000190734863,14.800000190734863,14.5,14.649999618530273,14.649999618530273,6942916
2016-12-14,14.75,14.75,14.399999618530273,14.399999618530273,14.399999618530273,11652438
2016-12-15,14.25,14.550000190734863,14.199999809265137,14.399999618530273,14.399999618530273,7897590
2016-12-16,14.399999618530273,14.5,14.25,14.399999618530273,14.399999618530273,8327889
2016-12-19,14.449999809265137,14.449999809265137,14.25,14.300000190734863,14.300000190734863,4129986
2016-12-20,14.350000381469727,14.350000381469727,14.100000381469727,14.149999618530273,14.149999618530273,5781429
2016-12-21,14.199999809265137,14.25,13.949999809265137,14.0,14.0,8626181
2016-12-22,14.0,14.199999809265137,13.75,14.0,14.0,14240026
2016-12-23,14.100000381469727,14.199999809265137,13.949999809265137,13.949999809265137,13.949999809265137,9496983
2016-12-26,13.949999809265137,13.949999809265137,13.649999618530273,13.649999618530273,13.649999618530273,6409316
2016-12-27,13.649999618530273,13.850000381469727,13.649999618530273,13.800000190734863,13.800000190734863,6407825
2016-12-28,13.800000190734863,13.899999618530273,13.649999618530273,13.649999618530273,13.649999618530273,8222712
2016-12-29,13.600000381469727,13.75,13.600000381469727,13.649999618530273,13.649999618530273,5597158
2016-12-30,13.699999809265137,14.0,13.649999618530273,13.800000190734863,13.800000190734863,9728989
2017-01-02,13.800000190734863,14.149999618530273,13.800000190734863,14.050000190734863,14.050000190734863,7628397
2017-01-03,14.25,14.350000381469727,14.100000381469727,14.25,14.25,7599059
2017-01-04,14.300000190734863,15.100000381469727,14.300000190734863,14.949999809265137,14.949999809265137,22496660
2017-01-05,15.149999618530273,15.300000190734863,14.949999809265137,15.149999618530273,15.149999618530273,14706826
2017-01-06,15.149999618530273,15.25,14.600000381469727,14.649999618530273,14.649999618530273,19295340
2017-01-09,14.800000190734863,15.149999618530273,14.649999618530273,14.949999809265137,14.949999809265137,18778750
2017-01-10,15.0,15.050000190734863,14.850000381469727,14.899999618530273,14.899999618530273,8078981
2017-01-11,15.050000190734863,15.699999809265137,15.0,15.300000190734863,15.300000190734863,40332434
2017-01-12,15.350000381469727,15.550000190734863,15.050000190734863,15.149999618530273,15.149999618530273,14407515
2017-01-13,15.199999809265137,15.25,14.949999809265137,15.050000190734863,15.050000190734863,10705297
2017-01-16,15.050000190734863,15.449999809265137,14.949999809265137,15.199999809265137,15.199999809265137,12998071
2017-01-17,15.5,15.800000190734863,15.449999809265137,15.600000381469727,15.600000381469727,22362764
2017-01-18,15.699999809265137,15.949999809265137,15.600000381469727,15.699999809265137,15.699999809265137,19071607
2017-01-19,15.699999809265137,17.450000762939453,15.699999809265137,17.149999618530273,17.149999618530273,77731952
2017-01-20,17.25,18.0,17.0,17.350000381469727,17.350000381469727,107569787
2017-01-23,17.5,18.0,17.399999618530273,17.5,17.5,47231072
2017-01-24,17.5,17.75,16.850000381469727,17.0,17.0,33414612
2017-01-25,17.149999618530273,17.450000762939453,16.950000762939453,17.200000762939453,17.200000762939453,19422625
2017-01-27,17.399999618530273,17.799999237060547,17.200000762939453,17.399999618530273,17.399999618530273,29428508
2017-01-30,17.549999237060547,17.75,17.299999237060547,17.350000381469727,17.350000381469727,18040250
2017-01-31,17.399999618530273,17.549999237060547,17.049999237060547,17.100000381469727,17.100000381469727,19194324
2017-02-01,17.149999618530273,17.600000381469727,16.100000381469727,16.299999237060547,16.299999237060547,52944657
2017-02-02,16.399999618530273,16.649999618530273,16.049999237060547,16.100000381469727,16.100000381469727,19309365
2017-02-03,16.100000381469727,16.350000381469727,15.699999809265137,15.899999618530273,15.899999618530273,35319296
2017-02-06,16.100000381469727,16.299999237060547,15.800000190734863,15.949999809265137,15.949999809265137,23645391
2017-02-07,16.100000381469727,16.149999618530273,15.699999809265137,15.850000381469727,15.850000381469727,16963660
2017-02-08,15.850000381469727,16.75,15.850000381469727,16.600000381469727,16.600000381469727,39547647
2017-02-09,16.799999237060547,17.399999618530273,16.700000762939453,17.100000381469727,17.100000381469727,55045281
2017-02-10,17.25,17.600000381469727,17.049999237060547,17.200000762939453,17.200000762939453,36554569
2017-02-13,19.0,19.149999618530273,17.850000381469727,18.049999237060547,18.049999237060547,111309656
2017-02-14,18.0,18.149999618530273,17.049999237060547,17.100000381469727,17.100000381469727,41963028
2017-02-15,17.0,17.200000762939453,16.450000762939453,16.600000381469727,16.600000381469727,45928014
2017-02-16,16.600000381469727,17.200000762939453,16.5,17.100000381469727,17.100000381469727,28912486
2017-02-17,17.25,17.350000381469727,16.899999618530273,16.950000762939453,16.950000762939453,23749222
2017-02-20,17.100000381469727,17.350000381469727,17.0,17.100000381469727,17.100000381469727,13871227
2017-02-21,17.200000762939453,17.600000381469727,17.100000381469727,17.350000381469727,17.350000381469727,22795820
2017-02-22,17.450000762939453,17.899999618530273,17.399999618530273,17.75,17.75,33930607
2017-02-23,17.899999618530273,18.399999618530273,17.899999618530273,18.049999237060547,18.049999237060547,47706989
2017-02-27,18.0,18.149999618530273,17.450000762939453,17.5,17.5,27885936
2017-02-28,17.600000381469727,18.299999237060547,17.450000762939453,18.100000381469727,18.100000381469727,27532476
2017-03-01,18.25,18.299999237060547,17.75,17.850000381469727,17.850000381469727,17425085
2017-03-02,17.950000762939453,18.200000762939453,17.5,17.549999237060547,17.549999237060547,19992936
2017-03-03,17.5,18.0,17.25,17.850000381469727,17.850000381469727,22712929
2017-03-06,17.899999618530273,18.049999237060547,17.549999237060547,17.600000381469727,17.600000381469727,12017271
2017-03-07,17.649999618530273,17.950000762939453,17.549999237060547,17.700000762939453,17.700000762939453,17200271
2017-03-08,17.75,17.799999237060547,17.350000381469727,17.450000762939453,17.450000762939453,17536040
2017-03-09,17.350000381469727,17.649999618530273,17.299999237060547,17.450000762939453,17.450000762939453,14554998
2017-03-10,17.549999237060547,17.549999237060547,16.950000762939453,17.149999618530273,17.149999618530273,18014634
2017-03-14,17.850000381469727,17.850000381469727,17.100000381469727,17.149999618530273,17.149999618530273,26930302
2017-03-15,17.200000762939453,17.299999237060547,16.950000762939453,17.0,17.0,19951726
2017-03-16,17.25,18.600000381469727,17.100000381469727,18.350000381469727,18.350000381469727,132350839
2017-03-17,18.549999237060547,19.399999618530273,18.5,18.899999618530273,18.899999618530273,152475636
2017-03-20,19.0,19.799999237060547,18.5,18.75,18.75,106867814
2017-03-21,18.899999618530273,18.950000762939453,18.299999237060547,18.549999237060547,18.549999237060547,40342398
2017-03-22,18.350000381469727,18.75,18.149999618530273,18.350000381469727,18.350000381469727,44230302
2017-03-23,19.0,19.299999237060547,18.850000381469727,19.0,19.0,93080067
2017-03-24,19.0,19.25,18.850000381469727,18.899999618530273,18.899999618530273,39213012
2017-03-27,19.049999237060547,19.049999237060547,18.25,18.350000381469727,18.350000381469727,40848981
2017-03-28,18.5,18.649999618530273,18.399999618530273,18.450000762939453,18.450000762939453,26673162
2017-03-29,18.549999237060547,18.600000381469727,18.149999618530273,18.25,18.25,35140424
2017-03-30,18.399999618530273,19.549999237060547,18.350000381469727,19.450000762939453,19.450000762939453,89781895
2017-03-31,19.649999618530273,19.850000381469727,18.950000762939453,19.100000381469727,19.100000381469727,142064863
2017-04-03,19.100000381469727,19.450000762939453,19.049999237060547,19.200000762939453,19.200000762939453,44865224
2017-04-05,19.350000381469727,19.399999618530273,19.200000762939453,19.299999237060547,19.299999237060547,28645270
2017-04-06,19.299999237060547,19.350000381469727,19.049999237060547,19.200000762939453,19.200000762939453,30818833
2017-04-07,19.100000381469727,19.350000381469727,18.700000762939453,18.899999618530273,18.899999618530273,34676226
2017-04-10,19.0,19.600000381469727,18.899999618530273,19.350000381469727,19.350000381469727,51119174
2017-04-11,19.5,19.799999237060547,19.5,19.700000762939453,19.700000762939453,65534346
2017-04-12,19.700000762939453,20.350000381469727,19.549999237060547,20.100000381469727,20.100000381469727,147707700
2017-04-13,20.200000762939453,20.299999237060547,19.850000381469727,19.899999618530273,19.899999618530273,50825440
2017-04-17,19.899999618530273,20.049999237060547,19.649999618530273,19.850000381469727,19.850000381469727,27642720
2017-04-18,19.950000762939453,20.299999237060547,19.549999237060547,19.649999618530273,19.649999618530273,52397190
2017-04-19,19.600000381469727,19.950000762939453,19.450000762939453,19.850000381469727,19.850000381469727,31224715
2017-04-20,20.0,20.149999618530273,19.899999618530273,19.950000762939453,19.950000762939453,26123365
2017-04-21,20.100000381469727,20.149999618530273,19.75,19.799999237060547,19.799999237060547,20596312
2017-04-24,19.899999618530273,20.149999618530273,19.799999237060547,20.0,20.0,28659418
2017-04-25,20.149999618530273,21.049999237060547,20.0,20.799999237060547,20.799999237060547,98661822
2017-04-26,21.049999237060547,21.399999618530273,20.450000762939453,20.850000381469727,20.850000381469727,77480184
2017-04-27,20.950000762939453,21.100000381469727,20.399999618530273,20.5,20.5,49401877
2017-04-28,20.700000762939453,20.799999237060547,20.549999237060547,20.600000381469727,20.600000381469727,25006381
2017-05-02,20.75,21.049999237060547,20.600000381469727,20.700000762939453,20.700000762939453,24761231
2017-05-03,20.799999237060547,20.850000381469727,20.450000762939453,20.549999237060547,20.549999237060547,20622079
2017-05-04,20.600000381469727,20.950000762939453,20.549999237060547,20.600000381469727,20.600000381469727,29985842
2017-05-05,20.649999618530273,20.75,20.200000762939453,20.25,20.25,34241153
2017-05-08,20.350000381469727,20.600000381469727,20.299999237060547,20.549999237060547,20.549999237060547,25048218
2017-05-09,20.600000381469727,20.850000381469727,20.549999237060547,20.700000762939453,20.700000762939453,21456626
2017-05-10,20.850000381469727,21.549999237060547,20.799999237060547,21.200000762939453,21.200000762939453,56149138
2017-05-11,21.299999237060547,21.75,21.200000762939453,21.25,21.25,47103251
2017-05-12,21.299999237060547,21.350000381469727,20.649999618530273,20.75,20.75,46223922
2017-05-15,20.850000381469727,20.899999618530273,19.25,19.600000381469727,19.600000381469727,119371670
2017-05-16,19.75,20.100000381469727,19.450000762939453,19.700000762939453,19.700000762939453,44577475
2017-05-17,19.75,20.0,19.600000381469727,19.899999618530273,19.899999618530273,37090719
2017-05-18,19.700000762939453,20.799999237060547,19.549999237060547,20.0,20.0,85301999
2017-05-19,20.450000762939453,21.350000381469727,20.350000381469727,20.600000381469727,20.600000381469727,125514828
2017-05-22,22.200000762939453,22.25,20.149999618530273,20.399999618530273,20.399999618530273,191193553
2017-05-23,20.549999237060547,20.700000762939453,19.450000762939453,19.75,19.75,102149537
2017-05-24,19.700000762939453,19.75,18.75,18.850000381469727,18.850000381469727,96386605
2017-05-25,19.0,19.649999618530273,18.450000762939453,19.350000381469727,19.350000381469727,99163576
2017-05-26,19.450000762939453,19.899999618530273,19.200000762939453,19.799999237060547,19.799999237060547,44853728
2017-05-29,19.799999237060547,20.0,19.049999237060547,19.149999618530273,19.149999618530273,39664456
2017-05-30,19.0,19.5,18.75,19.149999618530273,19.149999618530273,44928626
2017-05-31,19.149999618530273,19.450000762939453,19.149999618530273,19.299999237060547,19.299999237060547,24815841
2017-06-01,19.299999237060547,19.850000381469727,19.25,19.5,19.5,44047119
2017-06-02,19.549999237060547,19.899999618530273,19.549999237060547,19.75,19.75,27965439
2017-06-05,19.850000381469727,20.200000762939453,19.75,19.850000381469727,19.850000381469727,30939318
2017-06-06,19.950000762939453,20.0,19.299999237060547,19.350000381469727,19.350000381469727,26459361
2017-06-07,19.450000762939453,19.600000381469727,19.299999237060547,19.350000381469727,19.350000381469727,30657966
2017-06-08,19.450000762939453,19.450000762939453,19.049999237060547,19.149999618530273,19.149999618530273,24702151
2017-06-09,19.200000762939453,19.350000381469727,19.100000381469727,19.200000762939453,19.200000762939453,20490706
2017-06-12,19.100000381469727,19.25,18.899999618530273,19.0,19.0,21810354
2017-06-13,19.049999237060547,19.149999618530273,18.850000381469727,18.950000762939453,18.950000762939453,22166348
2017-06-14,18.950000762939453,18.950000762939453,18.549999237060547,18.75,18.75,37734045
2017-06-15,18.700000762939453,19.100000381469727,18.600000381469727,18.950000762939453,18.950000762939453,30911273
2017-06-16,19.0,19.049999237060547,18.649999618530273,18.75,18.75,26196463
2017-06-19,18.899999618530273,18.950000762939453,18.5,18.549999237060547,18.549999237060547,21203838
2017-06-20,18.600000381469727,18.75,18.399999618530273,18.600000381469727,18.600000381469727,29356881
2017-06-21,18.600000381469727,18.950000762939453,18.600000381469727,18.700000762939453,18.700000762939453,20755233
2017-06-22,18.700000762939453,19.149999618530273,18.600000381469727,18.700000762939453,18.700000762939453,30821618
2017-06-23,18.75,18.899999618530273,18.299999237060547,18.399999618530273,18.399999618530273,18800793
2017-06-27,18.5,18.600000381469727,17.950000762939453,18.100000381469727,18.100000381469727,21897469
2017-06-28,18.0,18.049999237060547,17.600000381469727,17.649999618530273,17.649999618530273,37852774
2017-06-29,17.850000381469727,18.399999618530273,17.450000762939453,18.100000381469727,18.100000381469727,148854292
2017-06-30,18.149999618530273,19.0,18.0,18.75,18.75,63704471
2017-07-03,18.850000381469727,19.25,18.75,18.899999618530273,18.899999618530273,35641768
2017-07-04,19.049999237060547,19.200000762939453,18.549999237060547,18.649999618530273,18.649999618530273,21443397
2017-07-05,18.700000762939453,18.950000762939453,18.450000762939453,18.75,18.75,31213020
2017-07-06,18.75,19.100000381469727,18.649999618530273,18.700000762939453,18.700000762939453,22064236
2017-07-07,18.700000762939453,18.850000381469727,18.450000762939453,18.549999237060547,18.549999237060547,20442737
2017-07-10,18.649999618530273,18.950000762939453,18.600000381469727,18.850000381469727,18.850000381469727,9020791
2017-07-11,18.850000381469727,19.649999618530273,18.649999618530273,19.350000381469727,19.350000381469727,93019686
2017-07-12,19.399999618530273,19.700000762939453,19.0,19.100000381469727,19.100000381469727,49334797
2017-07-13,19.25,19.549999237060547,19.0,19.049999237060547,19.049999237060547,38231196
2017-07-14,19.200000762939453,19.200000762939453,18.799999237060547,18.899999618530273,18.899999618530273,26351632
2017-07-17,19.049999237060547,19.049999237060547,18.75,18.850000381469727,18.850000381469727,18095208
2017-07-18,18.700000762939453,18.799999237060547,18.25,18.299999237060547,18.299999237060547,33962538
2017-07-19,18.399999618530273,18.600000381469727,18.200000762939453,18.450000762939453,18.450000762939453,23730963
2017-07-20,18.5,18.649999618530273,18.399999618530273,18.5,18.5,16964153
2017-07-21,18.600000381469727,19.25,18.450000762939453,19.149999618530273,19.149999618530273,46685854
2017-07-24,19.25,19.5,18.850000381469727,18.950000762939453,18.950000762939453,38098415
2017-07-25,19.0,19.100000381469727,18.799999237060547,18.899999618530273,18.899999618530273,36198222
2017-07-26,19.149999618530273,19.700000762939453,19.0,19.100000381469727,19.100000381469727,107609045
2017-07-27,19.25,20.25,19.0,20.0,20.0,231755507
2017-07-28,19.850000381469727,19.850000381469727,19.100000381469727,19.200000762939453,19.200000762939453,137811852
2017-07-31,19.299999237060547,19.5,18.899999618530273,18.950000762939453,18.950000762939453,59278304
2017-08-01,19.049999237060547,19.100000381469727,18.850000381469727,18.899999618530273,18.899999618530273,18555600
2017-08-02,18.950000762939453,19.0,18.399999618530273,18.450000762939453,18.450000762939453,52640425
2017-08-03,18.450000762939453,18.5,17.649999618530273,17.75,17.75,73282571
2017-08-04,17.75,18.100000381469727,17.549999237060547,17.649999618530273,17.649999618530273,66624224
2017-08-07,17.75,17.850000381469727,17.200000762939453,17.299999237060547,17.299999237060547,44847538
2017-08-08,17.350000381469727,17.5,16.549999237060547,16.649999618530273,16.649999618530273,56665443
2017-08-09,16.600000381469727,16.899999618530273,15.949999809265137,16.299999237060547,16.299999237060547,55115949
2017-08-10,16.100000381469727,16.549999237060547,15.100000381469727,15.399999618530273,15.399999618530273,70837694
2017-08-11,15.149999618530273,15.699999809265137,14.449999809265137,15.25,15.25,65653914
2017-08-14,16.149999618530273,17.75,16.149999618530273,17.399999618530273,17.399999618530273,150023582
2017-08-16,17.5,17.75,17.100000381469727,17.5,17.5,63981631
2017-08-17,17.649999618530273,17.649999618530273,17.049999237060547,17.200000762939453,17.200000762939453,29942543
2017-08-18,16.850000381469727,17.0,16.549999237060547,16.950000762939453,16.950000762939453,48722614
2017-08-21,17.100000381469727,17.149999618530273,16.0,16.149999618530273,16.149999618530273,39983196
2017-08-22,16.299999237060547,16.5,15.899999618530273,16.049999237060547,16.049999237060547,46896812
2017-08-23,16.200000762939453,16.450000762939453,16.100000381469727,16.350000381469727,16.350000381469727,20574467
2017-08-24,16.450000762939453,16.450000762939453,16.100000381469727,16.299999237060547,16.299999237060547,30399132
2017-08-28,16.450000762939453,16.799999237060547,16.399999618530273,16.649999618530273,16.649999618530273,32604351
2017-08-29,16.549999237060547,16.600000381469727,16.149999618530273,16.25,16.25,30838027
2017-08-30,16.350000381469727,16.700000762939453,16.350000381469727,16.450000762939453,16.450000762939453,36461208
2017-08-31,16.5,16.700000762939453,16.049999237060547,16.299999237060547,16.299999237060547,100804354
2017-09-01,16.399999618530273,16.649999618530273,16.299999237060547,16.549999237060547,16.549999237060547,32252075
2017-09-04,16.549999237060547,16.549999237060547,16.0,16.149999618530273,16.149999618530273,29749994
2017-09-05,16.350000381469727,16.600000381469727,16.25,16.350000381469727,16.350000381469727,27363423
2017-09-06,16.200000762939453,16.399999618530273,16.149999618530273,16.299999237060547,16.299999237060547,23500790
2017-09-07,16.450000762939453,16.5,16.200000762939453,16.25,16.25,19438238
2017-09-08,16.350000381469727,16.450000762939453,16.100000381469727,16.149999618530273,16.149999618530273,20341822
2017-09-11,16.399999618530273,17.399999618530273,16.350000381469727,16.799999237060547,16.799999237060547,93595418
2017-09-12,17.0,17.200000762939453,16.600000381469727,16.950000762939453,16.950000762939453,49218671
2017-09-13,17.0,17.5,16.950000762939453,17.100000381469727,17.100000381469727,64118401
2017-09-14,17.149999618530273,17.350000381469727,16.950000762939453,17.100000381469727,17.100000381469727,25623345
2017-09-15,16.899999618530273,17.100000381469727,16.799999237060547,16.950000762939453,16.950000762939453,41419730
2017-09-18,17.25,17.25,16.799999237060547,16.899999618530273,16.899999618530273,31368157
2017-09-19,16.950000762939453,16.950000762939453,16.600000381469727,16.75,16.75,32265766
2017-09-20,16.75,17.0,16.700000762939453,16.75,16.75,18865185
2017-09-21,16.75,17.200000762939453,16.600000381469727,17.0,17.0,43913013
2017-09-22,16.850000381469727,16.899999618530273,16.25,16.299999237060547,16.299999237060547,40069698
2017-09-25,16.299999237060547,16.350000381469727,15.949999809265137,16.100000381469727,16.100000381469727,38198520
2017-09-26,16.200000762939453,16.25,15.949999809265137,16.149999618530273,16.149999618530273,22100311
2017-09-27,16.25,16.299999237060547,15.75,15.800000190734863,15.800000190734863,25393591
2017-09-28,15.850000381469727,15.949999809265137,15.25,15.399999618530273,15.399999618530273,72883927
2017-09-29,15.5,15.800000190734863,15.449999809265137,15.600000381469727,15.600000381469727,35596952
2017-10-03,15.800000190734863,15.850000381469727,15.5,15.600000381469727,15.600000381469727,17669130
2017-10-04,15.699999809265137,15.75,15.550000190734863,15.649999618530273,15.649999618530273,17977511
2017-10-05,15.5,15.550000190734863,14.75,15.199999809265137,15.199999809265137,71333835
2017-10-06,15.149999618530273,15.550000190734863,15.149999618530273,15.350000381469727,15.350000381469727,26507421
2017-10-09,15.399999618530273,15.5,15.149999618530273,15.199999809265137,15.199999809265137,27259857
2017-10-10,15.25,16.450000762939453,15.199999809265137,16.25,16.25,78547300
2017-10-11,16.299999237060547,16.450000762939453,15.399999618530273,15.5,15.5,62117414
2017-10-12,15.75,15.949999809265137,15.449999809265137,15.800000190734863,15.800000190734863,36321259
2017-10-13,15.850000381469727,15.850000381469727,15.5,15.550000190734863,15.550000190734863,18075582
2017-10-16,15.649999618530273,15.699999809265137,15.449999809265137,15.449999809265137,15.449999809265137,17055605
2017-10-17,15.5,15.800000190734863,15.350000381469727,15.5,15.5,17448010
2017-10-18,15.5,15.699999809265137,15.399999618530273,15.550000190734863,15.550000190734863,14992365
2017-10-19,15.550000190734863,15.600000381469727,15.300000190734863,15.399999618530273,15.399999618530273,9215504
2017-10-23,15.449999809265137,15.600000381469727,15.300000190734863,15.350000381469727,15.350000381469727,18011204
2017-10-24,15.449999809265137,15.699999809265137,15.350000381469727,15.550000190734863,15.550000190734863,22000066
2017-10-25,15.699999809265137,16.100000381469727,15.5,15.899999618530273,15.899999618530273,50262885
2017-10-26,15.899999618530273,16.25,15.75,15.850000381469727,15.850000381469727,52495639
2017-10-27,16.0,16.25,15.899999618530273,15.949999809265137,15.949999809265137,27162999
2017-10-30,16.100000381469727,16.799999237060547,16.049999237060547,16.549999237060547,16.549999237060547,71904252
2017-10-31,16.649999618530273,17.100000381469727,16.549999237060547,16.950000762939453,16.950000762939453,82685408
2017-11-01,17.0,17.299999237060547,16.649999618530273,16.75,16.75,54821980
2017-11-02,16.799999237060547,16.850000381469727,16.200000762939453,16.399999618530273,16.399999618530273,33742343
2017-11-03,16.5,16.950000762939453,16.399999618530273,16.5,16.5,49641046
2017-11-06,16.399999618530273,16.600000381469727,16.0,16.100000381469727,16.100000381469727,38447738
2017-11-07,16.149999618530273,16.299999237060547,15.350000381469727,15.550000190734863,15.550000190734863,45203246
2017-11-08,15.649999618530273,15.850000381469727,15.350000381469727,15.5,15.5,34701531
2017-11-09,15.550000190734863,15.649999618530273,15.25,15.5,15.5,21233112
2017-11-10,15.5,15.699999809265137,15.350000381469727,15.550000190734863,15.550000190734863,20872143
2017-11-13,14.5,15.100000381469727,14.399999618530273,14.649999618530273,14.649999618530273,76433330
2017-11-14,14.699999809265137,14.949999809265137,14.399999618530273,14.5,14.5,38295342
2017-11-15,14.5,14.5,13.550000190734863,13.649999618530273,13.649999618530273,70628963
2017-11-16,13.399999618530273,13.550000190734863,12.800000190734863,13.449999809265137,13.449999809265137,89067942
2017-11-17,13.649999618530273,13.850000381469727,13.550000190734863,13.699999809265137,13.699999809265137,30445202
2017-11-20,13.800000190734863,13.800000190734863,13.5,13.600000381469727,13.600000381469727,24219961
2017-11-21,13.75,14.0,13.550000190734863,13.850000381469727,13.850000381469727,30429942
2017-11-22,13.899999618530273,14.0,13.649999618530273,13.649999618530273,13.649999618530273,20900920
2017-11-23,13.649999618530273,13.800000190734863,13.5,13.600000381469727,13.600000381469727,19029995
2017-11-24,13.800000190734863,14.25,13.800000190734863,14.149999618530273,14.149999618530273,40190362
2017-11-27,14.199999809265137,15.100000381469727,14.149999618530273,15.0,15.0,70405274
2017-11-28,15.100000381469727,15.149999618530273,14.600000381469727,14.699999809265137,14.699999809265137,51686472
2017-11-29,14.699999809265137,14.75,14.300000190734863,14.5,14.5,43907382
2017-11-30,14.399999618530273,14.399999618530273,13.800000190734863,13.949999809265137,13.949999809265137,65955258
2017-12-01,14.199999809265137,14.350000381469727,13.649999618530273,13.800000190734863,13.800000190734863,35047411
2017-12-04,14.0,14.0,13.699999809265137,13.850000381469727,13.850000381469727,17157112
2017-12-05,13.899999618530273,13.899999618530273,13.5,13.600000381469727,13.600000381469727,17653879
2017-12-06,13.600000381469727,13.949999809265137,13.399999618530273,13.600000381469727,13.600000381469727,35737869
2017-12-07,13.649999618530273,13.899999618530273,13.600000381469727,13.75,13.75,27868640
2017-12-08,13.949999809265137,14.100000381469727,13.899999618530273,13.949999809265137,13.949999809265137,25203968
2017-12-11,14.0,14.100000381469727,13.800000190734863,13.850000381469727,13.850000381469727,15698242
2017-12-12,13.850000381469727,13.949999809265137,13.699999809265137,13.800000190734863,13.800000190734863,12284135
2017-12-13,13.75,13.800000190734863,13.550000190734863,13.600000381469727,13.600000381469727,14531293
2017-12-14,13.600000381469727,13.699999809265137,13.199999809265137,13.300000190734863,13.300000190734863,33185300
2017-12-15,13.550000190734863,13.600000381469727,13.399999618530273,13.5,13.5,13994472
2017-12-18,13.399999618530273,13.649999618530273,13.0,13.449999809265137,13.449999809265137,19644402
2017-12-19,13.550000190734863,13.800000190734863,13.5,13.699999809265137,13.699999809265137,18042931
2017-12-20,13.800000190734863,14.449999809265137,13.75,14.199999809265137,14.199999809265137,46024374
2017-12-21,14.300000190734863,14.75,14.199999809265137,14.5,14.5,39954789
2017-12-22,14.550000190734863,15.050000190734863,14.5,14.600000381469727,14.600000381469727,50240884
2017-12-26,14.699999809265137,15.100000381469727,14.649999618530273,15.0,15.0,42173898
2017-12-27,15.100000381469727,15.449999809265137,15.050000190734863,15.149999618530273,15.149999618530273,53005956
2017-12-28,15.0,15.399999618530273,14.949999809265137,15.050000190734863,15.050000190734863,66429329
2017-12-29,15.199999809265137,15.699999809265137,15.149999618530273,15.550000190734863,15.550000190734863,61728897
2018-01-01,15.550000190734863,16.350000381469727,15.449999809265137,15.800000190734863,15.800000190734863,69982189
2018-01-02,15.899999618530273,16.299999237060547,15.350000381469727,15.850000381469727,15.850000381469727,87332299
2018-01-03,15.949999809265137,16.049999237060547,15.649999618530273,15.75,15.75,33251247
2018-01-04,15.800000190734863,15.949999809265137,15.649999618530273,15.800000190734863,15.800000190734863,33392449
2018-01-05,15.850000381469727,15.899999618530273,15.5,15.550000190734863,15.550000190734863,40521579
2018-01-08,15.649999618530273,15.850000381469727,15.600000381469727,15.649999618530273,15.649999618530273,19319440
2018-01-09,15.649999618530273,16.5,15.5,16.399999618530273,16.399999618530273,122982279
2018-01-10,16.549999237060547,17.100000381469727,16.25,16.399999618530273,16.399999618530273,83566175
2018-01-11,16.450000762939453,16.700000762939453,16.350000381469727,16.450000762939453,16.450000762939453,39259655
2018-01-12,16.549999237060547,16.799999237060547,15.850000381469727,16.200000762939453,16.200000762939453,60926539
2018-01-15,16.450000762939453,16.5,15.949999809265137,16.049999237060547,16.049999237060547,28729965
2018-01-16,16.0,16.100000381469727,15.149999618530273,15.25,15.25,49819568
2018-01-17,15.25,15.5,14.550000190734863,15.350000381469727,15.350000381469727,47486615
2018-01-18,15.449999809265137,15.600000381469727,14.649999618530273,14.850000381469727,14.850000381469727,40610391
2018-01-19,14.850000381469727,15.199999809265137,14.600000381469727,15.100000381469727,15.100000381469727,35398031
2018-01-22,15.100000381469727,15.199999809265137,14.800000190734863,15.0,15.0,20158971
2018-01-23,15.0,15.199999809265137,14.899999618530273,15.0,15.0,23536033
2018-01-24,14.949999809265137,15.050000190734863,14.800000190734863,14.850000381469727,14.850000381469727,20365247
2018-01-25,14.899999618530273,14.949999809265137,14.5,14.600000381469727,14.600000381469727,57455743
2018-01-29,14.75,14.949999809265137,14.550000190734863,14.649999618530273,14.649999618530273,22819031
2018-01-30,14.600000381469727,14.850000381469727,14.449999809265137,14.550000190734863,14.550000190734863,27580210
2018-01-31,14.649999618530273,14.800000190734863,14.550000190734863,14.600000381469727,14.600000381469727,21012681
2018-02-01,14.800000190734863,15.100000381469727,14.350000381469727,14.600000381469727,14.600000381469727,38819609
2018-02-02,14.399999618530273,14.449999809265137,13.399999618530273,13.600000381469727,13.600000381469727,41283349
2018-02-05,13.350000381469727,13.399999618530273,12.649999618530273,13.300000190734863,13.300000190734863,40954889
2018-02-06,12.600000381469727,13.0,12.050000190734863,12.800000190734863,12.800000190734863,52310997
2018-02-07,13.149999618530273,13.25,12.949999809265137,13.050000190734863,13.050000190734863,31741062
2018-02-08,13.100000381469727,13.399999618530273,13.050000190734863,13.25,13.25,29451658
2018-02-09,13.0,13.600000381469727,12.850000381469727,13.5,13.5,38953133
2018-02-12,13.350000381469727,13.899999618530273,13.0,13.5,13.5,51777656
2018-02-14,13.600000381469727,13.699999809265137,13.300000190734863,13.350000381469727,13.350000381469727,21000357
2018-02-15,13.5,13.550000190734863,13.050000190734863,13.199999809265137,13.199999809265137,27275966
2018-02-16,13.300000190734863,13.350000381469727,13.050000190734863,13.149999618530273,13.149999618530273,16775159
2018-02-19,13.149999618530273,13.199999809265137,12.850000381469727,13.0,13.0,29388231
2018-02-20,13.0,13.199999809265137,12.949999809265137,13.050000190734863,13.050000190734863,17183266
2018-02-21,13.149999618530273,13.149999618530273,12.899999618530273,12.899999618530273,12.899999618530273,23464838
2018-02-22,12.899999618530273,12.949999809265137,12.399999618530273,12.550000190734863,12.550000190734863,66213116
2018-02-23,12.550000190734863,13.100000381469727,12.449999809265137,13.0,13.0,42440805
2018-02-26,13.100000381469727,13.199999809265137,12.899999618530273,13.0,13.0,20380799
2018-02-27,13.100000381469727,13.100000381469727,12.800000190734863,12.949999809265137,12.949999809265137,21676531
2018-02-28,12.800000190734863,12.949999809265137,12.699999809265137,12.800000190734863,12.800000190734863,29917622
2018-03-01,12.850000381469727,13.0,12.699999809265137,12.75,12.75,18430034
2018-03-05,12.75,12.75,12.449999809265137,12.600000381469727,12.600000381469727,19335054
2018-03-06,12.699999809265137,12.75,12.050000190734863,12.199999809265137,12.199999809265137,26681253
2018-03-07,12.100000381469727,12.149999618530273,11.399999618530273,11.449999809265137,11.449999809265137,58148144
2018-03-08,11.5,11.649999618530273,10.600000381469727,11.5,11.5,65743044
2018-03-09,11.5,11.5,10.949999809265137,11.0,11.0,25719036
2018-03-12,11.050000190734863,11.399999618530273,11.050000190734863,11.350000381469727,11.350000381469727,25480021
2018-03-13,11.350000381469727,11.75,11.300000190734863,11.550000190734863,11.550000190734863,30407378
2018-03-14,11.550000190734863,11.649999618530273,11.300000190734863,11.449999809265137,11.449999809265137,32894045
2018-03-15,11.5,11.75,11.449999809265137,11.649999618530273,11.649999618530273,25595686
2018-03-16,11.699999809265137,12.149999618530273,11.600000381469727,11.699999809265137,11.699999809265137,45780242
2018-03-19,11.75,11.850000381469727,11.199999809265137,11.25,11.25,39208677
2018-03-20,11.300000190734863,11.550000190734863,11.149999618530273,11.300000190734863,11.300000190734863,32288626
2018-03-21,11.399999618530273,11.5,11.25,11.300000190734863,11.300000190734863,21301439
2018-03-22,11.300000190734863,11.399999618530273,11.149999618530273,11.199999809265137,11.199999809265137,17341561
2018-03-23,10.949999809265137,11.0,10.800000190734863,10.850000381469727,10.850000381469727,19732395
2018-03-26,10.850000381469727,11.199999809265137,10.800000190734863,11.050000190734863,11.050000190734863,39642473
2018-03-27,11.199999809265137,11.550000190734863,11.199999809265137,11.300000190734863,11.300000190734863,42015746
2018-03-28,11.199999809265137,11.25,10.600000381469727,10.699999809265137,10.699999809265137,77518321
2018-04-02,10.850000381469727,11.25,10.800000190734863,11.100000381469727,11.100000381469727,20807986
2018-04-03,11.050000190734863,11.850000381469727,11.0,11.75,11.75,45069654
2018-04-04,11.850000381469727,11.949999809265137,11.399999618530273,11.5,11.5,32252348
2018-04-05,11.699999809265137,11.850000381469727,11.550000190734863,11.649999618530273,11.649999618530273,23721465
2018-04-06,11.649999618530273,12.199999809265137,11.449999809265137,12.0,12.0,36383624
2018-04-09,12.0,12.25,12.0,12.100000381469727,12.100000381469727,21251026
2018-04-10,12.25,12.399999618530273,12.050000190734863,12.199999809265137,12.199999809265137,25956656
2018-04-11,12.300000190734863,12.300000190734863,12.050000190734863,12.149999618530273,12.149999618530273,14219633
2018-04-12,12.100000381469727,12.149999618530273,11.949999809265137,12.0,12.0,15599493
2018-04-13,12.0,12.100000381469727,11.800000190734863,11.850000381469727,11.850000381469727,16799838
2018-04-16,11.75,11.800000190734863,11.600000381469727,11.699999809265137,11.699999809265137,11071254
2018-04-17,11.850000381469727,11.850000381469727,11.649999618530273,11.75,11.75,9694708
2018-04-18,11.800000190734863,11.949999809265137,11.649999618530273,11.899999618530273,11.899999618530273,16576108
2018-04-19,11.949999809265137,12.0,11.600000381469727,11.699999809265137,11.699999809265137,13732701
2018-04-20,11.600000381469727,11.75,11.399999618530273,11.5,11.5,23897363
2018-04-23,11.399999618530273,11.5,11.199999809265137,11.399999618530273,11.399999618530273,17719061
2018-04-24,11.399999618530273,11.5,11.199999809265137,11.25,11.25,17342235
2018-04-25,11.199999809265137,11.25,10.850000381469727,11.0,11.0,24341281
2018-04-26,10.949999809265137,11.0,10.600000381469727,10.649999618530273,10.649999618530273,56158441
2018-04-27,10.699999809265137,11.0,10.699999809265137,10.800000190734863,10.800000190734863,15538319
2018-04-30,10.850000381469727,11.0,10.800000190734863,10.899999618530273,10.899999618530273,12901298
2018-05-02,10.850000381469727,10.949999809265137,10.75,10.850000381469727,10.850000381469727,11549383
2018-05-03,10.800000190734863,10.850000381469727,10.5,10.550000190734863,10.550000190734863,20323822
2018-05-04,10.600000381469727,10.649999618530273,10.5,10.550000190734863,10.550000190734863,10404350
2018-05-07,10.649999618530273,10.699999809265137,10.5,10.550000190734863,10.550000190734863,10936461
2018-05-08,10.600000381469727,10.649999618530273,10.0,10.149999618530273,10.149999618530273,28488442
2018-05-09,10.149999618530273,10.399999618530273,10.149999618530273,10.25,10.25,14718132
2018-05-10,10.300000190734863,10.350000381469727,9.949999809265137,10.0,10.0,23535271
2018-05-11,10.0,10.050000190734863,9.649999618530273,9.75,9.75,21900877
2018-05-14,9.800000190734863,9.949999809265137,8.5,8.800000190734863,8.800000190734863,50435969
2018-05-15,8.600000381469727,9.800000190734863,8.550000190734863,8.800000190734863,8.800000190734863,60364159
2018-05-16,8.800000190734863,9.199999809265137,8.699999809265137,9.050000190734863,9.050000190734863,34229218
2018-05-17,9.100000381469727,9.649999618530273,8.899999618530273,9.300000190734863,9.300000190734863,31632137
2018-05-18,9.350000381469727,9.449999809265137,8.800000190734863,8.850000381469727,8.850000381469727,20411219
2018-05-21,8.899999618530273,8.949999809265137,8.600000381469727,8.699999809265137,8.699999809265137,21040071
2018-05-22,8.800000190734863,8.949999809265137,8.699999809265137,8.850000381469727,8.850000381469727,11264110
2018-05-23,8.800000190734863,9.199999809265137,8.75,8.949999809265137,8.949999809265137,29702334
2018-05-24,9.050000190734863,9.149999618530273,8.899999618530273,9.100000381469727,9.100000381469727,12669578
2018-05-25,9.100000381469727,9.199999809265137,8.949999809265137,9.100000381469727,9.100000381469727,16716995
2018-05-28,9.149999618530273,9.75,9.050000190734863,9.649999618530273,9.649999618530273,34259234
2018-05-29,9.75,9.899999618530273,9.399999618530273,9.5,9.5,30995345
2018-05-30,9.350000381469727,9.649999618530273,9.300000190734863,9.399999618530273,9.399999618530273,21195509
2018-05-31,9.149999618530273,9.399999618530273,8.649999618530273,8.75,8.75,67003240
2018-06-01,8.75,8.949999809265137,8.199999809265137,8.399999618530273,8.399999618530273,33948613
2018-06-04,8.449999809265137,8.5,7.900000095367432,8.0,8.0,30567213
2018-06-05,8.100000381469727,8.300000190734863,7.75,7.849999904632568,7.849999904632568,29807171
2018-06-06,7.900000095367432,8.050000190734863,7.699999809265137,7.900000095367432,7.900000095367432,26869815
2018-06-07,7.949999809265137,8.25,7.949999809265137,8.199999809265137,8.199999809265137,20206816
2018-06-08,8.100000381469727,8.600000381469727,7.949999809265137,8.399999618530273,8.399999618530273,32210285
2018-06-11,8.399999618530273,8.75,8.300000190734863,8.5,8.5,32204696
2018-06-12,8.449999809265137,8.550000190734863,8.199999809265137,8.25,8.25,11385420
2018-06-13,8.300000190734863,8.350000381469727,8.100000381469727,8.149999618530273,8.149999618530273,21591021
2018-06-14,8.199999809265137,8.25,7.949999809265137,8.149999618530273,8.149999618530273,16282898
2018-06-15,8.149999618530273,8.300000190734863,7.900000095367432,7.949999809265137,7.949999809265137,21427594
2018-06-18,8.0,8.0,7.849999904632568,7.900000095367432,7.900000095367432,12967246
2018-06-19,7.849999904632568,7.900000095367432,7.699999809265137,7.75,7.75,16526172
2018-06-20,7.800000190734863,7.849999904632568,7.699999809265137,7.75,7.75,12577820
2018-06-21,7.75,7.800000190734863,7.599999904632568,7.650000095367432,7.650000095367432,15738238
2018-06-22,7.599999904632568,7.800000190734863,7.400000095367432,7.699999809265137,7.699999809265137,24274640
2018-06-25,7.650000095367432,8.149999618530273,7.599999904632568,7.849999904632568,7.849999904632568,38153834
2018-06-26,7.800000190734863,7.849999904632568,7.650000095367432,7.699999809265137,7.699999809265137,16421329
2018-06-27,7.699999809265137,7.75,7.449999809265137,7.5,7.5,22297055
2018-06-28,7.449999809265137,7.5,7.25,7.400000095367432,7.400000095367432,68819571
2018-06-29,7.400000095367432,7.75,7.400000095367432,7.5,7.5,27858724
2018-07-02,7.550000190734863,7.599999904632568,7.300000190734863,7.349999904632568,7.349999904632568,24326620
2018-07-03,7.400000095367432,7.599999904632568,7.25,7.5,7.5,25380328
2018-07-04,7.5,7.599999904632568,7.349999904632568,7.550000190734863,7.550000190734863,11975882
2018-07-05,7.550000190734863,7.599999904632568,7.300000190734863,7.349999904632568,7.349999904632568,15925235
2018-07-06,7.349999904632568,7.599999904632568,7.300000190734863,7.5,7.5,13975613
2018-07-09,7.599999904632568,7.699999809265137,7.449999809265137,7.5,7.5,17158286
2018-07-10,7.550000190734863,7.650000095367432,7.5,7.599999904632568,7.599999904632568,11301433
2018-07-11,7.599999904632568,7.599999904632568,7.449999809265137,7.5,7.5,10402665
2018-07-12,7.550000190734863,7.699999809265137,7.349999904632568,7.5,7.5,40179161
2018-07-13,7.550000190734863,7.599999904632568,7.349999904632568,7.400000095367432,7.400000095367432,21885430
2018-07-16,7.449999809265137,7.449999809265137,6.949999809265137,7.050000190734863,7.050000190734863,39019240
2018-07-17,7.099999904632568,7.300000190734863,7.050000190734863,7.199999809265137,7.199999809265137,33726007
2018-07-18,7.199999809265137,7.25,6.949999809265137,7.0,7.0,39052969
2018-07-19,7.099999904632568,7.099999904632568,6.849999904632568,7.0,7.0,25067059
2018-07-20,7.0,7.150000095367432,6.949999809265137,7.099999904632568,7.099999904632568,14177278
2018-07-23,7.050000190734863,7.5,7.050000190734863,7.449999809265137,7.449999809265137,28362911
2018-07-24,7.400000095367432,8.600000381469727,7.349999904632568,8.399999618530273,8.399999618530273,91297536
2018-07-25,8.449999809265137,8.649999618530273,7.949999809265137,8.050000190734863,8.050000190734863,80320063
2018-07-26,8.100000381469727,8.199999809265137,7.699999809265137,7.800000190734863,7.800000190734863,96940138
2018-07-27,7.900000095367432,8.0,7.650000095367432,7.699999809265137,7.699999809265137,22291622
2018-07-30,7.75,8.25,7.699999809265137,8.0,8.0,44274110
2018-07-31,8.050000190734863,8.050000190734863,7.75,7.800000190734863,7.800000190734863,25799093
2018-08-01,7.849999904632568,7.949999809265137,7.599999904632568,7.699999809265137,7.699999809265137,24666214
2018-08-02,7.75,8.050000190734863,7.650000095367432,7.949999809265137,7.949999809265137,27141012
2018-08-03,7.949999809265137,8.149999618530273,7.849999904632568,7.900000095367432,7.900000095367432,29986451
2018-08-06,7.5,7.650000095367432,7.25,7.300000190734863,7.300000190734863,50842836
2018-08-07,7.400000095367432,7.550000190734863,7.099999904632568,7.150000095367432,7.150000095367432,43609023
2018-08-08,7.300000190734863,7.400000095367432,7.099999904632568,7.099999904632568,7.099999904632568,15798836
2018-08-09,7.150000095367432,7.599999904632568,7.099999904632568,7.449999809265137,7.449999809265137,53595075
2018-08-10,7.449999809265137,7.650000095367432,7.300000190734863,7.349999904632568,7.349999904632568,19492240
2018-08-13,7.400000095367432,7.400000095367432,7.099999904632568,7.150000095367432,7.150000095367432,24146573
2018-08-14,7.199999809265137,7.300000190734863,7.150000095367432,7.150000095367432,7.150000095367432,13199711
2018-08-16,7.199999809265137,7.300000190734863,7.050000190734863,7.199999809265137,7.199999809265137,17966069
2018-08-17,7.25,7.300000190734863,7.199999809265137,7.25,7.25,11198311
2018-08-20,7.25,7.300000190734863,7.099999904632568,7.199999809265137,7.199999809265137,12954260
2018-08-21,7.25,7.300000190734863,7.099999904632568,7.25,7.25,12458940
2018-08-23,7.25,7.300000190734863,7.150000095367432,7.150000095367432,7.150000095367432,8621532
2018-08-24,7.199999809265137,7.25,7.099999904632568,7.150000095367432,7.150000095367432,14150318
2018-08-27,7.199999809265137,7.25,7.099999904632568,7.099999904632568,7.099999904632568,14143757
2018-08-28,7.150000095367432,7.199999809265137,7.050000190734863,7.150000095367432,7.150000095367432,22108678
2018-08-29,7.150000095367432,7.300000190734863,7.150000095367432,7.199999809265137,7.199999809265137,20312233
2018-08-30,7.25,7.300000190734863,6.949999809265137,7.050000190734863,7.050000190734863,31126526
2018-08-31,7.099999904632568,7.25,7.099999904632568,7.150000095367432,7.150000095367432,21537466
2018-09-03,7.199999809265137,7.25,7.099999904632568,7.150000095367432,7.150000095367432,15618846
2018-09-04,7.150000095367432,7.199999809265137,6.849999904632568,6.900000095367432,6.900000095367432,36999137
2018-09-05,6.949999809265137,6.949999809265137,6.650000095367432,6.900000095367432,6.900000095367432,32242528
2018-09-06,6.949999809265137,6.949999809265137,6.800000190734863,6.900000095367432,6.900000095367432,17722688
2018-09-07,7.0,7.25,6.900000095367432,7.050000190734863,7.050000190734863,29889602
2018-09-10,7.050000190734863,7.300000190734863,6.949999809265137,7.099999904632568,7.099999904632568,34033973
2018-09-11,7.150000095367432,7.199999809265137,6.900000095367432,6.949999809265137,6.949999809265137,27571789
2018-09-12,7.050000190734863,7.150000095367432,6.800000190734863,7.0,7.0,33519523
2018-09-14,7.099999904632568,7.150000095367432,6.949999809265137,7.0,7.0,11026380
2018-09-17,7.0,8.050000190734863,6.949999809265137,7.650000095367432,7.650000095367432,93798817
2018-09-18,7.650000095367432,7.849999904632568,7.199999809265137,7.300000190734863,7.300000190734863,44495392
2018-09-19,7.349999904632568,7.5,7.050000190734863,7.150000095367432,7.150000095367432,46601285
2018-09-21,7.25,7.25,6.449999809265137,6.75,6.75,93748813
2018-09-24,6.849999904632568,6.849999904632568,6.449999809265137,6.5,6.5,43882382
2018-09-25,6.5,6.550000190734863,6.0,6.199999809265137,6.199999809265137,57916707
2018-09-26,6.300000190734863,6.400000095367432,5.949999809265137,6.199999809265137,6.199999809265137,43078298
2018-09-27,6.199999809265137,6.25,5.900000095367432,5.949999809265137,5.949999809265137,37141679
2018-09-28,6.050000190734863,6.099999904632568,5.300000190734863,5.449999809265137,5.449999809265137,53057932
2018-10-01,5.5,5.75,5.050000190734863,5.650000095367432,5.650000095367432,36276807
2018-10-03,5.650000095367432,6.300000190734863,5.550000190734863,5.900000095367432,5.900000095367432,53918008
2018-10-04,5.849999904632568,5.900000095367432,5.550000190734863,5.699999809265137,5.699999809265137,35487116
2018-10-05,5.699999809265137,5.849999904632568,5.349999904632568,5.5,5.5,35808862
2018-10-08,5.5,5.650000095367432,5.25,5.5,5.5,33695867
2018-10-09,5.5,5.5,5.300000190734863,5.349999904632568,5.349999904632568,19908235
2018-10-10,5.400000095367432,5.849999904632568,5.349999904632568,5.75,5.75,37896733
2018-10-11,5.5,5.75,5.449999809265137,5.550000190734863,5.550000190734863,28806987
2018-10-12,5.550000190734863,6.050000190734863,5.5,5.800000190734863,5.800000190734863,44281458
2018-10-15,5.800000190734863,6.25,5.699999809265137,6.199999809265137,6.199999809265137,36895232
2018-10-16,6.300000190734863,6.5,6.25,6.449999809265137,6.449999809265137,29121115
2018-10-17,6.5,6.650000095367432,5.949999809265137,6.050000190734863,6.050000190734863,39629658
2018-10-19,6.0,6.150000095367432,5.800000190734863,5.900000095367432,5.900000095367432,34077025
2018-10-22,6.0,6.0,5.800000190734863,5.900000095367432,5.900000095367432,31570752
2018-10-23,5.849999904632568,6.25,5.800000190734863,6.150000095367432,6.150000095367432,35684647
2018-10-24,6.150000095367432,6.150000095367432,5.949999809265137,6.099999904632568,6.099999904632568,27720619
2018-10-25,6.0,6.150000095367432,5.900000095367432,6.050000190734863,6.050000190734863,37665575
2018-10-26,5.949999809265137,6.150000095367432,5.800000190734863,6.050000190734863,6.050000190734863,22512061
2018-10-29,6.099999904632568,6.400000095367432,5.949999809265137,6.300000190734863,6.300000190734863,23857230
2018-10-30,6.300000190734863,6.400000095367432,6.150000095367432,6.25,6.25,12514516
2018-10-31,6.199999809265137,6.349999904632568,6.150000095367432,6.25,6.25,19761212
2018-11-01,6.25,6.400000095367432,6.199999809265137,6.25,6.25,19421771
2018-11-02,6.300000190734863,6.5,6.25,6.300000190734863,6.300000190734863,25742114
2018-11-05,6.300000190734863,6.400000095367432,6.199999809265137,6.300000190734863,6.300000190734863,20823825
2018-11-06,6.349999904632568,6.349999904632568,6.0,6.099999904632568,6.099999904632568,17255100
2018-11-07,6.150000095367432,6.25,6.050000190734863,6.199999809265137,6.199999809265137,6193749
2018-11-09,6.199999809265137,6.25,6.099999904632568,6.199999809265137,6.199999809265137,12869082
2018-11-12,6.25,6.25,6.0,6.050000190734863,6.050000190734863,19053473
2018-11-13,5.949999809265137,6.199999809265137,5.900000095367432,6.0,6.0,24613611
2018-11-14,6.050000190734863,6.050000190734863,5.75,5.800000190734863,5.800000190734863,24296915
2018-11-15,5.800000190734863,5.849999904632568,5.550000190734863,5.699999809265137,5.699999809265137,19921553
2018-11-16,5.650000095367432,5.75,5.599999904632568,5.650000095367432,5.650000095367432,15832205
2018-11-19,5.699999809265137,5.699999809265137,5.349999904632568,5.400000095367432,5.400000095367432,41516329
2018-11-20,5.449999809265137,5.550000190734863,5.300000190734863,5.400000095367432,5.400000095367432,33382689
2018-11-21,5.449999809265137,5.650000095367432,5.400000095367432,5.550000190734863,5.550000190734863,28825375
2018-11-22,5.550000190734863,5.699999809265137,5.449999809265137,5.550000190734863,5.550000190734863,31027043
2018-11-26,5.550000190734863,5.550000190734863,5.25,5.400000095367432,5.400000095367432,28080791
2018-11-27,5.5,5.699999809265137,5.400000095367432,5.599999904632568,5.599999904632568,40137160
2018-11-28,5.650000095367432,5.650000095367432,5.400000095367432,5.449999809265137,5.449999809265137,20812534
2018-11-29,5.5,5.5,4.949999809265137,5.099999904632568,5.099999904632568,109333259
2018-11-30,5.150000095367432,5.199999809265137,5.099999904632568,5.150000095367432,5.150000095367432,19973226
2018-12-03,5.199999809265137,5.699999809265137,5.150000095367432,5.550000190734863,5.550000190734863,56978432
2018-12-04,5.5,5.699999809265137,5.400000095367432,5.449999809265137,5.449999809265137,25220840
2018-12-05,5.449999809265137,5.449999809265137,5.199999809265137,5.25,5.25,23221901
2018-12-06,5.199999809265137,5.25,5.099999904632568,5.199999809265137,5.199999809265137,17241487
2018-12-07,5.199999809265137,5.300000190734863,5.0,5.150000095367432,5.150000095367432,22352795
2018-12-10,5.099999904632568,5.199999809265137,5.0,5.099999904632568,5.099999904632568,14738118
2018-12-11,5.050000190734863,5.400000095367432,5.0,5.300000190734863,5.300000190734863,20414440
2018-12-12,5.25,5.349999904632568,5.199999809265137,5.300000190734863,5.300000190734863,14835886
2018-12-13,5.349999904632568,5.400000095367432,5.199999809265137,5.25,5.25,21255099
2018-12-14,5.300000190734863,5.400000095367432,5.25,5.300000190734863,5.300000190734863,20891407
2018-12-17,5.300000190734863,5.400000095367432,5.25,5.300000190734863,5.300000190734863,11774554
2018-12-18,5.300000190734863,5.5,5.25,5.349999904632568,5.349999904632568,17508132
2018-12-19,5.349999904632568,5.5,5.349999904632568,5.449999809265137,5.449999809265137,26541602
2018-12-20,5.400000095367432,5.550000190734863,5.349999904632568,5.5,5.5,29154873
2018-12-21,5.449999809265137,5.650000095367432,5.449999809265137,5.5,5.5,24299900
2018-12-24,5.5,5.550000190734863,5.449999809265137,5.5,5.5,17164683
2018-12-26,5.5,5.550000190734863,5.25,5.449999809265137,5.449999809265137,20696414
2018-12-27,5.5,5.5,5.400000095367432,5.449999809265137,5.449999809265137,23710659
2018-12-28,5.449999809265137,5.5,5.400000095367432,5.449999809265137,5.449999809265137,10142569
2018-12-31,5.400000095367432,5.449999809265137,5.400000095367432,5.400000095367432,5.400000095367432,6991627
2019-01-01,5.449999809265137,5.5,5.349999904632568,5.449999809265137,5.449999809265137,9806032
2019-01-02,5.449999809265137,5.449999809265137,5.300000190734863,5.349999904632568,5.349999904632568,13545713
2019-01-03,5.400000095367432,5.400000095367432,5.300000190734863,5.300000190734863,5.300000190734863,9656839
2019-01-04,5.349999904632568,5.5,5.150000095367432,5.449999809265137,5.449999809265137,34650602
2019-01-07,5.5,5.550000190734863,5.300000190734863,5.349999904632568,5.349999904632568,23677578
2019-01-08,5.349999904632568,5.400000095367432,5.300000190734863,5.349999904632568,5.349999904632568,13516880
2019-01-09,5.400000095367432,5.400000095367432,5.199999809265137,5.349999904632568,5.349999904632568,15578959
2019-01-10,5.349999904632568,5.5,5.300000190734863,5.449999809265137,5.449999809265137,16730278
2019-01-11,5.449999809265137,5.449999809265137,5.300000190734863,5.349999904632568,5.349999904632568,16471318
2019-01-14,5.349999904632568,5.349999904632568,5.25,5.300000190734863,5.300000190734863,13049474
2019-01-15,5.300000190734863,5.400000095367432,5.199999809265137,5.300000190734863,5.300000190734863,14019108
2019-01-16,5.300000190734863,5.400000095367432,5.25,5.300000190734863,5.300000190734863,17125160
2019-01-17,5.349999904632568,5.349999904632568,5.25,5.300000190734863,5.300000190734863,19148504
2019-01-18,5.300000190734863,5.349999904632568,5.199999809265137,5.25,5.25,17363199
2019-01-21,5.25,5.300000190734863,5.199999809265137,5.25,5.25,13015541
2019-01-22,5.25,5.25,5.150000095367432,5.199999809265137,5.199999809265137,17568765
2019-01-23,5.199999809265137,5.25,5.099999904632568,5.150000095367432,5.150000095367432,11668259
2019-01-24,5.150000095367432,5.199999809265137,5.099999904632568,5.150000095367432,5.150000095367432,6256463
2019-01-25,5.150000095367432,5.199999809265137,5.0,5.050000190734863,5.050000190734863,12922568
2019-01-28,5.099999904632568,5.099999904632568,4.800000190734863,4.949999809265137,4.949999809265137,22110865
2019-01-29,4.949999809265137,5.0,4.900000095367432,4.949999809265137,4.949999809265137,6796335
2019-01-30,4.949999809265137,5.050000190734863,4.900000095367432,5.0,5.0,13420926
2019-01-31,5.0,5.0,4.550000190734863,4.699999809265137,4.699999809265137,42599703
2019-02-01,4.800000190734863,5.050000190734863,4.75,4.900000095367432,4.900000095367432,34746141
2019-02-04,4.900000095367432,4.900000095367432,4.650000095367432,4.75,4.75,22092957
2019-02-05,4.75,4.75,2.75,3.5999999046325684,3.5999999046325684,184031592
2019-02-06,3.700000047683716,4.050000190734863,3.4000000953674316,3.8499999046325684,3.8499999046325684,69167359
2019-02-07,3.9000000953674316,4.099999904632568,3.8499999046325684,3.950000047683716,3.950000047683716,27799260
2019-02-08,3.9000000953674316,3.9000000953674316,3.5999999046325684,3.700000047683716,3.700000047683716,32899222
2019-02-11,3.799999952316284,3.799999952316284,3.200000047683716,3.450000047683716,3.450000047683716,29913592
2019-02-12,3.450000047683716,3.6500000953674316,3.299999952316284,3.450000047683716,3.450000047683716,29672745
2019-02-14,3.4000000953674316,3.549999952316284,3.25,3.5,3.5,30219473
2019-02-15,3.5,3.5,3.3499999046325684,3.450000047683716,3.450000047683716,19021094
2019-02-18,3.450000047683716,3.5999999046325684,3.3499999046325684,3.450000047683716,3.450000047683716,30809316
2019-02-19,3.450000047683716,3.5999999046325684,3.4000000953674316,3.549999952316284,3.549999952316284,18779498
2019-02-20,3.549999952316284,3.75,3.549999952316284,3.700000047683716,3.700000047683716,13720587
2019-02-21,3.700000047683716,4.599999904632568,3.5999999046325684,4.449999809265137,4.449999809265137,73864633
2019-02-22,4.599999904632568,6.0,4.5,5.75,5.75,200370841
2019-02-25,5.800000190734863,6.050000190734863,5.099999904632568,5.650000095367432,5.650000095367432,194987410
2019-02-26,5.349999904632568,5.650000095367432,5.199999809265137,5.349999904632568,5.349999904632568,73337677
2019-02-27,5.400000095367432,6.099999904632568,5.349999904632568,5.5,5.5,107411843
2019-02-28,5.550000190734863,5.949999809265137,5.550000190734863,5.75,5.75,73738268
2019-03-01,5.800000190734863,6.0,5.75,5.949999809265137,5.949999809265137,47308179
2019-03-05,6.0,7.599999904632568,5.949999809265137,7.449999809265137,7.449999809265137,244785748
2019-03-06,7.699999809265137,8.399999618530273,7.550000190734863,7.900000095367432,7.900000095367432,252786629
2019-03-07,7.900000095367432,7.900000095367432,6.800000190734863,6.900000095367432,6.900000095367432,202605456
2019-03-08,6.900000095367432,7.650000095367432,6.599999904632568,7.300000190734863,7.300000190734863,223909559
2019-03-11,7.349999904632568,7.800000190734863,7.300000190734863,7.400000095367432,7.400000095367432,121971137
2019-03-12,7.449999809265137,7.599999904632568,7.0,7.199999809265137,7.199999809265137,95583518
2019-03-13,7.199999809265137,7.25,6.699999809265137,6.800000190734863,6.800000190734863,94057245
2019-03-14,6.949999809265137,7.199999809265137,6.800000190734863,7.050000190734863,7.050000190734863,100737809
2019-03-15,7.050000190734863,7.099999904632568,6.699999809265137,6.800000190734863,6.800000190734863,58678228
2019-03-18,6.849999904632568,7.25,6.800000190734863,7.050000190734863,7.050000190734863,83071551
2019-03-19,7.199999809265137,7.25,6.900000095367432,7.0,7.0,59062584
2019-03-20,6.949999809265137,7.050000190734863,6.650000095367432,6.900000095367432,6.900000095367432,65113857
2019-03-22,6.900000095367432,7.050000190734863,6.599999904632568,6.699999809265137,6.699999809265137,94744499
2019-03-25,6.599999904632568,6.650000095367432,6.349999904632568,6.449999809265137,6.449999809265137,66138750
2019-03-26,6.5,6.949999809265137,6.400000095367432,6.650000095367432,6.650000095367432,116759228
2019-03-27,6.699999809265137,6.849999904632568,6.599999904632568,6.650000095367432,6.650000095367432,80841567
2019-03-28,6.650000095367432,6.75,6.400000095367432,6.5,6.5,63757781
2019-04-01,6.25,6.449999809265137,6.0,6.199999809265137,6.199999809265137,65780016
2019-04-02,6.199999809265137,7.0,6.099999904632568,6.800000190734863,6.800000190734863,166698464
2019-04-03,6.849999904632568,7.199999809265137,6.449999809265137,6.5,6.5,101907257
2019-04-04,6.5,6.849999904632568,6.199999809265137,6.699999809265137,6.699999809265137,94931087
2019-04-05,6.75,6.800000190734863,6.550000190734863,6.699999809265137,6.699999809265137,27988903
2019-04-08,6.75,6.949999809265137,6.550000190734863,6.650000095367432,6.650000095367432,29894635
2019-04-09,6.699999809265137,6.800000190734863,6.550000190734863,6.699999809265137,6.699999809265137,30706298
2019-04-10,6.75,6.900000095367432,6.650000095367432,6.699999809265137,6.699999809265137,34913965
2019-04-11,6.699999809265137,6.849999904632568,6.5,6.699999809265137,6.699999809265137,37075826
2019-04-12,6.800000190734863,7.449999809265137,6.699999809265137,7.199999809265137,7.199999809265137,79853687
2019-04-15,7.300000190734863,7.949999809265137,7.25,7.349999904632568,7.349999904632568,102485277
2019-04-16,7.449999809265137,7.699999809265137,7.25,7.349999904632568,7.349999904632568,54595890
2019-04-18,7.400000095367432,7.5,7.0,7.099999904632568,7.099999904632568,57947740
2019-04-22,7.0,7.050000190734863,6.699999809265137,6.800000190734863,6.800000190734863,39757472
2019-04-23,6.849999904632568,7.449999809265137,6.5,7.199999809265137,7.199999809265137,74534510
2019-04-24,7.349999904632568,7.5,7.0,7.25,7.25,93457701
2019-04-25,7.050000190734863,7.5,7.0,7.150000095367432,7.150000095367432,82657791
2019-04-26,7.150000095367432,7.449999809265137,6.900000095367432,7.199999809265137,7.199999809265137,55267106
2019-04-30,7.199999809265137,7.300000190734863,6.75,6.849999904632568,6.849999904632568,50560864
2019-05-02,6.849999904632568,6.900000095367432,6.650000095367432,6.75,6.75,29175208
2019-05-03,6.75,6.900000095367432,6.699999809265137,6.75,6.75,18824714
2019-05-06,6.550000190734863,6.75,6.5,6.599999904632568,6.599999904632568,24268490
2019-05-07,6.599999904632568,6.699999809265137,6.25,6.349999904632568,6.349999904632568,41794271
2019-05-08,6.300000190734863,6.300000190734863,5.900000095367432,5.949999809265137,5.949999809265137,35330394
2019-05-09,5.900000095367432,5.900000095367432,5.300000190734863,5.650000095367432,5.650000095367432,72276025
2019-05-10,5.550000190734863,6.5,5.449999809265137,6.400000095367432,6.400000095367432,64347710
2019-05-13,6.400000095367432,6.449999809265137,5.449999809265137,5.599999904632568,5.599999904632568,57902707
2019-05-14,5.550000190734863,5.949999809265137,5.300000190734863,5.699999809265137,5.699999809265137,44908956
2019-05-15,5.849999904632568,5.849999904632568,5.150000095367432,5.25,5.25,55249058
2019-05-16,5.25,5.400000095367432,5.050000190734863,5.25,5.25,40670425
2019-05-17,5.25,5.349999904632568,5.099999904632568,5.25,5.25,21771994
2019-05-20,5.400000095367432,6.0,5.400000095367432,5.849999904632568,5.849999904632568,51633140
2019-05-21,5.949999809265137,6.25,5.449999809265137,5.550000190734863,5.550000190734863,60889892
2019-05-22,5.550000190734863,5.699999809265137,5.349999904632568,5.599999904632568,5.599999904632568,38095157
2019-05-23,5.900000095367432,6.0,5.300000190734863,5.400000095367432,5.400000095367432,60686895
2019-05-24,5.400000095367432,5.849999904632568,5.300000190734863,5.699999809265137,5.699999809265137,50964615
2019-05-27,5.699999809265137,6.0,5.599999904632568,5.75,5.75,50684110
2019-05-28,5.699999809265137,5.75,5.449999809265137,5.550000190734863,5.550000190734863,65691355
2019-05-29,5.550000190734863,5.550000190734863,5.300000190734863,5.400000095367432,5.400000095367432,37469511
2019-05-30,5.400000095367432,5.900000095367432,5.349999904632568,5.75,5.75,86059979
2019-05-31,5.699999809265137,5.75,5.400000095367432,5.449999809265137,5.449999809265137,47375453
2019-06-03,5.449999809265137,5.550000190734863,5.449999809265137,5.5,5.5,20948731
2019-06-04,5.449999809265137,5.699999809265137,5.400000095367432,5.449999809265137,5.449999809265137,32476660
2019-06-06,5.449999809265137,5.650000095367432,5.099999904632568,5.349999904632568,5.349999904632568,49038653
2019-06-07,5.349999904632568,5.449999809265137,5.099999904632568,5.199999809265137,5.199999809265137,29292725
2019-06-10,5.300000190734863,5.349999904632568,3.9000000953674316,4.650000095367432,4.650000095367432,113780378
2019-06-11,4.650000095367432,4.949999809265137,4.099999904632568,4.800000190734863,4.800000190734863,66267875
2019-06-12,4.800000190734863,4.849999904632568,4.400000095367432,4.449999809265137,4.449999809265137,55604428
2019-06-13,4.400000095367432,4.400000095367432,4.150000095367432,4.349999904632568,4.349999904632568,29048688
2019-06-14,4.25,4.349999904632568,4.050000190734863,4.099999904632568,4.099999904632568,29544112
2019-06-17,4.199999809265137,4.25,4.0,4.050000190734863,4.050000190734863,26081674
2019-06-18,4.050000190734863,4.199999809265137,3.450000047683716,3.6500000953674316,3.6500000953674316,62499687
2019-06-19,3.6500000953674316,3.75,3.299999952316284,3.3499999046325684,3.3499999046325684,57733432
2019-06-20,3.3499999046325684,4.199999809265137,3.0,4.099999904632568,4.099999904632568,108568863
2019-06-21,4.199999809265137,4.75,3.950000047683716,4.550000190734863,4.550000190734863,85176570
2019-06-24,4.900000095367432,5.25,4.849999904632568,4.949999809265137,4.949999809265137,89307853
2019-06-25,5.050000190734863,5.300000190734863,4.5,5.199999809265137,5.199999809265137,96131890
2019-06-26,5.199999809265137,5.949999809265137,5.050000190734863,5.900000095367432,5.900000095367432,108712982
2019-06-27,5.900000095367432,6.25,5.199999809265137,5.699999809265137,5.699999809265137,139219662
2019-06-28,5.5,5.650000095367432,5.199999809265137,5.25,5.25,34029257
2019-07-01,5.300000190734863,5.5,5.0,5.099999904632568,5.099999904632568,18635872
2019-07-02,5.099999904632568,5.199999809265137,4.849999904632568,4.949999809265137,4.949999809265137,14090286
2019-07-03,4.949999809265137,5.0,4.75,4.900000095367432,4.900000095367432,9702870
2019-07-04,4.949999809265137,5.25,4.849999904632568,5.050000190734863,5.050000190734863,12732662
2019-07-05,5.099999904632568,5.199999809265137,4.800000190734863,4.849999904632568,4.849999904632568,12931955
2019-07-08,4.849999904632568,4.849999904632568,4.550000190734863,4.550000190734863,4.550000190734863,10601200
2019-07-09,4.550000190734863,4.800000190734863,4.25,4.75,4.75,11166119
2019-07-10,4.800000190734863,5.0,4.699999809265137,4.849999904632568,4.849999904632568,15117127
2019-07-11,4.949999809265137,5.150000095367432,4.849999904632568,5.0,5.0,15129627
2019-07-12,4.900000095367432,5.0,4.900000095367432,4.949999809265137,4.949999809265137,6237656
2019-07-15,5.0,5.0,4.800000190734863,4.800000190734863,4.800000190734863,6192700
2019-07-16,4.699999809265137,4.75,4.449999809265137,4.650000095367432,4.650000095367432,11792235
2019-07-17,4.349999904632568,4.599999904632568,4.25,4.449999809265137,4.449999809265137,13487499
2019-07-18,4.400000095367432,4.449999809265137,4.300000190734863,4.300000190734863,4.300000190734863,6651690
2019-07-19,4.300000190734863,4.5,4.25,4.400000095367432,4.400000095367432,9558756
2019-07-22,4.349999904632568,4.349999904632568,4.150000095367432,4.199999809265137,4.199999809265137,10141249
2019-07-23,4.199999809265137,4.25,4.099999904632568,4.150000095367432,4.150000095367432,7022014
2019-07-24,4.099999904632568,4.150000095367432,3.9000000953674316,3.950000047683716,3.950000047683716,12204814
2019-07-25,3.950000047683716,4.099999904632568,3.75,4.0,4.0,8978821
2019-07-26,4.0,4.800000190734863,3.950000047683716,4.599999904632568,4.599999904632568,36191134
2019-07-29,4.650000095367432,5.0,4.550000190734863,4.849999904632568,4.849999904632568,27395306
2019-07-30,4.800000190734863,4.800000190734863,4.400000095367432,4.449999809265137,4.449999809265137,13435705
2019-07-31,4.449999809265137,4.449999809265137,4.0,4.199999809265137,4.199999809265137,16598866
2019-08-01,4.150000095367432,4.400000095367432,4.050000190734863,4.199999809265137,4.199999809265137,9041020
2019-08-02,4.199999809265137,4.349999904632568,4.099999904632568,4.25,4.25,8210259
2019-08-05,4.199999809265137,4.349999904632568,4.099999904632568,4.199999809265137,4.199999809265137,9193209
2019-08-06,4.150000095367432,4.349999904632568,4.099999904632568,4.25,4.25,8648146
2019-08-07,4.150000095367432,4.150000095367432,3.8499999046325684,3.950000047683716,3.950000047683716,25140113
2019-08-08,3.9000000953674316,4.099999904632568,3.799999952316284,4.0,4.0,10533550
2019-08-09,4.150000095367432,4.550000190734863,4.150000095367432,4.400000095367432,4.400000095367432,20475932
2019-08-13,4.5,4.599999904632568,4.150000095367432,4.25,4.25,10989780
2019-08-14,4.400000095367432,4.400000095367432,4.050000190734863,4.150000095367432,4.150000095367432,11065868
2019-08-16,4.199999809265137,4.5,4.199999809265137,4.400000095367432,4.400000095367432,17006688
2019-08-19,4.400000095367432,4.5,4.199999809265137,4.349999904632568,4.349999904632568,9583685
2019-08-20,4.400000095367432,4.5,4.349999904632568,4.449999809265137,4.449999809265137,8555044
2019-08-21,4.449999809265137,4.449999809265137,4.25,4.300000190734863,4.300000190734863,6647970
2019-08-22,4.25,4.25,4.099999904632568,4.150000095367432,4.150000095367432,9461489
2019-08-23,4.150000095367432,4.25,4.0,4.150000095367432,4.150000095367432,10551044
2019-08-26,4.25,4.300000190734863,4.099999904632568,4.199999809265137,4.199999809265137,5976021
2019-08-27,4.25,4.349999904632568,4.150000095367432,4.199999809265137,4.199999809265137,4444971
2019-08-28,4.25,4.25,4.050000190734863,4.150000095367432,4.150000095367432,6982284
2019-08-29,4.099999904632568,4.099999904632568,3.5999999046325684,3.6500000953674316,3.6500000953674316,39737256
2019-08-30,3.700000047683716,3.8499999046325684,3.6500000953674316,3.700000047683716,3.700000047683716,12292538
2019-09-03,3.75,3.75,3.450000047683716,3.5999999046325684,3.5999999046325684,13005545
2019-09-04,3.6500000953674316,3.6500000953674316,3.450000047683716,3.5,3.5,9221511
2019-09-05,3.549999952316284,3.5999999046325684,3.5,3.549999952316284,3.549999952316284,6419308
2019-09-06,3.549999952316284,3.5999999046325684,3.0999999046325684,3.200000047683716,3.200000047683716,24488020
2019-09-09,3.0999999046325684,3.1500000953674316,2.75,2.799999952316284,2.799999952316284,67221120
2019-09-11,2.799999952316284,3.049999952316284,2.799999952316284,3.0,3.0,41516120
2019-09-12,3.049999952316284,3.200000047683716,3.0,3.1500000953674316,3.1500000953674316,21573179
2019-09-13,3.1500000953674316,3.1500000953674316,3.049999952316284,3.1500000953674316,3.1500000953674316,9951969
2019-09-16,3.0999999046325684,3.1500000953674316,3.0,3.0999999046325684,3.0999999046325684,11221952
2019-09-17,3.0999999046325684,3.1500000953674316,3.0,3.049999952316284,3.049999952316284,13175236
2019-09-18,3.049999952316284,3.0999999046325684,3.0,3.049999952316284,3.049999952316284,6292313
2019-09-19,3.049999952316284,3.049999952316284,2.8499999046325684,2.950000047683716,2.950000047683716,9697951
2019-09-20,3.0,3.0999999046325684,2.9000000953674316,3.049999952316284,3.049999952316284,19961127
2019-09-23,3.1500000953674316,3.4000000953674316,3.0999999046325684,3.0999999046325684,3.0999999046325684,15627018
2019-09-24,3.0999999046325684,3.1500000953674316,2.950000047683716,3.0,3.0,13112002
2019-09-25,3.0,3.0,2.9000000953674316,2.950000047683716,2.950000047683716,8244778
2019-09-26,2.950000047683716,3.0,2.75,2.799999952316284,2.799999952316284,28489501
2019-09-27,2.75,2.75,2.450000047683716,2.5,2.5,47767080
2019-09-30,2.549999952316284,2.549999952316284,2.200000047683716,2.25,2.25,33136923
2019-10-01,2.25,2.4000000953674316,2.049999952316284,2.200000047683716,2.200000047683716,32586604
2019-10-03,2.200000047683716,2.3499999046325684,2.049999952316284,2.299999952316284,2.299999952316284,14334069
2019-10-04,2.3499999046325684,2.5,2.299999952316284,2.450000047683716,2.450000047683716,10127077
2019-10-07,2.5,2.549999952316284,2.450000047683716,2.450000047683716,2.450000047683716,6470438
2019-10-09,2.450000047683716,2.450000047683716,2.25,2.4000000953674316,2.4000000953674316,8205317
2019-10-10,2.4000000953674316,2.4000000953674316,2.299999952316284,2.3499999046325684,2.3499999046325684,5067663
2019-10-11,2.4000000953674316,2.700000047683716,2.4000000953674316,2.6500000953674316,2.6500000953674316,15103702
2019-10-14,2.75,2.9000000953674316,2.6500000953674316,2.700000047683716,2.700000047683716,11118054
2019-10-15,2.75,2.75,2.5,2.5999999046325684,2.5999999046325684,11788090
2019-10-16,2.549999952316284,2.549999952316284,2.4000000953674316,2.450000047683716,2.450000047683716,7796518
2019-10-17,2.5,2.549999952316284,2.4000000953674316,2.5,2.5,7564776
2019-10-18,2.450000047683716,2.5999999046325684,2.4000000953674316,2.549999952316284,2.549999952316284,9484415
2019-10-22,2.549999952316284,2.799999952316284,2.5,2.6500000953674316,2.6500000953674316,18840387
2019-10-23,2.700000047683716,2.8499999046325684,2.5999999046325684,2.700000047683716,2.700000047683716,10456052
2019-10-24,2.75,2.799999952316284,2.549999952316284,2.5999999046325684,2.5999999046325684,8493746
2019-10-25,2.5999999046325684,2.6500000953674316,2.5,2.549999952316284,2.549999952316284,4652931
2019-10-29,2.5999999046325684,2.700000047683716,2.549999952316284,2.6500000953674316,2.6500000953674316,8673477
2019-10-30,2.6500000953674316,2.8499999046325684,2.5999999046325684,2.6500000953674316,2.6500000953674316,15725475
2019-10-31,2.700000047683716,2.75,2.6500000953674316,2.6500000953674316,2.6500000953674316,7377734
2019-11-01,2.700000047683716,2.799999952316284,2.6500000953674316,2.700000047683716,2.700000047683716,10494172
2019-11-04,2.75,3.0,2.700000047683716,2.9000000953674316,2.9000000953674316,22888006
2019-11-05,3.0,3.0,2.799999952316284,2.8499999046325684,2.8499999046325684,16504464
2019-11-06,2.8499999046325684,2.950000047683716,2.799999952316284,2.8499999046325684,2.8499999046325684,9723020
2019-11-07,2.8499999046325684,3.1500000953674316,2.799999952316284,3.0,3.0,27468053
2019-11-08,3.0,3.1500000953674316,2.8499999046325684,2.950000047683716,2.950000047683716,27583866
2019-11-11,2.950000047683716,3.0,2.799999952316284,2.8499999046325684,2.8499999046325684,13334920
2019-11-13,2.8499999046325684,2.9000000953674316,2.700000047683716,2.700000047683716,2.700000047683716,18575195
2019-11-14,2.700000047683716,2.75,2.5,2.549999952316284,2.549999952316284,10976741
2019-11-15,2.450000047683716,2.5,2.299999952316284,2.450000047683716,2.450000047683716,12778230
2019-11-18,2.450000047683716,2.549999952316284,2.4000000953674316,2.450000047683716,2.450000047683716,10415274
2019-11-19,2.450000047683716,2.450000047683716,2.3499999046325684,2.4000000953674316,2.4000000953674316,10201866
2019-11-20,2.3499999046325684,2.450000047683716,2.3499999046325684,2.4000000953674316,2.4000000953674316,14389003
2019-11-21,2.4000000953674316,2.450000047683716,2.3499999046325684,2.4000000953674316,2.4000000953674316,9263240
2019-11-22,2.450000047683716,2.450000047683716,2.3499999046325684,2.3499999046325684,2.3499999046325684,8908427
2019-11-25,2.4000000953674316,2.4000000953674316,2.299999952316284,2.4000000953674316,2.4000000953674316,4730338
2019-11-26,2.4000000953674316,2.450000047683716,2.25,2.299999952316284,2.299999952316284,30175912
2019-11-27,2.299999952316284,2.299999952316284,2.200000047683716,2.25,2.25,11606560
2019-11-28,2.25,2.299999952316284,2.200000047683716,2.299999952316284,2.299999952316284,11406956
2019-11-29,2.299999952316284,2.3499999046325684,2.25,2.299999952316284,2.299999952316284,9477138
2019-12-02,2.299999952316284,2.3499999046325684,2.299999952316284,2.3499999046325684,2.3499999046325684,6053855
2019-12-03,2.3499999046325684,2.3499999046325684,2.200000047683716,2.299999952316284,2.299999952316284,11241564
2019-12-04,2.299999952316284,2.299999952316284,2.25,2.25,2.25,7370187
2019-12-05,2.299999952316284,2.299999952316284,2.1500000953674316,2.25,2.25,14353359
2019-12-06,2.299999952316284,2.450000047683716,2.200000047683716,2.200000047683716,2.200000047683716,18275139
2019-12-09,2.200000047683716,2.25,2.1500000953674316,2.200000047683716,2.200000047683716,9441874
2019-12-10,2.25,2.25,2.049999952316284,2.1500000953674316,2.1500000953674316,14182375
2019-12-11,2.1500000953674316,2.200000047683716,2.049999952316284,2.0999999046325684,2.0999999046325684,7892081
2019-12-12,2.0999999046325684,2.0999999046325684,1.9500000476837158,2.0999999046325684,2.0999999046325684,11035822
2019-12-13,2.0999999046325684,2.1500000953674316,2.049999952316284,2.0999999046325684,2.0999999046325684,16727436
2019-12-16,2.049999952316284,2.0999999046325684,2.0,2.0,2.0,9198608
2019-12-17,1.9500000476837158,2.049999952316284,1.899999976158142,2.0,2.0,24966605
2019-12-18,2.0,2.049999952316284,1.9500000476837158,2.0,2.0,10690482
2019-12-19,1.9500000476837158,2.049999952316284,1.9500000476837158,2.0,2.0,8151052
2019-12-20,2.0,2.049999952316284,2.0,2.0,2.0,8069402
2019-12-23,2.0,2.049999952316284,2.0,2.049999952316284,2.049999952316284,4836974
2019-12-24,2.049999952316284,2.049999952316284,2.0,2.0,2.0,4121032
2019-12-26,2.0,2.049999952316284,2.0,2.0,2.0,4935157
2019-12-27,2.0,2.049999952316284,1.9500000476837158,1.9500000476837158,1.9500000476837158,7058967
2019-12-30,1.9500000476837158,1.9500000476837158,1.7999999523162842,1.899999976158142,1.899999976158142,23351425
2019-12-31,1.899999976158142,1.899999976158142,1.7999999523162842,1.850000023841858,1.850000023841858,15489670
2020-01-01,1.850000023841858,1.9500000476837158,1.850000023841858,1.899999976158142,1.899999976158142,7139975
2020-01-02,1.899999976158142,2.25,1.899999976158142,2.25,2.25,26216027
2020-01-03,2.700000047683716,2.700000047683716,2.5,2.700000047683716,2.700000047683716,122330220
2020-01-06,2.950000047683716,3.200000047683716,2.700000047683716,3.200000047683716,3.200000047683716,142375811
2020-01-07,3.450000047683716,3.5,3.450000047683716,3.5,3.5,10855264
2020-01-08,3.450000047683716,3.450000047683716,3.1500000953674316,3.1500000953674316,3.1500000953674316,48530182
2020-01-09,2.8499999046325684,2.8499999046325684,2.8499999046325684,2.8499999046325684,2.8499999046325684,4490139
2020-01-10,2.6500000953674316,2.75,2.5999999046325684,2.5999999046325684,2.5999999046325684,40774989
2020-01-13,2.450000047683716,2.6500000953674316,2.3499999046325684,2.5,2.5,35113574
2020-01-14,2.5,2.5,2.4000000953674316,2.4000000953674316,2.4000000953674316,8805197
2020-01-15,2.4000000953674316,2.5,2.299999952316284,2.5,2.5,32502503
2020-01-16,2.549999952316284,2.5999999046325684,2.5,2.5999999046325684,2.5999999046325684,11340107
2020-01-17,2.6500000953674316,2.700000047683716,2.5,2.5,2.5,19789371
2020-01-20,2.450000047683716,2.5,2.4000000953674316,2.450000047683716,2.450000047683716,9522493
2020-01-21,2.4000000953674316,2.549999952316284,2.4000000953674316,2.549999952316284,2.549999952316284,8778196
2020-01-22,2.549999952316284,2.5999999046325684,2.450000047683716,2.549999952316284,2.549999952316284,7564173
2020-01-23,2.549999952316284,2.5999999046325684,2.5,2.5,2.5,3483150
2020-01-24,2.549999952316284,2.549999952316284,2.450000047683716,2.5,2.5,9090135
2020-01-27,2.5,2.5,2.4000000953674316,2.4000000953674316,2.4000000953674316,7567943
2020-01-28,2.450000047683716,2.450000047683716,2.3499999046325684,2.4000000953674316,2.4000000953674316,4727864
2020-01-29,2.4000000953674316,2.5,2.4000000953674316,2.450000047683716,2.450000047683716,7542867
2020-01-30,2.5,2.5,2.4000000953674316,2.4000000953674316,2.4000000953674316,5484824
2020-01-31,2.450000047683716,2.450000047683716,2.3499999046325684,2.4000000953674316,2.4000000953674316,5111856
2020-02-03,2.5,2.5,2.4000000953674316,2.4000000953674316,2.4000000953674316,6310492
2020-02-04,2.450000047683716,2.450000047683716,2.299999952316284,2.299999952316284,2.299999952316284,8862086
2020-02-05,2.299999952316284,2.299999952316284,2.200000047683716,2.200000047683716,2.200000047683716,9278086
2020-02-06,2.200000047683716,2.299999952316284,2.1500000953674316,2.25,2.25,9585496
2020-02-07,2.25,2.3499999046325684,2.25,2.25,2.25,4747545
2020-02-10,2.25,2.450000047683716,2.25,2.450000047683716,2.450000047683716,11393276
2020-02-11,2.549999952316284,2.6500000953674316,2.5,2.6500000953674316,2.6500000953674316,7748047
2020-02-12,2.9000000953674316,2.9000000953674316,2.4000000953674316,2.4000000953674316,2.4000000953674316,53179695
2020-02-13,2.299999952316284,2.3499999046325684,2.200000047683716,2.299999952316284,2.299999952316284,18452130
2020-02-14,2.3499999046325684,2.5,2.25,2.299999952316284,2.299999952316284,10651017
2020-02-17,2.4000000953674316,2.4000000953674316,2.25,2.299999952316284,2.299999952316284,7360424
2020-02-18,2.299999952316284,2.299999952316284,2.200000047683716,2.25,2.25,8833504
2020-02-19,2.299999952316284,2.3499999046325684,2.200000047683716,2.25,2.25,7438068
2020-02-20,2.450000047683716,2.450000047683716,2.450000047683716,2.450000047683716,2.450000047683716,5000288
2020-02-24,2.6500000953674316,2.6500000953674316,2.549999952316284,2.6500000953674316,2.6500000953674316,18793348
2020-02-25,2.9000000953674316,2.9000000953674316,2.450000047683716,2.8499999046325684,2.8499999046325684,82503219
2020-02-26,2.9000000953674316,3.0,2.700000047683716,2.799999952316284,2.799999952316284,22030147
2020-02-27,2.799999952316284,2.8499999046325684,2.6500000953674316,2.799999952316284,2.799999952316284,13145960
2020-02-28,2.700000047683716,2.799999952316284,2.549999952316284,2.700000047683716,2.700000047683716,19788045
2020-03-02,2.950000047683716,2.950000047683716,2.799999952316284,2.8499999046325684,2.8499999046325684,20892304
2020-03-03,2.9000000953674316,2.9000000953674316,2.700000047683716,2.75,2.75,10186884
2020-03-04,2.799999952316284,2.799999952316284,2.5,2.549999952316284,2.549999952316284,13261173
2020-03-05,2.549999952316284,2.549999952316284,2.3499999046325684,2.5,2.5,14368672
2020-03-06,2.4000000953674316,2.450000047683716,2.3499999046325684,2.4000000953674316,2.4000000953674316,9482371
2020-03-09,2.3499999046325684,2.3499999046325684,2.200000047683716,2.200000047683716,2.200000047683716,23556720
2020-03-11,2.200000047683716,2.299999952316284,2.200000047683716,2.299999952316284,2.299999952316284,15845553
2020-03-12,2.25,2.25,2.200000047683716,2.200000047683716,2.200000047683716,6034746
2020-03-13,2.0999999046325684,2.1500000953674316,2.0999999046325684,2.0999999046325684,2.0999999046325684,19577030
2020-03-16,2.0999999046325684,2.1500000953674316,2.0,2.0,2.0,15704198
2020-03-17,2.049999952316284,2.0999999046325684,2.0,2.049999952316284,2.049999952316284,14349098
2020-03-18,2.049999952316284,2.0999999046325684,1.9500000476837158,2.0,2.0,19912416
2020-03-19,1.9500000476837158,1.9500000476837158,1.899999976158142,1.899999976158142,1.899999976158142,14472244
2020-03-20,1.9500000476837158,1.9500000476837158,1.850000023841858,1.899999976158142,1.899999976158142,14340059
2020-03-23,1.850000023841858,1.899999976158142,1.850000023841858,1.850000023841858,1.850000023841858,13710748
2020-03-24,1.850000023841858,1.899999976158142,1.7999999523162842,1.7999999523162842,1.7999999523162842,8617150
2020-03-25,1.75,1.7999999523162842,1.75,1.75,1.75,5361216
2020-03-26,1.7000000476837158,1.7999999523162842,1.7000000476837158,1.7999999523162842,1.7999999523162842,14056247
2020-03-27,1.850000023841858,1.850000023841858,1.7999999523162842,1.850000023841858,1.850000023841858,4100389
2020-03-30,1.850000023841858,1.899999976158142,1.850000023841858,1.899999976158142,1.899999976158142,9664193
2020-03-31,1.9500000476837158,1.9500000476837158,1.9500000476837158,1.9500000476837158,1.9500000476837158,2097721
2020-04-01,2.0,2.0,2.0,2.0,2.0,1573522
2020-04-03,2.0999999046325684,2.0999999046325684,2.0999999046325684,2.0999999046325684,2.0999999046325684,2977651
2020-04-07,2.200000047683716,2.200000047683716,2.200000047683716,2.200000047683716,2.200000047683716,3564898
2020-04-08,2.299999952316284,2.299999952316284,2.299999952316284,2.299999952316284,2.299999952316284,1243218
2020-04-09,2.4000000953674316,2.4000000953674316,2.4000000953674316,2.4000000953674316,2.4000000953674316,1315915
2020-04-13,2.5,2.5,2.5,2.5,2.5,2833993
2020-04-15,2.5999999046325684,2.5999999046325684,2.5999999046325684,2.5999999046325684,2.5999999046325684,1867206
2020-04-16,2.700000047683716,2.700000047683716,2.700000047683716,2.700000047683716,2.700000047683716,1826693
2020-04-17,2.799999952316284,2.799999952316284,2.799999952316284,2.799999952316284,2.799999952316284,2826311
2020-04-20,2.9000000953674316,2.9000000953674316,2.9000000953674316,2.9000000953674316,2.9000000953674316,2955298
2020-04-21,3.0,3.0,3.0,3.0,3.0,4166120
2020-04-22,3.1500000953674316,3.1500000953674316,2.8499999046325684,2.8499999046325684,2.8499999046325684,64419314
2020-04-23,2.75,2.799999952316284,2.75,2.75,2.75,11959519
2020-04-24,2.6500000953674316,2.6500000953674316,2.6500000953674316,2.6500000953674316,2.6500000953674316,3137471
2020-04-27,2.5999999046325684,2.700000047683716,2.549999952316284,2.6500000953674316,2.6500000953674316,36388284
2020-04-28,2.700000047683716,2.75,2.5999999046325684,2.700000047683716,2.700000047683716,9823144
2020-04-29,2.75,2.75,2.5999999046325684,2.6500000953674316,2.6500000953674316,8469963
2020-04-30,2.700000047683716,2.700000047683716,2.5999999046325684,2.5999999046325684,2.5999999046325684,12697078
2020-05-04,2.549999952316284,2.5999999046325684,2.5,2.5,2.5,8917716
2020-05-05,2.549999952316284,2.549999952316284,2.450000047683716,2.450000047683716,2.450000047683716,5304003
2020-05-06,2.450000047683716,2.5,2.3499999046325684,2.3499999046325684,2.3499999046325684,9542175
2020-05-07,2.3499999046325684,2.450000047683716,2.299999952316284,2.450000047683716,2.450000047683716,7140587
2020-05-08,2.549999952316284,2.549999952316284,2.549999952316284,2.549999952316284,2.549999952316284,1924408
2020-05-11,2.6500000953674316,2.6500000953674316,2.450000047683716,2.5999999046325684,2.5999999046325684,22506648
2020-05-12,2.5999999046325684,2.6500000953674316,2.5,2.549999952316284,2.549999952316284,5248114
2020-05-13,2.5999999046325684,2.5999999046325684,2.549999952316284,2.5999999046325684,2.5999999046325684,5240820
2020-05-14,2.5999999046325684,2.6500000953674316,2.549999952316284,2.6500000953674316,2.6500000953674316,6085409
2020-05-15,2.6500000953674316,2.6500000953674316,2.549999952316284,2.5999999046325684,2.5999999046325684,7371225
2020-05-18,2.5999999046325684,2.6500000953674316,2.5,2.5,2.5,5895293
2020-05-19,2.549999952316284,2.5999999046325684,2.5,2.5999999046325684,2.5999999046325684,14327434
2020-05-20,2.6500000953674316,2.700000047683716,2.6500000953674316,2.700000047683716,2.700000047683716,4697009
2020-05-21,2.799999952316284,2.799999952316284,2.799999952316284,2.799999952316284,2.799999952316284,2064800
2020-05-22,2.9000000953674316,2.9000000953674316,2.700000047683716,2.75,2.75,37159274
2020-05-26,2.75,2.799999952316284,2.6500000953674316,2.700000047683716,2.700000047683716,7794207
2020-05-27,2.75,2.799999952316284,2.700000047683716,2.799999952316284,2.799999952316284,6868304
2020-05-28,2.799999952316284,2.9000000953674316,2.799999952316284,2.799999952316284,2.799999952316284,7874130
2020-05-29,2.8499999046325684,2.8499999046325684,2.75,2.799999952316284,2.799999952316284,9583011
2020-06-01,2.8499999046325684,2.9000000953674316,2.8499999046325684,2.9000000953674316,2.9000000953674316,8032699
2020-06-02,2.950000047683716,3.0,2.9000000953674316,3.0,3.0,15419723
2020-06-03,3.0999999046325684,3.1500000953674316,3.049999952316284,3.1500000953674316,3.1500000953674316,26429114
2020-06-04,3.299999952316284,3.299999952316284,3.200000047683716,3.299999952316284,3.299999952316284,19581528
2020-06-05,3.549999952316284,3.5999999046325684,3.5,3.5999999046325684,3.5999999046325684,19670851
